cfcontrolregion cfjetscontrolregion fourleptoncontrolregion npcontrolregion_dilepton_ee npcontrolregion_dilepton_em npcontrolregion_dilepton_inclusive npcontrolregion_dilepton_me npcontrolregion_dilepton_mm nplownjetscontrolregion_dilepton_inclusive signalregion_dilepton_ee signalregion_dilepton_em signalregion_dilepton_inclusive signalregion_dilepton_me signalregion_dilepton_minus signalregion_dilepton_mm signalregion_dilepton_plus signalregion_trilepton trileptoncontrolregion wzcontrolregion zgcontrolregion zzcontrolregion 
central down_cferr1 down_cferr2 down_hf down_hfstats1 down_hfstats2 down_jes down_jesAbsolute down_jesAbsolute_2017 down_jesBBEC1 down_jesBBEC1_2017 down_jesEC2 down_jesEC2_2017 down_jesFlavorQCD down_jesHF down_jesHF_2017 down_jesRelativeBal down_jesRelativeSample_2017 down_lf down_lfstats1 down_lfstats2 up_cferr1 up_cferr2 up_hf up_hfstats1 up_hfstats2 up_jes up_jesAbsolute up_jesAbsolute_2017 up_jesBBEC1 up_jesBBEC1_2017 up_jesEC2 up_jesEC2_2017 up_jesFlavorQCD up_jesHF up_jesHF_2017 up_jesRelativeBal up_jesRelativeSample_2017 up_lf up_lfstats1 up_lfstats2 
cfcontrolregion central 0 1.000000 1 0.998628 2 1.034042 3 1.092078 4 1.111980 5 1.122453 6 1.249556 7 1.643289 8 1.069953 
cfcontrolregion down_cferr1 0 1.000000 1 0.968143 2 1.000393 3 0.986132 4 0.972471 5 0.909560 6 0.997914 7 1.514971 8 0.995182 
cfcontrolregion down_cferr2 0 1.000000 1 0.987217 2 1.022323 3 1.047815 4 1.051628 5 1.029615 6 1.138723 7 1.595368 8 1.038920 
cfcontrolregion down_hf 0 1.000000 1 0.992379 2 1.041107 3 1.109511 4 1.138479 5 1.171415 6 1.320958 7 1.961608 8 1.148764 
cfcontrolregion down_hfstats1 0 1.000000 1 0.994178 2 1.024062 3 1.074541 4 1.096816 5 1.109407 6 1.217065 7 1.579344 8 1.063604 
cfcontrolregion down_hfstats2 0 1.000000 1 1.001935 2 1.039804 3 1.099284 4 1.119998 5 1.136952 6 1.261726 7 1.678136 8 1.072554 
cfcontrolregion down_jes 0 1.000000 1 1.018651 2 1.059463 3 1.100157 4 1.153305 5 1.200684 6 1.354165 7 0.931924 8 1.048789 
cfcontrolregion down_jesAbsolute 0 1.000000 1 0.904083 2 0.790557 3 0.626584 4 0.595230 5 0.377988 6 0.380980 7 1.030243 8 0.665009 
cfcontrolregion down_jesAbsolute_2017 0 1.000000 1 0.903257 2 0.803793 3 0.618782 4 0.595428 5 0.346756 6 0.392249 7 1.042272 8 0.692945 
cfcontrolregion down_jesBBEC1 0 1.000000 1 0.904454 2 0.812197 3 0.614037 4 0.577820 5 0.379278 6 0.381153 7 1.047783 8 0.691517 
cfcontrolregion down_jesBBEC1_2017 0 1.000000 1 0.903109 2 0.794087 3 0.624432 4 0.602263 5 0.322165 6 0.393171 7 1.037468 8 0.692983 
cfcontrolregion down_jesEC2 0 1.000000 1 0.881245 2 0.803602 3 0.623173 4 0.603665 5 0.322859 6 0.392970 7 1.033773 8 0.693295 
cfcontrolregion down_jesEC2_2017 0 1.000000 1 0.881047 2 0.803811 3 0.623304 4 0.604013 5 0.322550 6 0.392458 7 1.030117 8 0.692567 
cfcontrolregion down_jesFlavorQCD 0 1.000000 1 1.015941 2 1.047824 3 1.094613 4 1.146965 5 1.153830 6 1.258904 7 1.691495 8 1.045344 
cfcontrolregion down_jesHF 0 1.000000 1 0.881072 2 0.802944 3 0.621787 4 0.601129 5 0.321961 6 0.391473 7 1.023530 8 0.688840 
cfcontrolregion down_jesHF_2017 0 1.000000 1 0.881035 2 0.803312 3 0.621672 4 0.601295 5 0.321615 6 0.391901 7 1.015851 8 0.688490 
cfcontrolregion down_jesRelativeBal 0 1.000000 1 1.014175 2 1.028296 3 1.093054 4 1.112867 5 1.121379 6 1.246868 7 1.655194 8 1.075286 
cfcontrolregion down_jesRelativeSample_2017 0 1.000000 1 0.881325 2 0.802526 3 0.623503 4 0.600967 5 0.321024 6 0.392145 7 1.024628 8 0.693633 
cfcontrolregion down_lf 0 1.000000 1 1.019864 2 1.091885 3 1.191984 4 1.197401 5 1.203282 6 1.458963 7 1.945202 8 1.078812 
cfcontrolregion down_lfstats1 0 1.000000 1 1.012911 2 1.067032 3 1.147368 4 1.191581 5 1.221869 6 1.387418 7 1.898908 8 1.286198 
cfcontrolregion down_lfstats2 0 1.000000 1 1.009507 2 1.061904 3 1.138192 4 1.177455 5 1.205640 6 1.364606 7 1.849989 8 1.241776 
cfcontrolregion up_cferr1 0 1.000000 1 1.038278 2 1.087944 3 1.232031 4 1.299785 5 1.388284 6 1.613364 7 1.832413 8 1.180589 
cfcontrolregion up_cferr2 0 1.000000 1 1.020080 2 1.066866 3 1.174371 4 1.223421 5 1.277277 6 1.455699 7 1.755485 8 1.137856 
cfcontrolregion up_hf 0 1.000000 1 1.001559 2 1.020001 3 1.066958 4 1.075930 5 1.066058 6 1.163879 7 1.318242 8 0.972272 
cfcontrolregion up_hfstats1 0 1.000000 1 1.003089 2 1.044587 3 1.111741 4 1.128806 5 1.136638 6 1.286360 7 1.710618 8 1.074285 
cfcontrolregion up_hfstats2 0 1.000000 1 0.995417 2 1.029001 3 1.086954 4 1.105775 5 1.109659 6 1.241574 7 1.613535 8 1.065555 
cfcontrolregion up_jes 0 1.000000 1 0.998951 2 1.024799 3 1.071896 4 1.080357 5 1.093411 6 1.220035 7 1.534932 8 1.083557 
cfcontrolregion up_jesAbsolute 0 1.000000 1 0.881195 2 0.791054 3 0.632524 4 0.582168 5 0.318138 6 0.387650 7 0.973724 8 0.693394 
cfcontrolregion up_jesAbsolute_2017 0 1.000000 1 0.881613 2 0.802059 3 0.613858 4 0.611649 5 0.320741 6 0.392117 7 0.997461 8 0.688278 
cfcontrolregion up_jesBBEC1 0 1.000000 1 0.880992 2 0.792593 3 0.628732 4 0.594667 5 0.317723 6 0.390948 7 0.986672 8 0.692848 
cfcontrolregion up_jesBBEC1_2017 0 1.000000 1 0.881188 2 0.802315 3 0.621852 4 0.599576 5 0.320720 6 0.391485 7 0.998415 8 0.686305 
cfcontrolregion up_jesEC2 0 1.000000 1 0.880858 2 0.804227 3 0.620600 4 0.599148 5 0.320138 6 0.391832 7 0.994232 8 0.686996 
cfcontrolregion up_jesEC2_2017 0 1.000000 1 0.881033 2 0.803578 3 0.620754 4 0.599934 5 0.320025 6 0.392096 7 0.988085 8 0.685590 
cfcontrolregion up_jesFlavorQCD 0 1.000000 1 0.998807 2 1.030322 3 1.079180 4 1.091611 5 1.105291 6 1.220360 7 1.608209 8 1.083677 
cfcontrolregion up_jesHF 0 1.000000 1 0.881144 2 0.803491 3 0.621960 4 0.600983 5 0.321613 6 0.391595 7 1.017265 8 0.690401 
cfcontrolregion up_jesHF_2017 0 1.000000 1 0.881081 2 0.803258 3 0.621632 4 0.601112 5 0.321566 6 0.391435 7 1.017415 8 0.689132 
cfcontrolregion up_jesRelativeBal 0 1.000000 1 0.998798 2 1.034132 3 1.094009 4 1.113811 5 1.121789 6 1.253008 7 1.654096 8 1.080284 
cfcontrolregion up_jesRelativeSample_2017 0 1.000000 1 0.903001 2 0.793947 3 0.616082 4 0.589330 5 0.374405 6 0.394123 7 0.994622 8 0.686397 
cfcontrolregion up_lf 0 1.000000 1 0.972731 2 0.975156 3 0.995216 4 1.024856 5 1.037650 6 1.065569 7 1.367551 8 1.027620 
cfcontrolregion up_lfstats1 0 1.000000 1 0.984767 2 1.002533 3 1.040467 4 1.038628 5 1.031289 6 1.126617 7 1.422973 8 0.888778 
cfcontrolregion up_lfstats2 0 1.000000 1 0.988041 2 1.007476 3 1.049178 4 1.051312 5 1.044914 6 1.146255 7 1.461149 8 0.919802 
cfjetscontrolregion central 0 1.000000 3 1.092078 4 1.111980 5 1.122453 6 1.249556 7 1.643289 8 1.069953 
cfjetscontrolregion down_cferr1 0 1.000000 3 0.986132 4 0.972471 5 0.909560 6 0.997914 7 1.514971 8 0.995182 
cfjetscontrolregion down_cferr2 0 1.000000 3 1.047815 4 1.051628 5 1.029615 6 1.138723 7 1.595368 8 1.038920 
cfjetscontrolregion down_hf 0 1.000000 3 1.109511 4 1.138479 5 1.171415 6 1.320958 7 1.961608 8 1.148764 
cfjetscontrolregion down_hfstats1 0 1.000000 3 1.074541 4 1.096816 5 1.109407 6 1.217065 7 1.579344 8 1.063604 
cfjetscontrolregion down_hfstats2 0 1.000000 3 1.099284 4 1.119998 5 1.136952 6 1.261726 7 1.678136 8 1.072554 
cfjetscontrolregion down_jes 0 1.000000 2 1.205854 3 1.100157 4 1.153305 5 1.200684 6 1.354165 7 0.931924 8 1.048789 
cfjetscontrolregion down_jesAbsolute 0 1.000000 2 0.598455 3 0.626584 4 0.595230 5 0.377988 6 0.380980 7 1.030243 8 0.665009 
cfjetscontrolregion down_jesAbsolute_2017 0 1.000000 2 1.171432 3 0.618782 4 0.595428 5 0.346756 6 0.392249 7 1.042272 8 0.692945 
cfjetscontrolregion down_jesBBEC1 0 1.000000 2 1.150237 3 0.614037 4 0.577820 5 0.379278 6 0.381153 7 1.047783 8 0.691517 
cfjetscontrolregion down_jesBBEC1_2017 0 1.000000 3 0.624432 4 0.602263 5 0.322165 6 0.393171 7 1.037468 8 0.692983 
cfjetscontrolregion down_jesEC2 0 1.000000 3 0.623173 4 0.603665 5 0.322859 6 0.392970 7 1.033773 8 0.693295 
cfjetscontrolregion down_jesEC2_2017 0 1.000000 3 0.623304 4 0.604013 5 0.322550 6 0.392458 7 1.030117 8 0.692567 
cfjetscontrolregion down_jesFlavorQCD 0 1.000000 2 1.202652 3 1.094613 4 1.146965 5 1.153830 6 1.258904 7 1.691495 8 1.045344 
cfjetscontrolregion down_jesHF 0 1.000000 3 0.621787 4 0.601129 5 0.321961 6 0.391473 7 1.023530 8 0.688840 
cfjetscontrolregion down_jesHF_2017 0 1.000000 3 0.621672 4 0.601295 5 0.321615 6 0.391901 7 1.015851 8 0.688490 
cfjetscontrolregion down_jesRelativeBal 0 1.000000 3 1.093054 4 1.112867 5 1.121379 6 1.246868 7 1.655194 8 1.075286 
cfjetscontrolregion down_jesRelativeSample_2017 0 1.000000 3 0.623503 4 0.600967 5 0.321024 6 0.392145 7 1.024628 8 0.693633 
cfjetscontrolregion down_lf 0 1.000000 3 1.191984 4 1.197401 5 1.203282 6 1.458963 7 1.945202 8 1.078812 
cfjetscontrolregion down_lfstats1 0 1.000000 3 1.147368 4 1.191581 5 1.221869 6 1.387418 7 1.898908 8 1.286198 
cfjetscontrolregion down_lfstats2 0 1.000000 3 1.138192 4 1.177455 5 1.205640 6 1.364606 7 1.849989 8 1.241776 
cfjetscontrolregion up_cferr1 0 1.000000 3 1.232031 4 1.299785 5 1.388284 6 1.613364 7 1.832413 8 1.180589 
cfjetscontrolregion up_cferr2 0 1.000000 3 1.174371 4 1.223421 5 1.277277 6 1.455699 7 1.755485 8 1.137856 
cfjetscontrolregion up_hf 0 1.000000 3 1.066958 4 1.075930 5 1.066058 6 1.163879 7 1.318242 8 0.972272 
cfjetscontrolregion up_hfstats1 0 1.000000 3 1.111741 4 1.128806 5 1.136638 6 1.286360 7 1.710618 8 1.074285 
cfjetscontrolregion up_hfstats2 0 1.000000 3 1.086954 4 1.105775 5 1.109659 6 1.241574 7 1.613535 8 1.065555 
cfjetscontrolregion up_jes 0 1.000000 3 1.071347 4 1.080357 5 1.093411 6 1.220035 7 1.534932 8 1.083557 
cfjetscontrolregion up_jesAbsolute 0 1.000000 3 0.626660 4 0.582168 5 0.318138 6 0.387650 7 0.973724 8 0.693394 
cfjetscontrolregion up_jesAbsolute_2017 0 1.000000 3 0.613858 4 0.611649 5 0.320741 6 0.392117 7 0.997461 8 0.688278 
cfjetscontrolregion up_jesBBEC1 0 1.000000 3 0.619458 4 0.594667 5 0.317723 6 0.390948 7 0.986672 8 0.692848 
cfjetscontrolregion up_jesBBEC1_2017 0 1.000000 3 0.621852 4 0.599576 5 0.320720 6 0.391485 7 0.998415 8 0.686305 
cfjetscontrolregion up_jesEC2 0 1.000000 3 0.620600 4 0.599148 5 0.320138 6 0.391832 7 0.994232 8 0.686996 
cfjetscontrolregion up_jesEC2_2017 0 1.000000 3 0.620754 4 0.599934 5 0.320025 6 0.392096 7 0.988085 8 0.685590 
cfjetscontrolregion up_jesFlavorQCD 0 1.000000 3 1.081201 4 1.091611 5 1.105291 6 1.220360 7 1.608209 8 1.083677 
cfjetscontrolregion up_jesHF 0 1.000000 3 0.621960 4 0.600983 5 0.321613 6 0.391595 7 1.017265 8 0.690401 
cfjetscontrolregion up_jesHF_2017 0 1.000000 3 0.621632 4 0.601112 5 0.321566 6 0.391435 7 1.017415 8 0.689132 
cfjetscontrolregion up_jesRelativeBal 0 1.000000 3 1.094009 4 1.113811 5 1.121789 6 1.253008 7 1.654096 8 1.080284 
cfjetscontrolregion up_jesRelativeSample_2017 0 1.000000 3 0.616082 4 0.589330 5 0.374405 6 0.394123 7 0.994622 8 0.686397 
cfjetscontrolregion up_lf 0 1.000000 3 0.995216 4 1.024856 5 1.037650 6 1.065569 7 1.367551 8 1.027620 
cfjetscontrolregion up_lfstats1 0 1.000000 3 1.040467 4 1.038628 5 1.031289 6 1.126617 7 1.422973 8 0.888778 
cfjetscontrolregion up_lfstats2 0 1.000000 3 1.049178 4 1.051312 5 1.044914 6 1.146255 7 1.461149 8 0.919802 
fourleptoncontrolregion central 0 1.000000 
fourleptoncontrolregion down_cferr1 0 1.000000 
fourleptoncontrolregion down_cferr2 0 1.000000 
fourleptoncontrolregion down_hf 0 1.000000 
fourleptoncontrolregion down_hfstats1 0 1.000000 
fourleptoncontrolregion down_hfstats2 0 1.000000 
fourleptoncontrolregion down_jes 0 1.000000 
fourleptoncontrolregion down_jesAbsolute 0 1.000000 
fourleptoncontrolregion down_jesAbsolute_2017 0 1.000000 
fourleptoncontrolregion down_jesBBEC1 0 1.000000 
fourleptoncontrolregion down_jesBBEC1_2017 0 1.000000 
fourleptoncontrolregion down_jesEC2 0 1.000000 
fourleptoncontrolregion down_jesEC2_2017 0 1.000000 
fourleptoncontrolregion down_jesFlavorQCD 0 1.000000 
fourleptoncontrolregion down_jesHF 0 1.000000 
fourleptoncontrolregion down_jesHF_2017 0 1.000000 
fourleptoncontrolregion down_jesRelativeBal 0 1.000000 
fourleptoncontrolregion down_jesRelativeSample_2017 0 1.000000 
fourleptoncontrolregion down_lf 0 1.000000 
fourleptoncontrolregion down_lfstats1 0 1.000000 
fourleptoncontrolregion down_lfstats2 0 1.000000 
fourleptoncontrolregion up_cferr1 0 1.000000 
fourleptoncontrolregion up_cferr2 0 1.000000 
fourleptoncontrolregion up_hf 0 1.000000 
fourleptoncontrolregion up_hfstats1 0 1.000000 
fourleptoncontrolregion up_hfstats2 0 1.000000 
fourleptoncontrolregion up_jes 0 1.000000 
fourleptoncontrolregion up_jesAbsolute 0 1.000000 
fourleptoncontrolregion up_jesAbsolute_2017 0 1.000000 
fourleptoncontrolregion up_jesBBEC1 0 1.000000 
fourleptoncontrolregion up_jesBBEC1_2017 0 1.000000 
fourleptoncontrolregion up_jesEC2 0 1.000000 
fourleptoncontrolregion up_jesEC2_2017 0 1.000000 
fourleptoncontrolregion up_jesFlavorQCD 0 1.000000 
fourleptoncontrolregion up_jesHF 0 1.000000 
fourleptoncontrolregion up_jesHF_2017 0 1.000000 
fourleptoncontrolregion up_jesRelativeBal 0 1.000000 
fourleptoncontrolregion up_jesRelativeSample_2017 0 1.000000 
fourleptoncontrolregion up_lf 0 1.000000 
fourleptoncontrolregion up_lfstats1 0 1.000000 
fourleptoncontrolregion up_lfstats2 0 1.000000 
npcontrolregion_dilepton_ee central 0 1.000000 3 1.042428 4 1.151401 5 1.110564 6 1.040900 7 1.555265 
npcontrolregion_dilepton_ee down_cferr1 0 1.000000 3 0.964668 4 1.062079 5 0.948905 6 0.994766 7 1.476929 
npcontrolregion_dilepton_ee down_cferr2 0 1.000000 3 1.009212 4 1.122752 5 1.046640 6 0.995973 7 1.487993 
npcontrolregion_dilepton_ee down_hf 0 1.000000 3 1.061946 4 1.174360 5 1.156468 6 1.109756 7 1.793628 
npcontrolregion_dilepton_ee down_hfstats1 0 1.000000 3 1.026677 4 1.127923 5 1.089853 6 1.032139 7 1.528150 
npcontrolregion_dilepton_ee down_hfstats2 0 1.000000 3 1.052837 4 1.163889 5 1.120404 6 1.046115 7 1.566597 
npcontrolregion_dilepton_ee down_jes 0 1.000000 1 1.330331 2 0.941642 3 1.060294 4 1.179233 5 1.117302 6 1.232641 7 1.512106 
npcontrolregion_dilepton_ee down_jesAbsolute 0 1.000000 1 1.286594 2 0.947813 3 0.619244 4 0.635275 5 0.437897 6 0.782537 7 0.773044 
npcontrolregion_dilepton_ee down_jesAbsolute_2017 0 1.000000 1 1.272727 2 0.917257 3 0.624484 4 0.650018 5 0.412615 6 0.545639 7 1.004897 
npcontrolregion_dilepton_ee down_jesBBEC1 0 1.000000 1 1.282052 2 0.947648 3 0.618376 4 0.633220 5 0.433113 6 0.549512 7 1.025278 
npcontrolregion_dilepton_ee down_jesBBEC1_2017 0 1.000000 2 0.916284 3 0.628797 4 0.654860 5 0.410275 6 0.544914 7 0.998099 
npcontrolregion_dilepton_ee down_jesEC2 0 1.000000 3 0.631410 4 0.653868 5 0.410754 6 0.550439 7 1.000738 
npcontrolregion_dilepton_ee down_jesEC2_2017 0 1.000000 3 0.632096 4 0.654177 5 0.410121 6 0.550264 7 1.003871 
npcontrolregion_dilepton_ee down_jesFlavorQCD 0 1.000000 1 1.306047 2 0.948002 3 1.045717 4 1.170960 5 1.116105 6 1.201304 7 1.487539 
npcontrolregion_dilepton_ee down_jesHF 0 1.000000 3 0.631644 4 0.652821 5 0.411464 6 0.548532 7 0.993814 
npcontrolregion_dilepton_ee down_jesHF_2017 0 1.000000 3 0.631481 4 0.652582 5 0.410856 6 0.545759 7 0.994497 
npcontrolregion_dilepton_ee down_jesRelativeBal 0 1.000000 3 1.041394 4 1.149855 5 1.122395 6 1.016230 7 1.557847 
npcontrolregion_dilepton_ee down_jesRelativeSample_2017 0 1.000000 3 0.630592 4 0.654263 5 0.431081 6 0.460168 7 1.005762 
npcontrolregion_dilepton_ee down_lf 0 1.000000 3 1.135499 4 1.278033 5 1.262942 6 1.099988 7 1.776730 
npcontrolregion_dilepton_ee down_lfstats1 0 1.000000 3 1.091395 4 1.230250 5 1.212639 6 1.164548 7 1.798132 
npcontrolregion_dilepton_ee down_lfstats2 0 1.000000 3 1.083317 4 1.216221 5 1.200194 6 1.147884 7 1.770062 
npcontrolregion_dilepton_ee up_cferr1 0 1.000000 3 1.166122 4 1.274291 5 1.357797 6 1.178813 7 1.682522 
npcontrolregion_dilepton_ee up_cferr2 0 1.000000 3 1.115820 4 1.217991 5 1.249537 6 1.160153 7 1.674857 
npcontrolregion_dilepton_ee up_hf 0 1.000000 3 1.017489 4 1.117607 5 1.055779 6 0.962591 7 1.306684 
npcontrolregion_dilepton_ee up_hfstats1 0 1.000000 3 1.060409 4 1.178509 5 1.134978 6 1.050451 7 1.586756 
npcontrolregion_dilepton_ee up_hfstats2 0 1.000000 3 1.034523 4 1.142631 5 1.104936 6 1.036781 7 1.548566 
npcontrolregion_dilepton_ee up_jes 0 1.000000 3 1.019983 4 1.149103 5 1.097432 6 1.003218 7 1.477811 
npcontrolregion_dilepton_ee up_jesAbsolute 0 1.000000 3 0.613389 4 0.661055 5 0.434134 6 0.454156 7 0.950964 
npcontrolregion_dilepton_ee up_jesAbsolute_2017 0 1.000000 3 0.629789 4 0.650094 5 0.411386 6 0.546420 7 0.988234 
npcontrolregion_dilepton_ee up_jesBBEC1 0 1.000000 3 0.609538 4 0.656864 5 0.528626 6 0.387124 7 0.964464 
npcontrolregion_dilepton_ee up_jesBBEC1_2017 0 1.000000 3 0.629632 4 0.649735 5 0.435684 6 0.454000 7 0.987825 
npcontrolregion_dilepton_ee up_jesEC2 0 1.000000 3 0.630718 4 0.652111 5 0.412542 6 0.544250 7 0.989087 
npcontrolregion_dilepton_ee up_jesEC2_2017 0 1.000000 3 0.630991 4 0.651918 5 0.415077 6 0.547572 7 0.985722 
npcontrolregion_dilepton_ee up_jesFlavorQCD 0 1.000000 3 1.026175 4 1.152054 5 1.084335 6 1.037871 7 1.532059 
npcontrolregion_dilepton_ee up_jesHF 0 1.000000 3 0.631040 4 0.652104 5 0.411195 6 0.545653 7 0.996758 
npcontrolregion_dilepton_ee up_jesHF_2017 0 1.000000 3 0.631187 4 0.652312 5 0.410497 6 0.545154 7 0.992223 
npcontrolregion_dilepton_ee up_jesRelativeBal 0 1.000000 3 1.043613 4 1.152783 5 1.107371 6 1.039036 7 1.563564 
npcontrolregion_dilepton_ee up_jesRelativeSample_2017 0 1.000000 2 0.918735 3 0.628447 4 0.653956 5 0.417462 6 0.547328 7 0.986259 
npcontrolregion_dilepton_ee up_lf 0 1.000000 3 0.949069 4 1.027944 5 0.963012 6 0.979256 7 1.357093 
npcontrolregion_dilepton_ee up_lfstats1 0 1.000000 3 0.996922 4 1.079067 5 1.019215 6 0.931101 7 1.349884 
npcontrolregion_dilepton_ee up_lfstats2 0 1.000000 3 1.004657 4 1.092135 5 1.030595 6 0.945189 7 1.370876 
npcontrolregion_dilepton_em central 0 1.000000 3 1.073685 4 1.137096 5 1.231777 6 1.030257 7 1.237200 
npcontrolregion_dilepton_em down_cferr1 0 1.000000 3 0.998007 4 1.039749 5 1.054178 6 0.957949 7 0.968130 
npcontrolregion_dilepton_em down_cferr2 0 1.000000 3 1.043716 4 1.103532 5 1.147729 6 1.055168 7 1.177480 
npcontrolregion_dilepton_em down_hf 0 1.000000 3 1.099599 4 1.202333 5 1.363113 6 1.071893 7 1.475109 
npcontrolregion_dilepton_em down_hfstats1 0 1.000000 3 1.060079 4 1.120975 5 1.204653 6 1.026229 7 1.221814 
npcontrolregion_dilepton_em down_hfstats2 0 1.000000 3 1.081721 4 1.149080 5 1.243214 6 1.031134 7 1.255664 
npcontrolregion_dilepton_em down_jes 0 1.000000 2 1.002257 3 1.091921 4 1.162962 5 1.268740 6 1.006122 7 1.279595 
npcontrolregion_dilepton_em down_jesAbsolute 0 1.000000 2 1.036329 3 0.701782 4 0.625750 5 0.554756 6 0.296276 7 0.000000 
npcontrolregion_dilepton_em down_jesAbsolute_2017 0 1.000000 3 0.702088 4 0.621569 5 0.547784 6 0.307511 7 0.000000 
npcontrolregion_dilepton_em down_jesBBEC1 0 1.000000 3 0.708433 4 0.636872 5 0.553221 6 0.298995 7 0.000000 
npcontrolregion_dilepton_em down_jesBBEC1_2017 0 1.000000 3 0.701752 4 0.620668 5 0.548974 6 0.305660 7 0.000000 
npcontrolregion_dilepton_em down_jesEC2 0 1.000000 3 0.701115 4 0.621600 5 0.547153 6 0.304890 7 0.000000 
npcontrolregion_dilepton_em down_jesEC2_2017 0 1.000000 3 0.701725 4 0.622058 5 0.547695 6 0.308858 7 0.000000 
npcontrolregion_dilepton_em down_jesFlavorQCD 0 1.000000 2 0.989166 3 1.085778 4 1.155110 5 1.249221 6 1.017946 7 1.279920 
npcontrolregion_dilepton_em down_jesHF 0 1.000000 3 0.700722 4 0.617819 5 0.544811 6 0.300824 7 0.000000 
npcontrolregion_dilepton_em down_jesHF_2017 0 1.000000 3 0.700897 4 0.618592 5 0.545384 6 0.300483 7 0.000000 
npcontrolregion_dilepton_em down_jesRelativeBal 0 1.000000 3 1.073084 4 1.137558 5 1.229179 6 1.030277 7 1.239237 
npcontrolregion_dilepton_em down_jesRelativeSample_2017 0 1.000000 3 0.699473 4 0.618159 5 0.544800 6 0.305525 7 0.000000 
npcontrolregion_dilepton_em down_lf 0 1.000000 3 1.143924 4 1.234294 5 1.370686 6 1.025179 7 1.248098 
npcontrolregion_dilepton_em down_lfstats1 0 1.000000 3 1.125929 4 1.216450 5 1.350364 6 1.161083 7 1.385416 
npcontrolregion_dilepton_em down_lfstats2 0 1.000000 3 1.118362 4 1.207170 5 1.335933 6 1.135584 7 1.408665 
npcontrolregion_dilepton_em up_cferr1 0 1.000000 3 1.179808 4 1.277695 5 1.470848 6 1.141845 7 1.622829 
npcontrolregion_dilepton_em up_cferr2 0 1.000000 3 1.136120 4 1.216117 5 1.373779 6 1.052784 7 1.399586 
npcontrolregion_dilepton_em up_hf 0 1.000000 3 1.042838 4 1.065105 5 1.097669 6 0.971824 7 0.998336 
npcontrolregion_dilepton_em up_hfstats1 0 1.000000 3 1.088992 4 1.155645 5 1.261871 6 1.031363 7 1.253580 
npcontrolregion_dilepton_em up_hfstats2 0 1.000000 3 1.067601 4 1.127934 5 1.223509 6 1.026509 7 1.219807 
npcontrolregion_dilepton_em up_jes 0 1.000000 3 1.051207 4 1.119364 5 1.206321 6 1.021850 7 1.214696 
npcontrolregion_dilepton_em up_jesAbsolute 0 1.000000 3 0.697577 4 0.614591 5 0.536834 6 0.288766 7 0.000000 
npcontrolregion_dilepton_em up_jesAbsolute_2017 0 1.000000 3 0.699369 4 0.617315 5 0.544291 6 0.298985 7 0.000000 
npcontrolregion_dilepton_em up_jesBBEC1 0 1.000000 3 0.699642 4 0.628810 5 0.515647 6 0.288947 7 0.000000 
npcontrolregion_dilepton_em up_jesBBEC1_2017 0 1.000000 3 0.699902 4 0.617367 5 0.542074 6 0.298254 7 0.000000 
npcontrolregion_dilepton_em up_jesEC2 0 1.000000 3 0.699818 4 0.616198 5 0.545649 6 0.296721 7 0.000000 
npcontrolregion_dilepton_em up_jesEC2_2017 0 1.000000 3 0.699153 4 0.617090 5 0.543778 6 0.295771 7 0.000000 
npcontrolregion_dilepton_em up_jesFlavorQCD 0 1.000000 3 1.059649 4 1.133462 5 1.198213 6 1.031639 7 1.213443 
npcontrolregion_dilepton_em up_jesHF 0 1.000000 3 0.699942 4 0.618831 5 0.546823 6 0.300408 7 0.000000 
npcontrolregion_dilepton_em up_jesHF_2017 0 1.000000 3 0.700378 4 0.618403 5 0.546501 6 0.299475 7 0.000000 
npcontrolregion_dilepton_em up_jesRelativeBal 0 1.000000 3 1.074889 4 1.137707 5 1.233306 6 1.037157 7 1.239915 
npcontrolregion_dilepton_em up_jesRelativeSample_2017 0 1.000000 3 0.701179 4 0.619633 5 0.546505 6 0.299558 7 0.000000 
npcontrolregion_dilepton_em up_lf 0 1.000000 3 1.000311 4 1.038596 5 1.098833 6 1.009695 7 1.200027 
npcontrolregion_dilepton_em up_lfstats1 0 1.000000 3 1.024769 4 1.064066 5 1.124002 6 0.913917 7 1.108539 
npcontrolregion_dilepton_em up_lfstats2 0 1.000000 3 1.032039 4 1.073100 5 1.137273 6 0.933621 7 1.099346 
npcontrolregion_dilepton_inclusive central 0 1.000000 3 1.089048 4 1.127373 5 1.142705 6 1.018287 7 1.426328 8 0.844846 10 1.033115 
npcontrolregion_dilepton_inclusive down_cferr1 0 1.000000 3 1.002056 4 1.032247 5 1.002827 6 0.938808 7 1.263768 8 0.674370 10 1.033115 
npcontrolregion_dilepton_inclusive down_cferr2 0 1.000000 3 1.053167 4 1.093506 5 1.081215 6 0.988502 7 1.343247 8 0.830549 10 1.033115 
npcontrolregion_dilepton_inclusive down_hf 0 1.000000 3 1.117013 4 1.180031 5 1.228384 6 1.083955 7 1.628310 8 0.876438 10 1.107593 
npcontrolregion_dilepton_inclusive down_hfstats1 0 1.000000 3 1.074095 4 1.108089 5 1.123664 6 1.008481 7 1.404482 8 0.843388 10 0.999870 
npcontrolregion_dilepton_inclusive down_hfstats2 0 1.000000 3 1.097698 4 1.137764 5 1.152608 6 1.026365 7 1.437243 8 0.846263 10 1.058229 
npcontrolregion_dilepton_inclusive down_jes 0 1.000000 1 1.330331 2 1.032676 3 1.110947 4 1.143988 5 1.164324 6 1.047911 7 1.428769 10 1.081990 
npcontrolregion_dilepton_inclusive down_jesAbsolute 0 1.000000 1 1.286594 2 0.815471 3 0.652366 4 0.636035 5 0.627332 6 0.648254 7 0.727552 10 1.048257 
npcontrolregion_dilepton_inclusive down_jesAbsolute_2017 0 1.000000 1 1.272727 2 0.917257 3 0.648965 4 0.640739 5 0.620131 6 0.594385 7 0.759670 10 1.033173 
npcontrolregion_dilepton_inclusive down_jesBBEC1 0 1.000000 1 1.282052 2 1.112299 3 0.653693 4 0.638411 5 0.635973 6 0.543038 7 0.776112 10 1.049397 
npcontrolregion_dilepton_inclusive down_jesBBEC1_2017 0 1.000000 2 0.916284 3 0.651795 4 0.638209 5 0.618799 6 0.594121 7 0.824291 8 0.000000 10 1.035167 
npcontrolregion_dilepton_inclusive down_jesEC2 0 1.000000 3 0.649297 4 0.642790 5 0.619584 6 0.599112 7 0.824336 8 0.000000 10 1.037635 
npcontrolregion_dilepton_inclusive down_jesEC2_2017 0 1.000000 3 0.649761 4 0.643497 5 0.620177 6 0.600450 7 0.828250 8 0.000000 10 1.035661 
npcontrolregion_dilepton_inclusive down_jesFlavorQCD 0 1.000000 1 1.306047 2 1.032464 3 1.103239 4 1.133767 5 1.157151 6 1.065782 7 1.404089 10 1.054414 
npcontrolregion_dilepton_inclusive down_jesHF 0 1.000000 3 0.648728 4 0.640871 5 0.618536 6 0.591771 7 0.820234 8 0.000000 10 1.037094 
npcontrolregion_dilepton_inclusive down_jesHF_2017 0 1.000000 3 0.648606 4 0.640668 5 0.617760 6 0.591228 7 0.820469 8 0.000000 10 1.032711 
npcontrolregion_dilepton_inclusive down_jesRelativeBal 0 1.000000 3 1.088806 4 1.126640 5 1.143699 6 1.011809 7 1.427320 8 0.846318 10 1.028469 
npcontrolregion_dilepton_inclusive down_jesRelativeSample_2017 0 1.000000 3 0.648730 4 0.638290 5 0.621111 6 0.570032 7 0.822855 8 0.000000 10 1.042567 
npcontrolregion_dilepton_inclusive down_lf 0 1.000000 3 1.172498 4 1.234718 5 1.255761 6 1.071468 7 1.579972 8 0.860323 10 1.156291 
npcontrolregion_dilepton_inclusive down_lfstats1 0 1.000000 3 1.140751 4 1.209151 5 1.253670 6 1.148409 7 1.626639 8 0.964510 10 1.326043 
npcontrolregion_dilepton_inclusive down_lfstats2 0 1.000000 3 1.133370 4 1.197521 5 1.238929 6 1.126837 7 1.613299 8 0.939992 10 1.270745 
npcontrolregion_dilepton_inclusive up_cferr1 0 1.000000 3 1.211811 4 1.263808 5 1.336778 6 1.153764 7 1.637746 8 1.202640 10 1.033115 
npcontrolregion_dilepton_inclusive up_cferr2 0 1.000000 3 1.162006 4 1.204538 5 1.253800 6 1.097563 7 1.556369 8 1.020286 10 1.033115 
npcontrolregion_dilepton_inclusive up_hf 0 1.000000 3 1.055378 4 1.068013 5 1.049352 6 0.942213 7 1.216658 8 0.799441 10 0.933947 
npcontrolregion_dilepton_inclusive up_hfstats1 0 1.000000 3 1.105818 4 1.149259 5 1.163747 6 1.028543 7 1.451091 8 0.845409 10 1.069303 
npcontrolregion_dilepton_inclusive up_hfstats2 0 1.000000 3 1.082413 4 1.119780 5 1.135072 6 1.010946 7 1.418664 8 0.841800 10 1.010784 
npcontrolregion_dilepton_inclusive up_jes 0 1.000000 3 1.068085 4 1.109493 5 1.133824 6 0.991479 7 1.343656 8 0.896935 9 1.577565 10 0.993746 
npcontrolregion_dilepton_inclusive up_jesAbsolute 0 1.000000 3 0.641951 4 0.637280 5 0.613431 6 0.543732 7 0.710024 8 0.773217 10 1.022090 
npcontrolregion_dilepton_inclusive up_jesAbsolute_2017 0 1.000000 3 0.645682 4 0.641770 5 0.619884 6 0.588959 7 0.815665 8 0.000000 10 1.033199 
npcontrolregion_dilepton_inclusive up_jesBBEC1 0 1.000000 3 0.641222 4 0.637849 5 0.633628 6 0.506672 7 0.719654 8 0.766988 10 1.015499 
npcontrolregion_dilepton_inclusive up_jesBBEC1_2017 0 1.000000 3 0.649232 4 0.635758 5 0.627078 6 0.561911 7 0.811378 8 0.000000 10 1.029837 
npcontrolregion_dilepton_inclusive up_jesEC2 0 1.000000 3 0.647382 4 0.639433 5 0.618514 6 0.586249 7 0.815533 8 0.000000 10 1.030544 
npcontrolregion_dilepton_inclusive up_jesEC2_2017 0 1.000000 3 0.647281 4 0.639272 5 0.618287 6 0.587413 7 0.814629 8 0.000000 10 1.032814 
npcontrolregion_dilepton_inclusive up_jesFlavorQCD 0 1.000000 3 1.075959 4 1.120338 5 1.133641 6 1.011675 7 1.378220 8 1.233158 10 1.014146 
npcontrolregion_dilepton_inclusive up_jesHF 0 1.000000 3 0.648177 4 0.640592 5 0.618581 6 0.591146 7 0.821590 8 0.000000 10 1.034505 
npcontrolregion_dilepton_inclusive up_jesHF_2017 0 1.000000 3 0.648267 4 0.640618 5 0.618154 6 0.590677 7 0.818255 8 0.000000 10 1.033329 
npcontrolregion_dilepton_inclusive up_jesRelativeBal 0 1.000000 3 1.089765 4 1.129422 5 1.144615 6 1.019032 7 1.431198 8 0.843028 10 1.039341 
npcontrolregion_dilepton_inclusive up_jesRelativeSample_2017 0 1.000000 2 0.918735 3 0.648875 4 0.640631 5 0.613426 6 0.608735 7 0.751723 10 1.032012 
npcontrolregion_dilepton_inclusive up_lf 0 1.000000 3 1.004001 4 1.020845 5 1.028195 6 0.956499 7 1.277263 8 0.807144 10 0.906378 
npcontrolregion_dilepton_inclusive up_lfstats1 0 1.000000 3 1.040624 4 1.052286 5 1.042660 6 0.903407 7 1.253810 8 0.739994 10 0.806014 
npcontrolregion_dilepton_inclusive up_lfstats2 0 1.000000 3 1.047765 4 1.063119 5 1.055574 6 0.920545 7 1.266049 8 0.758828 10 0.841248 
npcontrolregion_dilepton_me central 0 1.000000 3 1.060856 4 1.071868 5 1.064819 6 0.951905 7 1.519525 8 0.844846 10 1.033115 
npcontrolregion_dilepton_me down_cferr1 0 1.000000 3 0.973599 4 0.949049 5 0.986230 6 0.860402 7 1.090359 8 0.674370 10 1.033115 
npcontrolregion_dilepton_me down_cferr2 0 1.000000 3 1.023809 4 1.020433 5 1.028944 6 0.908514 7 1.290481 8 0.830549 10 1.033115 
npcontrolregion_dilepton_me down_hf 0 1.000000 3 1.072721 4 1.101098 5 1.151139 6 1.036288 7 1.669594 8 0.876438 10 1.107593 
npcontrolregion_dilepton_me down_hfstats1 0 1.000000 3 1.046836 4 1.054516 5 1.051571 6 0.942722 7 1.516090 8 0.843388 10 0.999870 
npcontrolregion_dilepton_me down_hfstats2 0 1.000000 3 1.070529 4 1.081148 5 1.072266 6 0.960349 7 1.526573 8 0.846263 10 1.058229 
npcontrolregion_dilepton_me down_jes 0 1.000000 2 0.975827 3 1.086123 4 1.079612 5 1.082872 6 0.916983 7 1.567325 10 1.081990 
npcontrolregion_dilepton_me down_jesAbsolute 0 1.000000 2 1.013059 3 0.595775 4 0.551281 5 0.760957 6 0.616975 7 0.852064 10 1.048257 
npcontrolregion_dilepton_me down_jesAbsolute_2017 0 1.000000 3 0.590332 4 0.559340 5 0.755955 6 0.696233 7 0.556603 10 1.033173 
npcontrolregion_dilepton_me down_jesBBEC1 0 1.000000 3 0.590154 4 0.564664 5 0.769521 6 0.628922 7 0.575429 10 1.049397 
npcontrolregion_dilepton_me down_jesBBEC1_2017 0 1.000000 3 0.596254 4 0.548953 5 0.754448 6 0.697561 7 0.834157 8 0.000000 10 1.035167 
npcontrolregion_dilepton_me down_jesEC2 0 1.000000 3 0.596364 4 0.549840 5 0.755770 6 0.706707 7 0.826308 8 0.000000 10 1.037635 
npcontrolregion_dilepton_me down_jesEC2_2017 0 1.000000 3 0.597024 4 0.550307 5 0.755923 6 0.707025 7 0.835100 8 0.000000 10 1.035661 
npcontrolregion_dilepton_me down_jesFlavorQCD 0 1.000000 2 1.015174 3 1.078459 4 1.073180 5 1.074411 6 0.942902 7 1.527620 10 1.054414 
npcontrolregion_dilepton_me down_jesHF 0 1.000000 3 0.595112 4 0.548372 5 0.754011 6 0.696711 7 0.826216 8 0.000000 10 1.037094 
npcontrolregion_dilepton_me down_jesHF_2017 0 1.000000 3 0.595184 4 0.548037 5 0.753793 6 0.697463 7 0.824185 8 0.000000 10 1.032711 
npcontrolregion_dilepton_me down_jesRelativeBal 0 1.000000 3 1.061953 4 1.071782 5 1.064240 6 0.951281 7 1.515817 8 0.846318 10 1.028469 
npcontrolregion_dilepton_me down_jesRelativeSample_2017 0 1.000000 3 0.595941 4 0.538344 5 0.725430 6 0.703607 7 0.811667 8 0.000000 10 1.042567 
npcontrolregion_dilepton_me down_lf 0 1.000000 3 1.132945 4 1.161172 5 1.130017 6 1.026993 7 1.628671 8 0.860323 10 1.156291 
npcontrolregion_dilepton_me down_lfstats1 0 1.000000 3 1.107378 4 1.149665 5 1.175746 6 1.085167 7 1.676812 8 0.964510 10 1.326043 
npcontrolregion_dilepton_me down_lfstats2 0 1.000000 3 1.100412 4 1.136787 5 1.160002 6 1.064104 7 1.672930 8 0.939992 10 1.270745 
npcontrolregion_dilepton_me up_cferr1 0 1.000000 3 1.181091 4 1.248299 5 1.177212 6 1.092544 7 1.978551 8 1.202640 10 1.033115 
npcontrolregion_dilepton_me up_cferr2 0 1.000000 3 1.134533 4 1.176219 5 1.130167 6 1.032884 7 1.773384 8 1.020286 10 1.033115 
npcontrolregion_dilepton_me up_hf 0 1.000000 3 1.041924 4 1.035024 5 0.968955 6 0.861053 7 1.358686 8 0.799441 10 0.933947 
npcontrolregion_dilepton_me up_hfstats1 0 1.000000 3 1.076485 4 1.091326 5 1.078140 6 0.962635 7 1.523708 8 0.845409 10 1.069303 
npcontrolregion_dilepton_me up_hfstats2 0 1.000000 3 1.052999 4 1.064883 5 1.057453 6 0.945387 7 1.514586 8 0.841800 10 1.010784 
npcontrolregion_dilepton_me up_jes 0 1.000000 3 1.039362 4 1.057078 5 1.063481 6 0.928591 7 1.301629 8 0.896935 9 1.577565 10 0.993746 
npcontrolregion_dilepton_me up_jesAbsolute 0 1.000000 3 0.599619 4 0.525849 5 0.713996 6 0.711652 7 0.000000 8 0.773217 10 1.022090 
npcontrolregion_dilepton_me up_jesAbsolute_2017 0 1.000000 3 0.588078 4 0.559255 5 0.755814 6 0.697443 7 0.813283 8 0.000000 10 1.033199 
npcontrolregion_dilepton_me up_jesBBEC1 0 1.000000 3 0.600155 4 0.527372 5 0.720061 6 0.690500 7 0.000000 8 0.766988 10 1.015499 
npcontrolregion_dilepton_me up_jesBBEC1_2017 0 1.000000 3 0.600906 4 0.536782 5 0.754667 6 0.696762 7 0.797286 8 0.000000 10 1.029837 
npcontrolregion_dilepton_me up_jesEC2 0 1.000000 3 0.593463 4 0.547255 5 0.755672 6 0.691364 7 0.822745 8 0.000000 10 1.030544 
npcontrolregion_dilepton_me up_jesEC2_2017 0 1.000000 3 0.593238 4 0.547233 5 0.754936 6 0.693741 7 0.822715 8 0.000000 10 1.032814 
npcontrolregion_dilepton_me up_jesFlavorQCD 0 1.000000 3 1.049725 4 1.068193 5 1.075047 6 0.937394 7 1.338783 8 1.233158 10 1.014146 
npcontrolregion_dilepton_me up_jesHF 0 1.000000 3 0.594807 4 0.548513 5 0.754881 6 0.697540 7 0.825080 8 0.000000 10 1.034505 
npcontrolregion_dilepton_me up_jesHF_2017 0 1.000000 3 0.594697 4 0.548115 5 0.753812 6 0.696989 7 0.821858 8 0.000000 10 1.033329 
npcontrolregion_dilepton_me up_jesRelativeBal 0 1.000000 3 1.059751 4 1.076093 5 1.067669 6 0.949651 7 1.517522 8 0.843028 10 1.039341 
npcontrolregion_dilepton_me up_jesRelativeSample_2017 0 1.000000 3 0.587789 4 0.559365 5 0.755833 6 0.694630 7 0.559530 10 1.032012 
npcontrolregion_dilepton_me up_lf 0 1.000000 3 0.985335 4 0.981991 5 0.988718 6 0.872699 7 1.395712 8 0.807144 10 0.906378 
npcontrolregion_dilepton_me up_lfstats1 0 1.000000 3 1.017008 4 1.000716 5 0.965481 6 0.835264 7 1.374201 8 0.739994 10 0.806014 
npcontrolregion_dilepton_me up_lfstats2 0 1.000000 3 1.023785 4 1.012254 5 0.978265 6 0.851447 7 1.381102 8 0.758828 10 0.841248 
npcontrolregion_dilepton_mm central 0 1.000000 3 1.183972 4 1.156623 5 1.161865 6 1.110813 7 1.199916 
npcontrolregion_dilepton_mm down_cferr1 0 1.000000 3 1.076913 4 1.091934 5 1.014527 6 1.006532 7 1.199916 
npcontrolregion_dilepton_mm down_cferr2 0 1.000000 3 1.140975 4 1.138178 5 1.098285 6 1.072474 7 1.199916 
npcontrolregion_dilepton_mm down_hf 0 1.000000 3 1.241347 4 1.264516 5 1.235864 6 1.159103 7 1.326931 
npcontrolregion_dilepton_mm down_hfstats1 0 1.000000 3 1.167391 4 1.136883 5 1.146112 6 1.092680 7 1.166371 
npcontrolregion_dilepton_mm down_hfstats2 0 1.000000 3 1.190265 4 1.163953 5 1.172812 6 1.128939 7 1.206107 
npcontrolregion_dilepton_mm down_jes 0 1.000000 2 1.251464 3 1.209707 4 1.152992 5 1.181900 6 1.101012 7 1.272714 
npcontrolregion_dilepton_mm down_jesAbsolute 0 1.000000 2 0.000000 3 0.704794 4 0.748513 5 0.713273 6 0.942825 7 1.239609 
npcontrolregion_dilepton_mm down_jesAbsolute_2017 0 1.000000 3 0.689983 4 0.755249 5 0.723149 6 0.738495 7 1.210877 
npcontrolregion_dilepton_mm down_jesBBEC1 0 1.000000 2 1.359276 3 0.709961 4 0.743813 5 0.724090 6 0.714342 7 1.230334 
npcontrolregion_dilepton_mm down_jesBBEC1_2017 0 1.000000 3 0.690013 4 0.753108 5 0.720414 6 0.737210 7 1.204195 
npcontrolregion_dilepton_mm down_jesEC2 0 1.000000 3 0.678403 4 0.771001 5 0.723398 6 0.738983 7 1.205693 
npcontrolregion_dilepton_mm down_jesEC2_2017 0 1.000000 3 0.678271 4 0.772807 5 0.725483 6 0.741625 7 1.210600 
npcontrolregion_dilepton_mm down_jesFlavorQCD 0 1.000000 2 1.232751 3 1.204875 4 1.132855 5 1.183034 6 1.227156 7 1.237825 
npcontrolregion_dilepton_mm down_jesHF 0 1.000000 3 0.677662 4 0.769398 5 0.722857 6 0.726886 7 1.200534 
npcontrolregion_dilepton_mm down_jesHF_2017 0 1.000000 3 0.677057 4 0.768341 5 0.720100 6 0.726339 7 1.202155 
npcontrolregion_dilepton_mm down_jesRelativeBal 0 1.000000 3 1.183303 4 1.154813 5 1.158026 6 1.107768 7 1.200587 
npcontrolregion_dilepton_mm down_jesRelativeSample_2017 0 1.000000 3 0.677425 4 0.770300 5 0.731733 6 0.732185 7 1.199628 
npcontrolregion_dilepton_mm down_lf 0 1.000000 3 1.284182 4 1.273018 5 1.265930 6 1.171056 7 1.371252 
npcontrolregion_dilepton_mm down_lfstats1 0 1.000000 3 1.243973 4 1.250010 5 1.272867 6 1.242045 7 1.388956 
npcontrolregion_dilepton_mm down_lfstats2 0 1.000000 3 1.236983 4 1.240554 5 1.256955 6 1.217248 7 1.366394 
npcontrolregion_dilepton_mm up_cferr1 0 1.000000 3 1.325175 4 1.254812 5 1.351169 6 1.256811 7 1.199916 
npcontrolregion_dilepton_mm up_cferr2 0 1.000000 3 1.266021 4 1.210653 5 1.266395 6 1.193466 7 1.199916 
npcontrolregion_dilepton_mm up_hf 0 1.000000 3 1.121453 4 1.048670 5 1.078370 6 1.049447 7 1.067886 
npcontrolregion_dilepton_mm up_hfstats1 0 1.000000 3 1.202317 4 1.178448 5 1.179229 6 1.130154 7 1.236827 
npcontrolregion_dilepton_mm up_hfstats2 0 1.000000 3 1.179500 4 1.151506 5 1.152930 6 1.094209 7 1.196842 
npcontrolregion_dilepton_mm up_jes 0 1.000000 3 1.163746 4 1.119598 5 1.161347 6 1.059253 7 1.158242 
npcontrolregion_dilepton_mm up_jesAbsolute 0 1.000000 3 0.665198 4 0.780083 5 0.724531 6 0.552937 7 1.172712 
npcontrolregion_dilepton_mm up_jesAbsolute_2017 0 1.000000 3 0.675601 4 0.765709 5 0.726702 6 0.715138 7 1.202290 
npcontrolregion_dilepton_mm up_jesBBEC1 0 1.000000 3 0.662953 4 0.767286 5 0.752562 6 0.554092 7 1.187110 
npcontrolregion_dilepton_mm up_jesBBEC1_2017 0 1.000000 3 0.675050 4 0.767210 5 0.728525 6 0.717736 7 1.195727 
npcontrolregion_dilepton_mm up_jesEC2 0 1.000000 3 0.675814 4 0.766795 5 0.719430 6 0.718049 7 1.189970 
npcontrolregion_dilepton_mm up_jesEC2_2017 0 1.000000 3 0.676043 4 0.765341 5 0.719023 6 0.716203 7 1.193441 
npcontrolregion_dilepton_mm up_jesFlavorQCD 0 1.000000 3 1.170973 4 1.133645 5 1.168003 6 1.092733 7 1.178117 
npcontrolregion_dilepton_mm up_jesHF 0 1.000000 3 0.677100 4 0.767738 5 0.720455 6 0.725963 7 1.201772 
npcontrolregion_dilepton_mm up_jesHF_2017 0 1.000000 3 0.677026 4 0.768568 5 0.720795 6 0.726161 7 1.197985 
npcontrolregion_dilepton_mm up_jesRelativeBal 0 1.000000 3 1.185444 4 1.159594 5 1.167372 6 1.114663 7 1.205242 
npcontrolregion_dilepton_mm up_jesRelativeSample_2017 0 1.000000 3 0.689635 4 0.751366 5 0.691674 6 0.894259 7 1.205393 
npcontrolregion_dilepton_mm up_lf 0 1.000000 3 1.084528 4 1.042065 5 1.053575 6 1.042456 7 1.036475 
npcontrolregion_dilepton_mm up_lfstats1 0 1.000000 3 1.127731 4 1.070616 5 1.061377 6 0.994567 7 1.038504 
npcontrolregion_dilepton_mm up_lfstats2 0 1.000000 3 1.134578 4 1.079590 5 1.075335 6 1.014863 7 1.055632 
nplownjetscontrolregion_dilepton_inclusive central 0 1.000000 1 1.026140 2 1.051619 
nplownjetscontrolregion_dilepton_inclusive down_cferr1 0 1.000000 1 1.000428 2 0.996427 
nplownjetscontrolregion_dilepton_inclusive down_cferr2 0 1.000000 1 1.016214 2 1.030555 
nplownjetscontrolregion_dilepton_inclusive down_hf 0 1.000000 1 1.030352 2 1.057470 
nplownjetscontrolregion_dilepton_inclusive down_hfstats1 0 1.000000 1 1.019990 2 1.039476 
nplownjetscontrolregion_dilepton_inclusive down_hfstats2 0 1.000000 1 1.029707 2 1.057253 
nplownjetscontrolregion_dilepton_inclusive down_jes 0 1.000000 1 1.033852 2 1.063035 
nplownjetscontrolregion_dilepton_inclusive down_jesAbsolute 0 1.000000 1 0.891619 2 0.761841 
nplownjetscontrolregion_dilepton_inclusive down_jesAbsolute_2017 0 1.000000 1 0.888494 2 0.759256 
nplownjetscontrolregion_dilepton_inclusive down_jesBBEC1 0 1.000000 1 0.887483 2 0.761267 
nplownjetscontrolregion_dilepton_inclusive down_jesBBEC1_2017 0 1.000000 1 0.886640 2 0.759503 
nplownjetscontrolregion_dilepton_inclusive down_jesEC2 0 1.000000 1 0.888532 2 0.759179 
nplownjetscontrolregion_dilepton_inclusive down_jesEC2_2017 0 1.000000 1 0.888806 2 0.759508 
nplownjetscontrolregion_dilepton_inclusive down_jesFlavorQCD 0 1.000000 1 1.030982 2 1.057491 
nplownjetscontrolregion_dilepton_inclusive down_jesHF 0 1.000000 1 0.888099 2 0.758317 
nplownjetscontrolregion_dilepton_inclusive down_jesHF_2017 0 1.000000 1 0.888123 2 0.758121 
nplownjetscontrolregion_dilepton_inclusive down_jesRelativeBal 0 1.000000 1 1.025653 2 1.050946 3 1.056375 
nplownjetscontrolregion_dilepton_inclusive down_jesRelativeSample_2017 0 1.000000 1 0.887092 2 0.757441 3 0.764866 
nplownjetscontrolregion_dilepton_inclusive down_lf 0 1.000000 1 1.057196 2 1.121956 
nplownjetscontrolregion_dilepton_inclusive down_lfstats1 0 1.000000 1 1.042437 2 1.085259 
nplownjetscontrolregion_dilepton_inclusive down_lfstats2 0 1.000000 1 1.039765 2 1.079140 
nplownjetscontrolregion_dilepton_inclusive up_cferr1 0 1.000000 1 1.063297 2 1.130210 
nplownjetscontrolregion_dilepton_inclusive up_cferr2 0 1.000000 1 1.048274 2 1.097699 
nplownjetscontrolregion_dilepton_inclusive up_hf 0 1.000000 1 1.019960 2 1.041470 
nplownjetscontrolregion_dilepton_inclusive up_hfstats1 0 1.000000 1 1.033069 2 1.065206 
nplownjetscontrolregion_dilepton_inclusive up_hfstats2 0 1.000000 1 1.023399 2 1.047542 
nplownjetscontrolregion_dilepton_inclusive up_jes 0 1.000000 1 1.017736 2 1.042638 3 1.024443 4 1.004854 
nplownjetscontrolregion_dilepton_inclusive up_jesAbsolute 0 1.000000 1 0.883811 2 0.750893 3 0.790864 4 1.053143 
nplownjetscontrolregion_dilepton_inclusive up_jesAbsolute_2017 0 1.000000 1 0.886111 2 0.756603 3 0.664878 4 1.091192 
nplownjetscontrolregion_dilepton_inclusive up_jesBBEC1 0 1.000000 1 0.883697 2 0.753267 3 0.805121 4 1.023980 
nplownjetscontrolregion_dilepton_inclusive up_jesBBEC1_2017 0 1.000000 1 0.886906 2 0.754736 3 0.901677 
nplownjetscontrolregion_dilepton_inclusive up_jesEC2 0 1.000000 1 0.887864 2 0.757266 
nplownjetscontrolregion_dilepton_inclusive up_jesEC2_2017 0 1.000000 1 0.887815 2 0.757299 
nplownjetscontrolregion_dilepton_inclusive up_jesFlavorQCD 0 1.000000 1 1.022974 2 1.046237 3 1.036354 4 1.023321 
nplownjetscontrolregion_dilepton_inclusive up_jesHF 0 1.000000 1 0.887984 2 0.758085 
nplownjetscontrolregion_dilepton_inclusive up_jesHF_2017 0 1.000000 1 0.888119 2 0.758000 
nplownjetscontrolregion_dilepton_inclusive up_jesRelativeBal 0 1.000000 1 1.027107 2 1.051641 3 1.136679 
nplownjetscontrolregion_dilepton_inclusive up_jesRelativeSample_2017 0 1.000000 1 0.887896 2 0.758566 3 1.002621 
nplownjetscontrolregion_dilepton_inclusive up_lf 0 1.000000 1 0.994137 2 0.982198 
nplownjetscontrolregion_dilepton_inclusive up_lfstats1 0 1.000000 1 1.010495 2 1.019754 
nplownjetscontrolregion_dilepton_inclusive up_lfstats2 0 1.000000 1 1.013262 2 1.025778 
signalregion_dilepton_ee central 0 1.000000 3 1.082250 4 1.137363 5 1.127893 6 1.191383 7 1.258778 8 1.258140 9 2.280946 11 1.436773 
signalregion_dilepton_ee down_cferr1 0 1.000000 3 0.997330 4 1.036253 5 1.014549 6 1.067946 7 1.196140 8 0.958106 9 2.280946 11 0.989695 
signalregion_dilepton_ee down_cferr2 0 1.000000 3 1.048217 4 1.096556 5 1.082197 6 1.145052 7 1.245194 8 1.150336 9 2.280946 11 1.222569 
signalregion_dilepton_ee down_hf 0 1.000000 3 1.095414 4 1.178437 5 1.179060 6 1.284180 7 1.407744 8 1.378837 9 2.296407 11 1.668439 
signalregion_dilepton_ee down_hfstats1 0 1.000000 3 1.065751 4 1.116455 5 1.105204 6 1.169238 7 1.231737 8 1.232537 9 2.104757 11 1.423117 
signalregion_dilepton_ee down_hfstats2 0 1.000000 3 1.089250 4 1.149368 5 1.137920 6 1.204498 7 1.273786 8 1.273490 9 2.335169 11 1.444118 
signalregion_dilepton_ee down_jes 0 1.000000 2 0.971700 3 1.105637 4 1.162303 5 1.155294 6 1.265322 7 1.308812 8 1.287498 9 2.684744 11 1.558785 
signalregion_dilepton_ee down_jesAbsolute 0 1.000000 2 0.493296 3 0.660264 4 0.669802 5 0.607744 6 0.601070 7 0.690960 8 0.000000 9 2.441972 11 0.000000 
signalregion_dilepton_ee down_jesAbsolute_2017 0 1.000000 2 0.000000 3 0.656906 4 0.659313 5 0.603874 6 0.591491 7 0.711287 8 0.268844 9 2.332008 11 0.000000 
signalregion_dilepton_ee down_jesBBEC1 0 1.000000 2 0.296333 3 0.669310 4 0.649836 5 0.607759 6 0.608905 7 0.692419 8 0.362914 9 2.435816 11 0.000000 
signalregion_dilepton_ee down_jesBBEC1_2017 0 1.000000 2 0.000000 3 0.654665 4 0.660328 5 0.602967 6 0.603489 7 0.647721 8 0.338426 9 2.337503 11 0.000000 
signalregion_dilepton_ee down_jesEC2 0 1.000000 3 0.653791 4 0.660537 5 0.603665 6 0.605106 7 0.678244 8 0.273353 9 2.342242 11 0.000000 
signalregion_dilepton_ee down_jesEC2_2017 0 1.000000 3 0.654063 4 0.661160 5 0.604171 6 0.606211 7 0.679383 8 0.273231 9 2.370768 11 0.000000 
signalregion_dilepton_ee down_jesFlavorQCD 0 1.000000 2 0.945492 3 1.094567 4 1.157645 5 1.137004 6 1.233322 7 1.283778 8 1.274082 9 2.532142 11 1.509116 
signalregion_dilepton_ee down_jesHF 0 1.000000 3 0.652459 4 0.658809 5 0.602090 6 0.603315 7 0.674167 8 0.275962 9 2.290888 11 0.000000 
signalregion_dilepton_ee down_jesHF_2017 0 1.000000 3 0.651955 4 0.658513 5 0.601089 6 0.602470 7 0.673624 8 0.274218 9 2.281067 11 0.000000 
signalregion_dilepton_ee down_jesRelativeBal 0 1.000000 3 1.082806 4 1.136631 5 1.129510 6 1.190801 7 1.257169 8 1.251901 9 2.259454 11 1.434894 
signalregion_dilepton_ee down_jesRelativeSample_2017 0 1.000000 3 0.649536 4 0.668571 5 0.596223 6 0.606911 7 0.676308 8 0.277100 9 2.313902 11 0.000000 
signalregion_dilepton_ee down_lf 0 1.000000 3 1.177338 4 1.256353 5 1.273162 6 1.305058 7 1.431773 8 1.324994 9 3.761714 11 1.556461 
signalregion_dilepton_ee down_lfstats1 0 1.000000 3 1.136595 4 1.219057 5 1.236127 6 1.326712 7 1.446505 8 1.437809 9 2.745061 11 1.734217 
signalregion_dilepton_ee down_lfstats2 0 1.000000 3 1.127008 4 1.206378 5 1.218827 6 1.309879 7 1.422121 8 1.416224 9 2.651455 11 1.720338 
signalregion_dilepton_ee up_cferr1 0 1.000000 3 1.200999 4 1.281955 5 1.303479 6 1.358666 7 1.381754 8 1.871851 9 2.280946 11 1.970317 
signalregion_dilepton_ee up_cferr2 0 1.000000 3 1.152694 4 1.222005 5 1.230564 6 1.283152 7 1.330949 8 1.575392 9 2.280946 11 1.752342 
signalregion_dilepton_ee up_hf 0 1.000000 3 1.062514 4 1.088786 5 1.067535 6 1.087119 7 1.104346 8 1.127380 9 2.222129 11 1.178668 
signalregion_dilepton_ee up_hfstats1 0 1.000000 3 1.100785 4 1.161044 5 1.153264 6 1.215757 7 1.288774 8 1.283374 9 2.500767 11 1.450245 
signalregion_dilepton_ee up_hfstats2 0 1.000000 3 1.077387 4 1.128246 5 1.120601 6 1.180787 7 1.246622 8 1.242211 9 2.260031 11 1.427771 
signalregion_dilepton_ee up_jes 0 1.000000 3 1.070197 4 1.110959 5 1.107119 6 1.184803 7 1.190987 8 1.376484 9 1.332343 11 1.353379 
signalregion_dilepton_ee up_jesAbsolute 0 1.000000 3 0.644481 4 0.666550 5 0.583641 6 0.600548 7 0.617784 8 0.480930 9 2.135045 11 0.000000 
signalregion_dilepton_ee up_jesAbsolute_2017 0 1.000000 3 0.652946 4 0.659909 5 0.594163 6 0.606381 7 0.671754 8 0.276562 9 2.252742 11 0.000000 
signalregion_dilepton_ee up_jesBBEC1 0 1.000000 3 0.647269 4 0.666876 5 0.580257 6 0.607531 7 0.659965 8 0.350925 9 1.061641 11 0.000000 
signalregion_dilepton_ee up_jesBBEC1_2017 0 1.000000 3 0.649098 4 0.662511 5 0.594171 6 0.602672 7 0.673723 8 0.274681 9 2.239378 11 0.000000 
signalregion_dilepton_ee up_jesEC2 0 1.000000 3 0.650642 4 0.657047 5 0.600141 6 0.600808 7 0.669686 8 0.275160 9 2.232537 11 0.000000 
signalregion_dilepton_ee up_jesEC2_2017 0 1.000000 3 0.650631 4 0.657313 5 0.600310 6 0.601838 7 0.669157 8 0.275465 9 2.232890 11 0.000000 
signalregion_dilepton_ee up_jesFlavorQCD 0 1.000000 3 1.074768 4 1.126441 5 1.121905 6 1.186495 7 1.219477 8 1.371428 9 1.444263 11 1.368788 
signalregion_dilepton_ee up_jesHF 0 1.000000 3 0.652007 4 0.658144 5 0.601788 6 0.601698 7 0.673919 8 0.274969 9 2.279126 11 0.000000 
signalregion_dilepton_ee up_jesHF_2017 0 1.000000 3 0.651827 4 0.658282 5 0.601073 6 0.601387 7 0.673203 8 0.274156 9 2.280866 11 0.000000 
signalregion_dilepton_ee up_jesRelativeBal 0 1.000000 3 1.083473 4 1.137036 5 1.128277 6 1.191751 7 1.262673 8 1.261312 9 2.303424 11 1.440583 
signalregion_dilepton_ee up_jesRelativeSample_2017 0 1.000000 2 0.830297 3 0.649273 4 0.661735 5 0.603132 6 0.590671 7 0.704757 8 0.271595 9 2.261088 11 0.000000 
signalregion_dilepton_ee up_lf 0 1.000000 3 0.988441 4 1.023161 5 0.993321 6 1.075572 7 1.099909 8 1.159745 9 1.255320 11 1.290458 
signalregion_dilepton_ee up_lfstats1 0 1.000000 3 1.031651 4 1.062233 5 1.030233 6 1.070648 7 1.096789 8 1.099441 9 1.904266 11 1.191216 
signalregion_dilepton_ee up_lfstats2 0 1.000000 3 1.040723 4 1.073907 5 1.045297 6 1.084893 7 1.116103 8 1.118154 9 1.977135 11 1.201789 
signalregion_dilepton_em central 0 1.000000 3 1.063398 4 1.126210 5 1.186135 6 1.239386 7 1.458562 8 1.371530 9 2.469966 
signalregion_dilepton_em down_cferr1 0 1.000000 3 0.978328 4 1.036674 5 1.041891 6 1.091847 7 1.240242 8 0.948580 9 1.842865 
signalregion_dilepton_em down_cferr2 0 1.000000 3 1.029484 4 1.095081 5 1.125054 6 1.190571 7 1.359303 8 1.149187 9 2.245135 
signalregion_dilepton_em down_hf 0 1.000000 3 1.075706 4 1.168574 5 1.241679 6 1.362523 7 1.581859 8 1.540178 9 2.910239 
signalregion_dilepton_em down_hfstats1 0 1.000000 3 1.049829 4 1.110082 5 1.159284 6 1.213361 7 1.424370 8 1.338623 9 2.298482 
signalregion_dilepton_em down_hfstats2 0 1.000000 3 1.070170 4 1.134767 5 1.196680 6 1.250015 7 1.477480 8 1.381987 9 2.515765 
signalregion_dilepton_em down_jes 0 1.000000 1 0.984577 2 1.096631 3 1.071986 4 1.142309 5 1.229051 6 1.336300 7 1.529100 8 1.438314 9 2.846928 
signalregion_dilepton_em down_jesAbsolute 0 1.000000 2 0.881023 3 0.612654 4 0.624907 5 0.627356 6 0.550929 7 0.768715 8 0.558262 9 0.000000 
signalregion_dilepton_em down_jesAbsolute_2017 0 1.000000 2 1.043414 3 0.619410 4 0.621104 5 0.600494 6 0.531514 7 0.742761 8 0.544624 9 0.000000 
signalregion_dilepton_em down_jesBBEC1 0 1.000000 2 0.991974 3 0.612194 4 0.630387 5 0.615626 6 0.566713 7 0.723643 8 0.554850 9 0.000000 
signalregion_dilepton_em down_jesBBEC1_2017 0 1.000000 2 1.079624 3 0.612646 4 0.624837 5 0.598148 6 0.531110 7 0.739081 8 0.550792 9 0.000000 
signalregion_dilepton_em down_jesEC2 0 1.000000 3 0.618766 4 0.625051 5 0.596113 6 0.531539 7 0.742373 8 0.542973 9 0.000000 
signalregion_dilepton_em down_jesEC2_2017 0 1.000000 3 0.618977 4 0.625391 5 0.596913 6 0.531752 7 0.746141 8 0.542128 9 0.000000 
signalregion_dilepton_em down_jesFlavorQCD 0 1.000000 2 1.117971 3 1.064492 4 1.133718 5 1.223756 6 1.280063 7 1.534613 8 1.394294 9 2.672325 
signalregion_dilepton_em down_jesHF 0 1.000000 3 0.617531 4 0.623974 5 0.594614 6 0.531152 7 0.732432 8 0.552196 9 0.000000 
signalregion_dilepton_em down_jesHF_2017 0 1.000000 3 0.617322 4 0.623982 5 0.594413 6 0.531070 7 0.730687 8 0.553137 9 0.000000 
signalregion_dilepton_em down_jesRelativeBal 0 1.000000 3 1.062775 4 1.125311 5 1.185959 6 1.243881 7 1.431565 8 1.357534 9 2.469836 
signalregion_dilepton_em down_jesRelativeSample_2017 0 1.000000 3 0.619724 4 0.621644 5 0.597081 6 0.529652 7 0.743177 8 0.545300 9 0.000000 
signalregion_dilepton_em down_lf 0 1.000000 3 1.142958 4 1.222120 5 1.344589 6 1.405549 7 1.680588 8 1.593650 9 3.872713 
signalregion_dilepton_em down_lfstats1 0 1.000000 3 1.116099 4 1.206841 5 1.297642 6 1.389525 7 1.650408 8 1.600307 9 2.905297 
signalregion_dilepton_em down_lfstats2 0 1.000000 3 1.106796 4 1.195097 5 1.280489 6 1.368771 7 1.627020 8 1.566495 9 2.842417 
signalregion_dilepton_em up_cferr1 0 1.000000 3 1.188096 4 1.258396 5 1.384546 6 1.467397 7 1.780870 8 2.232513 9 3.316083 
signalregion_dilepton_em up_cferr2 0 1.000000 3 1.137917 4 1.202942 5 1.301565 6 1.362748 7 1.641124 8 1.840557 9 2.935731 
signalregion_dilepton_em up_hf 0 1.000000 3 1.043750 4 1.074906 5 1.121639 6 1.112046 7 1.322275 8 1.203457 9 2.047138 
signalregion_dilepton_em up_hfstats1 0 1.000000 3 1.078493 4 1.144109 5 1.215899 6 1.269037 7 1.498283 8 1.408787 9 2.673373 
signalregion_dilepton_em up_hfstats2 0 1.000000 3 1.058283 4 1.119652 5 1.178286 6 1.232201 7 1.445268 8 1.365566 9 2.447159 
signalregion_dilepton_em up_jes 0 1.000000 3 1.055612 4 1.094882 5 1.158143 6 1.204555 7 1.360729 8 1.097009 9 1.885676 
signalregion_dilepton_em up_jesAbsolute 0 1.000000 3 0.623579 4 0.596734 5 0.603014 6 0.511333 7 0.742392 8 0.328017 9 0.000000 
signalregion_dilepton_em up_jesAbsolute_2017 0 1.000000 3 0.621783 4 0.612581 5 0.604463 6 0.528569 7 0.694236 8 0.551118 9 0.000000 
signalregion_dilepton_em up_jesBBEC1 0 1.000000 3 0.630099 4 0.592392 5 0.612820 6 0.527850 7 0.703603 8 0.388764 9 0.000000 
signalregion_dilepton_em up_jesBBEC1_2017 0 1.000000 3 0.621177 4 0.609983 5 0.602893 6 0.530106 7 0.721681 8 0.559547 9 0.000000 
signalregion_dilepton_em up_jesEC2 0 1.000000 3 0.616284 4 0.623423 5 0.593185 6 0.531707 7 0.723257 8 0.558403 9 0.000000 
signalregion_dilepton_em up_jesEC2_2017 0 1.000000 3 0.616489 4 0.623439 5 0.593597 6 0.530960 7 0.721739 8 0.555835 9 0.000000 
signalregion_dilepton_em up_jesFlavorQCD 0 1.000000 3 1.060374 4 1.104950 5 1.177303 6 1.232476 7 1.392598 8 1.194469 9 2.220424 
signalregion_dilepton_em up_jesHF 0 1.000000 3 0.617325 4 0.624065 5 0.594798 6 0.530066 7 0.729823 8 0.539284 9 0.000000 
signalregion_dilepton_em up_jesHF_2017 0 1.000000 3 0.617244 4 0.623785 5 0.593987 6 0.531187 7 0.729949 8 0.551862 9 0.000000 
signalregion_dilepton_em up_jesRelativeBal 0 1.000000 2 0.878866 3 1.064090 4 1.124282 5 1.195871 6 1.240822 7 1.468160 8 1.373077 9 2.489145 
signalregion_dilepton_em up_jesRelativeSample_2017 0 1.000000 2 1.206483 3 0.614492 4 0.624522 5 0.594449 6 0.542514 7 0.726995 8 0.548495 9 0.000000 
signalregion_dilepton_em up_lf 0 1.000000 3 0.983256 4 1.029332 5 1.041336 6 1.082578 7 1.245037 8 1.162067 9 1.555806 
signalregion_dilepton_em up_lfstats1 0 1.000000 3 1.014117 4 1.051804 5 1.085553 6 1.106308 7 1.290701 8 1.168875 9 2.101392 
signalregion_dilepton_em up_lfstats2 0 1.000000 3 1.022842 4 1.062562 5 1.100303 6 1.124052 7 1.310173 8 1.198277 9 2.152699 
signalregion_dilepton_inclusive central 0 1.000000 3 1.075619 4 1.120434 5 1.151428 6 1.204350 7 1.273569 8 1.248371 9 2.088981 10 1.807474 11 1.436773 
signalregion_dilepton_inclusive down_cferr1 0 1.000000 3 0.994327 4 1.020353 5 1.014504 6 1.067556 7 1.091359 8 0.990615 9 1.828018 10 1.245045 11 0.989695 
signalregion_dilepton_inclusive down_cferr2 0 1.000000 3 1.043922 4 1.081832 5 1.095683 6 1.152958 7 1.194037 8 1.128198 9 2.027992 10 1.538003 11 1.222569 
signalregion_dilepton_inclusive down_hf 0 1.000000 3 1.092315 4 1.162651 5 1.215916 6 1.309775 7 1.381965 8 1.371017 9 2.516893 10 2.137250 11 1.668439 
signalregion_dilepton_inclusive down_hfstats1 0 1.000000 3 1.061291 4 1.103572 5 1.129326 6 1.182589 7 1.248700 8 1.225156 9 1.979893 10 1.749778 11 1.423117 
signalregion_dilepton_inclusive down_hfstats2 0 1.000000 3 1.082745 4 1.129607 5 1.161266 6 1.215560 7 1.291107 8 1.266362 9 2.125430 10 1.819899 11 1.444118 
signalregion_dilepton_inclusive down_jes 0 1.000000 1 0.968639 2 1.047036 3 1.093931 4 1.139330 5 1.192562 6 1.236390 7 1.343880 8 1.281857 9 2.440909 10 2.202940 11 1.558785 
signalregion_dilepton_inclusive down_jesAbsolute 0 1.000000 2 0.808183 3 0.646577 4 0.636966 5 0.571747 6 0.572963 7 0.583669 8 0.493299 9 0.682137 10 0.000000 11 0.000000 
signalregion_dilepton_inclusive down_jesAbsolute_2017 0 1.000000 2 0.792773 3 0.650069 4 0.624947 5 0.565434 6 0.577494 7 0.558629 8 0.510046 9 0.657466 10 0.000000 11 0.000000 
signalregion_dilepton_inclusive down_jesBBEC1 0 1.000000 2 0.737368 3 0.650324 4 0.631801 5 0.563747 6 0.591232 7 0.557230 8 0.558729 9 0.682512 10 0.000000 11 0.000000 
signalregion_dilepton_inclusive down_jesBBEC1_2017 0 1.000000 2 0.783318 3 0.646608 4 0.625913 5 0.565622 6 0.582537 7 0.537962 8 0.548922 9 0.659563 10 0.000000 11 0.000000 
signalregion_dilepton_inclusive down_jesEC2 0 1.000000 3 0.650489 4 0.623231 5 0.567880 6 0.583755 7 0.545163 8 0.510135 9 0.660178 10 0.000000 11 0.000000 
signalregion_dilepton_inclusive down_jesEC2_2017 0 1.000000 3 0.650825 4 0.623687 5 0.568417 6 0.584685 7 0.546933 8 0.510518 9 0.665901 10 0.000000 11 0.000000 
signalregion_dilepton_inclusive down_jesFlavorQCD 0 1.000000 1 0.951980 2 1.045673 3 1.083888 4 1.132361 5 1.176157 6 1.215023 7 1.327261 8 1.264660 9 2.302950 10 2.035432 11 1.509116 
signalregion_dilepton_inclusive down_jesHF 0 1.000000 3 0.649462 4 0.622110 5 0.566543 6 0.581813 7 0.540322 8 0.512789 9 0.648823 10 0.000000 11 0.000000 
signalregion_dilepton_inclusive down_jesHF_2017 0 1.000000 3 0.649082 4 0.621809 5 0.566001 6 0.581075 7 0.539803 8 0.512637 9 0.646918 10 0.000000 11 0.000000 
signalregion_dilepton_inclusive down_jesRelativeBal 0 1.000000 2 1.124827 3 1.075534 4 1.119950 5 1.151262 6 1.202719 7 1.266649 8 1.242469 9 2.059958 10 1.780958 11 1.434894 
signalregion_dilepton_inclusive down_jesRelativeSample_2017 0 1.000000 3 0.649334 4 0.625936 5 0.563800 6 0.582154 7 0.538442 8 0.507763 9 0.652521 10 0.000000 11 0.000000 
signalregion_dilepton_inclusive down_lf 0 1.000000 3 1.160276 4 1.219452 5 1.281827 6 1.334502 7 1.426462 8 1.357871 9 2.983908 10 2.289377 11 1.556461 
signalregion_dilepton_inclusive down_lfstats1 0 1.000000 3 1.130014 4 1.200575 5 1.260494 6 1.347252 7 1.450667 8 1.459639 9 2.434384 10 2.119958 11 1.734217 
signalregion_dilepton_inclusive down_lfstats2 0 1.000000 3 1.120799 4 1.188480 5 1.244110 6 1.327460 7 1.425199 8 1.426596 9 2.404234 10 2.151686 11 1.720338 
signalregion_dilepton_inclusive up_cferr1 0 1.000000 3 1.192306 4 1.264722 5 1.349809 6 1.411631 7 1.545262 8 1.769745 9 2.480891 10 2.478677 11 1.970317 
signalregion_dilepton_inclusive up_cferr2 0 1.000000 3 1.144445 4 1.204260 5 1.265912 6 1.319974 7 1.432167 8 1.534089 9 2.290370 10 2.204463 11 1.752342 
signalregion_dilepton_inclusive up_hf 0 1.000000 3 1.052202 4 1.070004 5 1.079091 6 1.094875 7 1.154524 8 1.117544 9 1.716158 10 1.447437 11 1.178668 
signalregion_dilepton_inclusive up_hfstats1 0 1.000000 3 1.091682 4 1.139313 5 1.175909 6 1.228612 7 1.302432 8 1.274050 9 2.220200 10 1.876698 11 1.450245 
signalregion_dilepton_inclusive up_hfstats2 0 1.000000 3 1.070366 4 1.113457 5 1.143937 6 1.195724 7 1.260231 8 1.233296 9 2.069394 10 1.807212 11 1.427771 
signalregion_dilepton_inclusive up_jes 0 1.000000 3 1.063132 4 1.092869 5 1.131164 6 1.175159 7 1.193130 8 1.179107 9 1.608662 10 1.566035 11 1.353379 
signalregion_dilepton_inclusive up_jesAbsolute 0 1.000000 3 0.647214 4 0.619084 5 0.557721 6 0.578969 7 0.506501 8 0.478466 9 0.615125 10 0.000000 11 0.000000 
signalregion_dilepton_inclusive up_jesAbsolute_2017 0 1.000000 3 0.649248 4 0.621117 5 0.565585 6 0.580824 7 0.524406 8 0.510279 9 0.640960 10 0.000000 11 0.000000 
signalregion_dilepton_inclusive up_jesBBEC1 0 1.000000 3 0.647965 4 0.619534 5 0.562095 6 0.577425 7 0.521876 8 0.482792 9 0.509921 10 0.000000 11 0.000000 
signalregion_dilepton_inclusive up_jesBBEC1_2017 0 1.000000 3 0.649196 4 0.619643 5 0.563454 6 0.583704 7 0.530596 8 0.512955 9 0.637765 10 0.000000 11 0.000000 
signalregion_dilepton_inclusive up_jesEC2 0 1.000000 3 0.648017 4 0.620679 5 0.564909 6 0.580037 7 0.535421 8 0.513839 9 0.636287 10 0.000000 11 0.000000 
signalregion_dilepton_inclusive up_jesEC2_2017 0 1.000000 3 0.648031 4 0.620693 5 0.565214 6 0.579855 7 0.535025 8 0.512514 9 0.636825 10 0.000000 11 0.000000 
signalregion_dilepton_inclusive up_jesFlavorQCD 0 1.000000 3 1.069085 4 1.107398 5 1.139162 6 1.193987 7 1.224106 8 1.223878 9 1.785591 10 1.614446 11 1.368788 
signalregion_dilepton_inclusive up_jesHF 0 1.000000 3 0.648971 4 0.621581 5 0.566219 6 0.580922 7 0.539456 8 0.507646 9 0.647640 10 0.000000 11 0.000000 
signalregion_dilepton_inclusive up_jesHF_2017 0 1.000000 3 0.648945 4 0.621559 5 0.565730 6 0.580801 7 0.539326 8 0.512189 9 0.647105 10 0.000000 11 0.000000 
signalregion_dilepton_inclusive up_jesRelativeBal 0 1.000000 2 1.047808 3 1.076331 4 1.120569 5 1.155066 6 1.206301 7 1.280013 8 1.249609 9 2.109532 10 1.837034 11 1.440583 
signalregion_dilepton_inclusive up_jesRelativeSample_2017 0 1.000000 2 0.896545 3 0.645094 4 0.627894 5 0.565053 6 0.578715 7 0.544414 8 0.510653 9 0.643659 10 0.000000 11 0.000000 
signalregion_dilepton_inclusive up_lf 0 1.000000 3 0.991157 4 1.021871 5 1.027324 6 1.074989 7 1.124918 8 1.126496 9 1.471753 10 1.349040 11 1.290458 
signalregion_dilepton_inclusive up_lfstats1 0 1.000000 3 1.024775 4 1.046575 5 1.052938 6 1.077492 7 1.119699 8 1.065990 9 1.776208 10 1.538691 11 1.191216 
signalregion_dilepton_inclusive up_lfstats2 0 1.000000 3 1.033488 4 1.057628 5 1.067168 6 1.094166 7 1.140431 8 1.092579 9 1.810259 10 1.522136 11 1.201789 
signalregion_dilepton_me central 0 1.000000 3 1.079848 4 1.117933 5 1.113110 6 1.187770 7 1.227773 8 1.165364 10 1.807474 
signalregion_dilepton_me down_cferr1 0 1.000000 3 1.012249 4 1.019784 5 0.962245 6 1.069303 7 0.973953 8 1.053314 10 1.245045 
signalregion_dilepton_me down_cferr2 0 1.000000 3 1.056228 4 1.078920 5 1.052712 6 1.141042 7 1.106579 8 1.109762 10 1.538003 
signalregion_dilepton_me down_hf 0 1.000000 3 1.096099 4 1.151703 5 1.195787 6 1.272888 7 1.324150 8 1.233910 10 2.137250 
signalregion_dilepton_me down_hfstats1 0 1.000000 3 1.064536 4 1.099517 5 1.094257 6 1.170055 7 1.206220 8 1.153960 10 1.749778 
signalregion_dilepton_me down_hfstats2 0 1.000000 3 1.087418 4 1.126820 5 1.123464 6 1.198532 7 1.249056 8 1.190993 10 1.819899 
signalregion_dilepton_me down_jes 0 1.000000 2 1.069322 3 1.100492 4 1.141216 5 1.160940 6 1.134873 7 1.263113 8 1.192639 10 2.202940 
signalregion_dilepton_me down_jesAbsolute 0 1.000000 2 0.885057 3 0.674955 4 0.679444 5 0.496109 6 0.628054 7 0.221717 8 0.751590 10 0.000000 
signalregion_dilepton_me down_jesAbsolute_2017 0 1.000000 2 0.847485 3 0.681616 4 0.662265 5 0.485891 6 0.656746 7 0.209081 8 0.751167 10 0.000000 
signalregion_dilepton_me down_jesBBEC1 0 1.000000 2 0.855285 3 0.681866 4 0.676234 5 0.478087 6 0.641081 7 0.211513 8 0.750070 10 0.000000 
signalregion_dilepton_me down_jesBBEC1_2017 0 1.000000 2 0.830994 3 0.682378 4 0.659694 5 0.486425 6 0.669115 7 0.196650 8 0.751684 10 0.000000 
signalregion_dilepton_me down_jesEC2 0 1.000000 3 0.685939 4 0.658158 5 0.487128 6 0.671492 7 0.196411 8 0.745977 10 0.000000 
signalregion_dilepton_me down_jesEC2_2017 0 1.000000 3 0.686297 4 0.658670 5 0.487476 6 0.672690 7 0.197321 8 0.746775 10 0.000000 
signalregion_dilepton_me down_jesFlavorQCD 0 1.000000 2 1.051034 3 1.090301 4 1.129134 5 1.142763 6 1.152125 7 1.239907 8 1.177646 10 2.035432 
signalregion_dilepton_me down_jesHF 0 1.000000 3 0.685108 4 0.656796 5 0.485932 6 0.668565 7 0.195870 8 0.742095 10 0.000000 
signalregion_dilepton_me down_jesHF_2017 0 1.000000 3 0.684607 4 0.656177 5 0.485492 6 0.667433 7 0.195987 8 0.742255 10 0.000000 
signalregion_dilepton_me down_jesRelativeBal 0 1.000000 2 1.124827 3 1.079283 4 1.118661 5 1.111123 6 1.183725 7 1.225325 8 1.161314 10 1.780958 
signalregion_dilepton_me down_jesRelativeSample_2017 0 1.000000 3 0.683326 4 0.665776 5 0.479832 6 0.667271 7 0.196098 8 0.741557 10 0.000000 
signalregion_dilepton_me down_lf 0 1.000000 3 1.169401 4 1.228903 5 1.222002 6 1.294933 7 1.348579 8 1.197257 10 2.289377 
signalregion_dilepton_me down_lfstats1 0 1.000000 3 1.134625 4 1.197010 5 1.216372 6 1.330636 7 1.387483 8 1.407788 10 2.119958 
signalregion_dilepton_me down_lfstats2 0 1.000000 3 1.125514 4 1.184567 5 1.202073 6 1.307460 7 1.360971 8 1.358368 10 2.151686 
signalregion_dilepton_me up_cferr1 0 1.000000 3 1.181390 4 1.257449 5 1.327210 6 1.381501 7 1.620644 8 1.317548 10 2.478677 
signalregion_dilepton_me up_cferr2 0 1.000000 3 1.138897 4 1.198781 5 1.234462 6 1.296615 7 1.472933 8 1.263170 10 2.204463 
signalregion_dilepton_me up_hf 0 1.000000 3 1.057016 4 1.074541 5 1.026149 6 1.093648 7 1.127821 8 1.078150 10 1.447437 
signalregion_dilepton_me up_hfstats1 0 1.000000 3 1.096996 4 1.138661 5 1.133757 6 1.207231 7 1.252818 8 1.182441 10 1.876698 
signalregion_dilepton_me up_hfstats2 0 1.000000 3 1.074221 4 1.111453 5 1.104620 6 1.178998 7 1.210096 8 1.146745 10 1.807212 
signalregion_dilepton_me up_jes 0 1.000000 3 1.063561 4 1.089748 5 1.101176 6 1.151338 7 1.151184 8 1.142032 10 1.566035 
signalregion_dilepton_me up_jesAbsolute 0 1.000000 3 0.676547 4 0.659528 5 0.489874 6 0.649292 7 0.192948 8 0.737708 10 0.000000 
signalregion_dilepton_me up_jesAbsolute_2017 0 1.000000 3 0.680820 4 0.662074 5 0.484239 6 0.661416 7 0.195282 8 0.734437 10 0.000000 
signalregion_dilepton_me up_jesBBEC1 0 1.000000 3 0.673636 4 0.667349 5 0.478481 6 0.637847 7 0.194401 8 0.737303 10 0.000000 
signalregion_dilepton_me up_jesBBEC1_2017 0 1.000000 3 0.683853 4 0.656056 5 0.479875 6 0.673674 7 0.195702 8 0.739162 10 0.000000 
signalregion_dilepton_me up_jesEC2 0 1.000000 3 0.683107 4 0.654246 5 0.484735 6 0.664110 7 0.195445 8 0.739806 10 0.000000 
signalregion_dilepton_me up_jesEC2_2017 0 1.000000 3 0.683010 4 0.654061 5 0.484862 6 0.664228 7 0.195364 8 0.732501 10 0.000000 
signalregion_dilepton_me up_jesFlavorQCD 0 1.000000 3 1.071650 4 1.107827 5 1.095692 6 1.177493 7 1.183892 8 1.158460 10 1.614446 
signalregion_dilepton_me up_jesHF 0 1.000000 3 0.684458 4 0.655946 5 0.485397 6 0.667672 7 0.195685 8 0.738201 10 0.000000 
signalregion_dilepton_me up_jesHF_2017 0 1.000000 3 0.684429 4 0.655898 5 0.485215 6 0.667558 7 0.195770 8 0.742370 10 0.000000 
signalregion_dilepton_me up_jesRelativeBal 0 1.000000 2 1.216750 3 1.080406 4 1.119581 5 1.115098 6 1.191575 7 1.232594 8 1.165270 10 1.837034 
signalregion_dilepton_me up_jesRelativeSample_2017 0 1.000000 2 0.843301 3 0.678477 4 0.663483 5 0.493176 6 0.648252 7 0.196344 8 0.738995 10 0.000000 
signalregion_dilepton_me up_lf 0 1.000000 3 0.991185 4 1.009688 5 1.006289 6 1.074218 7 1.110042 8 1.114047 10 1.349040 
signalregion_dilepton_me up_lfstats1 0 1.000000 3 1.028591 4 1.045251 5 1.019755 6 1.061002 7 1.087932 8 0.967397 10 1.538691 
signalregion_dilepton_me up_lfstats2 0 1.000000 3 1.037230 4 1.056647 5 1.032261 6 1.080003 7 1.109830 8 1.003158 10 1.522136 
signalregion_dilepton_minus central 0 1.000000 3 1.080383 4 1.119089 5 1.165965 6 1.177221 7 1.281129 8 1.204497 9 1.681542 10 1.807474 11 1.436773 
signalregion_dilepton_minus down_cferr1 0 1.000000 3 1.007091 4 1.019695 5 1.021305 6 1.040285 7 1.093383 8 0.942155 9 1.687487 10 1.245045 11 0.989695 
signalregion_dilepton_minus down_cferr2 0 1.000000 3 1.052776 4 1.079595 5 1.105642 6 1.117124 7 1.196696 8 1.079515 9 1.726397 10 1.538003 11 1.222569 
signalregion_dilepton_minus down_hf 0 1.000000 3 1.097742 4 1.159020 5 1.239909 6 1.295318 7 1.388863 8 1.304144 9 1.948789 10 2.137250 11 1.668439 
signalregion_dilepton_minus down_hfstats1 0 1.000000 3 1.065981 4 1.102364 5 1.144430 6 1.159547 7 1.254478 8 1.179203 9 1.590809 10 1.749778 11 1.423117 
signalregion_dilepton_minus down_hfstats2 0 1.000000 3 1.087756 4 1.127839 5 1.177001 6 1.188450 7 1.298543 8 1.224250 9 1.732009 10 1.819899 11 1.444118 
signalregion_dilepton_minus down_jes 0 1.000000 2 1.050947 3 1.102245 4 1.133038 5 1.192486 6 1.235109 7 1.334835 8 1.198762 9 1.901571 10 2.202940 11 1.558785 
signalregion_dilepton_minus down_jesAbsolute 0 1.000000 2 0.992503 3 0.670814 4 0.639831 5 0.553220 6 0.564569 7 0.554313 8 0.368329 9 1.136895 10 0.000000 11 0.000000 
signalregion_dilepton_minus down_jesAbsolute_2017 0 1.000000 2 0.722963 3 0.676564 4 0.625911 5 0.557887 6 0.566294 7 0.523729 8 0.430942 9 1.095776 10 0.000000 11 0.000000 
signalregion_dilepton_minus down_jesBBEC1 0 1.000000 2 0.999396 3 0.677294 4 0.629867 5 0.547731 6 0.577166 7 0.540863 8 0.501977 9 1.137520 10 0.000000 11 0.000000 
signalregion_dilepton_minus down_jesBBEC1_2017 0 1.000000 2 0.720711 3 0.675031 4 0.627149 5 0.557320 6 0.576515 7 0.491969 8 0.484707 9 1.099272 10 0.000000 11 0.000000 
signalregion_dilepton_minus down_jesEC2 0 1.000000 3 0.678754 4 0.621980 5 0.562366 6 0.578256 7 0.502606 8 0.433246 9 1.100297 10 0.000000 11 0.000000 
signalregion_dilepton_minus down_jesEC2_2017 0 1.000000 3 0.679041 4 0.622455 5 0.562907 6 0.579078 7 0.504704 8 0.434371 9 1.109835 10 0.000000 11 0.000000 
signalregion_dilepton_minus down_jesFlavorQCD 0 1.000000 2 1.076667 3 1.090020 4 1.133278 5 1.173933 6 1.206363 7 1.333910 8 1.207065 9 1.812587 10 2.035432 11 1.509116 
signalregion_dilepton_minus down_jesHF 0 1.000000 3 0.677948 4 0.620926 5 0.561205 6 0.576156 7 0.498102 8 0.432656 9 1.081371 10 0.000000 11 0.000000 
signalregion_dilepton_minus down_jesHF_2017 0 1.000000 3 0.677550 4 0.620687 5 0.560499 6 0.575499 7 0.498541 8 0.432310 9 1.078196 10 0.000000 11 0.000000 
signalregion_dilepton_minus down_jesRelativeBal 0 1.000000 2 1.124827 3 1.080095 4 1.118534 5 1.167577 6 1.174090 7 1.279693 8 1.207021 9 1.672756 10 1.780958 11 1.434894 
signalregion_dilepton_minus down_jesRelativeSample_2017 0 1.000000 3 0.676839 4 0.626960 5 0.558753 6 0.575787 7 0.502194 8 0.427055 9 1.087536 10 0.000000 11 0.000000 
signalregion_dilepton_minus down_lf 0 1.000000 3 1.161869 4 1.213851 5 1.291760 6 1.282057 7 1.452463 8 1.316971 9 2.313480 10 2.289377 11 1.556461 
signalregion_dilepton_minus down_lfstats1 0 1.000000 3 1.135039 4 1.200075 5 1.277669 6 1.315398 7 1.460797 8 1.403642 9 2.021073 10 2.119958 11 1.734217 
signalregion_dilepton_minus down_lfstats2 0 1.000000 3 1.125765 4 1.187668 5 1.262194 6 1.296397 7 1.433007 8 1.371785 9 1.965755 10 2.151686 11 1.720338 
signalregion_dilepton_minus up_cferr1 0 1.000000 3 1.185954 4 1.262969 5 1.369391 6 1.381482 7 1.546844 8 1.815636 9 1.716531 10 2.478677 11 1.970317 
signalregion_dilepton_minus up_cferr2 0 1.000000 3 1.142401 4 1.204003 5 1.283354 6 1.298070 7 1.440846 8 1.533772 9 1.680032 10 2.204463 11 1.752342 
signalregion_dilepton_minus up_hf 0 1.000000 3 1.056533 4 1.070380 5 1.085033 6 1.061200 7 1.163069 8 1.093038 9 1.419958 10 1.447437 11 1.178668 
signalregion_dilepton_minus up_hfstats1 0 1.000000 3 1.096495 4 1.137793 5 1.190092 6 1.196886 7 1.311936 8 1.231314 9 1.789592 10 1.876698 11 1.450245 
signalregion_dilepton_minus up_hfstats2 0 1.000000 3 1.074863 4 1.112469 5 1.157577 6 1.168319 7 1.267850 8 1.186783 9 1.645351 10 1.807212 11 1.427771 
signalregion_dilepton_minus up_jes 0 1.000000 3 1.068427 4 1.095377 5 1.147317 6 1.146598 7 1.200975 8 1.215382 9 1.299263 10 1.566035 11 1.353379 
signalregion_dilepton_minus up_jesAbsolute 0 1.000000 3 0.672212 4 0.625951 5 0.548675 6 0.586482 7 0.451957 8 0.492595 9 1.025208 10 0.000000 11 0.000000 
signalregion_dilepton_minus up_jesAbsolute_2017 0 1.000000 3 0.677977 4 0.618921 5 0.560175 6 0.576808 7 0.496410 8 0.430846 9 1.068267 10 0.000000 11 0.000000 
signalregion_dilepton_minus up_jesBBEC1 0 1.000000 3 0.676212 4 0.619671 5 0.547587 6 0.582214 7 0.497914 8 0.440043 9 0.764882 10 0.000000 11 0.000000 
signalregion_dilepton_minus up_jesBBEC1_2017 0 1.000000 3 0.677946 4 0.616833 5 0.561312 6 0.578029 7 0.496075 8 0.429400 9 1.062941 10 0.000000 11 0.000000 
signalregion_dilepton_minus up_jesEC2 0 1.000000 3 0.676651 4 0.619748 5 0.559532 6 0.574445 7 0.494680 8 0.430967 9 1.060478 10 0.000000 11 0.000000 
signalregion_dilepton_minus up_jesEC2_2017 0 1.000000 3 0.676605 4 0.619677 5 0.560039 6 0.574458 7 0.494271 8 0.431606 9 1.061375 10 0.000000 11 0.000000 
signalregion_dilepton_minus up_jesFlavorQCD 0 1.000000 3 1.073868 4 1.108833 5 1.156908 6 1.167203 7 1.238358 8 1.226118 9 1.393202 10 1.614446 11 1.368788 
signalregion_dilepton_minus up_jesHF 0 1.000000 3 0.677338 4 0.620440 5 0.560669 6 0.575368 7 0.497893 8 0.432007 9 1.079400 10 0.000000 11 0.000000 
signalregion_dilepton_minus up_jesHF_2017 0 1.000000 3 0.677367 4 0.620397 5 0.560256 6 0.575034 7 0.497638 8 0.432195 9 1.078509 10 0.000000 11 0.000000 
signalregion_dilepton_minus up_jesRelativeBal 0 1.000000 3 1.080911 4 1.118860 5 1.170690 6 1.181659 7 1.288733 8 1.201448 9 1.691702 10 1.837034 11 1.440583 
signalregion_dilepton_minus up_jesRelativeSample_2017 0 1.000000 2 1.080543 3 0.673722 4 0.626886 5 0.555970 6 0.574389 7 0.505617 8 0.432213 9 1.072765 10 0.000000 11 0.000000 
signalregion_dilepton_minus up_lf 0 1.000000 3 0.998165 4 1.024202 5 1.045415 6 1.068233 7 1.119815 8 1.078494 9 1.209048 10 1.349040 11 1.290458 
signalregion_dilepton_minus up_lfstats1 0 1.000000 3 1.029200 4 1.044475 5 1.065380 6 1.054436 7 1.125308 8 1.034049 9 1.403424 10 1.538691 11 1.191216 
signalregion_dilepton_minus up_lfstats2 0 1.000000 3 1.037985 4 1.055842 5 1.078935 6 1.070406 7 1.147758 8 1.058954 9 1.444514 10 1.522136 11 1.201789 
signalregion_dilepton_mm central 0 1.000000 3 1.078312 4 1.103595 5 1.181993 6 1.193875 7 1.122476 8 1.040560 9 1.612013 
signalregion_dilepton_mm down_cferr1 0 1.000000 3 0.988026 4 0.992609 5 1.045914 6 1.038633 7 0.921186 8 1.082924 9 1.586706 
signalregion_dilepton_mm down_cferr2 0 1.000000 3 1.041472 4 1.060140 5 1.127586 6 1.130320 7 1.033914 8 1.048035 9 1.684373 
signalregion_dilepton_mm down_hf 0 1.000000 3 1.103608 4 1.154553 5 1.248528 6 1.311239 7 1.185279 8 1.134228 9 2.233790 
signalregion_dilepton_mm down_hfstats1 0 1.000000 3 1.066254 4 1.090793 5 1.162001 6 1.173326 7 1.107227 8 1.029828 9 1.598872 
signalregion_dilepton_mm down_hfstats2 0 1.000000 3 1.085414 4 1.111320 5 1.190213 6 1.204334 7 1.138004 8 1.072533 9 1.630226 
signalregion_dilepton_mm down_jes 0 1.000000 1 0.952702 2 1.061925 3 1.100108 4 1.116115 5 1.230187 6 1.194386 7 1.203938 8 1.094305 9 1.912974 
signalregion_dilepton_mm down_jesAbsolute 0 1.000000 2 0.983890 3 0.638798 4 0.581802 5 0.564323 6 0.520732 7 0.526748 8 0.683404 9 0.484357 
signalregion_dilepton_mm down_jesAbsolute_2017 0 1.000000 2 0.865412 3 0.640527 4 0.565681 5 0.580748 6 0.537100 7 0.477465 8 0.664924 9 0.477661 
signalregion_dilepton_mm down_jesBBEC1 0 1.000000 2 0.843168 3 0.638181 4 0.575968 5 0.562971 6 0.554493 7 0.502685 8 0.673044 9 0.488371 
signalregion_dilepton_mm down_jesBBEC1_2017 0 1.000000 3 0.635089 4 0.566887 5 0.585936 6 0.536478 7 0.476708 8 0.661099 9 0.480156 
signalregion_dilepton_mm down_jesEC2 0 1.000000 3 0.640457 4 0.558336 5 0.595806 6 0.537078 7 0.476445 8 0.666231 9 0.479325 
signalregion_dilepton_mm down_jesEC2_2017 0 1.000000 3 0.640965 4 0.558712 5 0.596305 6 0.538381 7 0.477321 8 0.670323 9 0.479368 
signalregion_dilepton_mm down_jesFlavorQCD 0 1.000000 1 0.951980 2 1.072163 3 1.088441 4 1.113984 5 1.207624 6 1.185812 7 1.174876 8 1.056966 9 1.818978 
signalregion_dilepton_mm down_jesHF 0 1.000000 3 0.639701 4 0.557892 5 0.594727 6 0.534215 7 0.473053 8 0.662379 9 0.476613 
signalregion_dilepton_mm down_jesHF_2017 0 1.000000 3 0.639386 4 0.557594 5 0.594146 6 0.533233 7 0.473390 8 0.663004 9 0.476761 
signalregion_dilepton_mm down_jesRelativeBal 0 1.000000 3 1.078810 4 1.102481 5 1.182808 6 1.187964 7 1.121632 8 1.052956 9 1.550331 
signalregion_dilepton_mm down_jesRelativeSample_2017 0 1.000000 3 0.641545 4 0.557651 5 0.593594 6 0.535044 7 0.455558 8 0.639886 9 0.474352 
signalregion_dilepton_mm down_lf 0 1.000000 3 1.153494 4 1.178066 5 1.290987 6 1.321974 7 1.206112 8 1.091540 9 1.706201 
signalregion_dilepton_mm down_lfstats1 0 1.000000 3 1.134189 4 1.183016 5 1.296091 6 1.336058 7 1.286985 8 1.240324 9 1.808132 
signalregion_dilepton_mm down_lfstats2 0 1.000000 3 1.125280 4 1.171394 5 1.279021 6 1.317734 7 1.259039 8 1.205118 9 1.842439 
signalregion_dilepton_mm up_cferr1 0 1.000000 3 1.202400 4 1.263521 5 1.384891 6 1.429489 7 1.386570 8 1.035852 9 1.745672 
signalregion_dilepton_mm up_cferr2 0 1.000000 3 1.151073 4 1.196241 5 1.299288 6 1.330269 7 1.269952 8 1.071041 9 1.649720 
signalregion_dilepton_mm up_hf 0 1.000000 3 1.046687 4 1.045861 5 1.105966 6 1.084480 7 1.041080 8 0.937266 9 1.132191 
signalregion_dilepton_mm up_hfstats1 0 1.000000 3 1.091952 4 1.117755 5 1.204145 6 1.216666 7 1.141443 8 1.051310 9 1.626743 
signalregion_dilepton_mm up_hfstats2 0 1.000000 3 1.073009 4 1.097497 5 1.175901 6 1.185683 7 1.111358 8 1.010161 9 1.596310 
signalregion_dilepton_mm up_jes 0 1.000000 3 1.064707 4 1.078628 5 1.159728 6 1.156812 7 1.075338 8 1.028621 9 1.330955 
signalregion_dilepton_mm up_jesAbsolute 0 1.000000 3 0.640700 4 0.562738 5 0.560472 6 0.561266 7 0.415947 8 0.684004 9 0.470289 
signalregion_dilepton_mm up_jesAbsolute_2017 0 1.000000 3 0.638817 4 0.558595 5 0.590541 6 0.537919 7 0.452197 8 0.656235 9 0.476030 
signalregion_dilepton_mm up_jesBBEC1 0 1.000000 3 0.638070 4 0.559842 5 0.581657 6 0.538883 7 0.451601 8 0.693857 9 0.468123 
signalregion_dilepton_mm up_jesBBEC1_2017 0 1.000000 3 0.638957 4 0.558877 5 0.587126 6 0.537764 7 0.451520 8 0.652848 9 0.474722 
signalregion_dilepton_mm up_jesEC2 0 1.000000 3 0.639036 4 0.556953 5 0.592662 6 0.533125 7 0.468894 8 0.660175 9 0.474449 
signalregion_dilepton_mm up_jesEC2_2017 0 1.000000 3 0.638993 4 0.556951 5 0.593195 6 0.532120 7 0.469598 8 0.666851 9 0.475618 
signalregion_dilepton_mm up_jesFlavorQCD 0 1.000000 3 1.070594 4 1.093734 5 1.163866 6 1.176006 7 1.093671 8 1.056062 9 1.474670 
signalregion_dilepton_mm up_jesHF 0 1.000000 3 0.639048 4 0.557193 5 0.594055 6 0.534239 7 0.472955 8 0.664414 9 0.479537 
signalregion_dilepton_mm up_jesHF_2017 0 1.000000 3 0.639225 4 0.557305 5 0.593800 6 0.532916 7 0.472940 8 0.662818 9 0.477330 
signalregion_dilepton_mm up_jesRelativeBal 0 1.000000 3 1.078810 4 1.104577 5 1.184007 6 1.196137 7 1.129200 8 1.038190 9 1.632974 
signalregion_dilepton_mm up_jesRelativeSample_2017 0 1.000000 2 0.865828 3 0.635810 4 0.569956 5 0.579926 6 0.541981 7 0.471957 8 0.671181 9 0.478604 
signalregion_dilepton_mm up_lf 0 1.000000 3 1.002397 4 1.025266 5 1.071467 6 1.066771 7 1.029918 8 0.973122 9 1.495917 
signalregion_dilepton_mm up_lfstats1 0 1.000000 3 1.025997 4 1.030178 5 1.078878 6 1.067952 7 0.980600 8 0.873041 9 1.386996 
signalregion_dilepton_mm up_lfstats2 0 1.000000 3 1.034466 4 1.040679 5 1.093729 6 1.083540 7 1.003147 8 0.898527 9 1.384382 
signalregion_dilepton_plus central 0 1.000000 3 1.070847 4 1.121813 5 1.138415 6 1.232353 7 1.262119 8 1.314182 9 2.700138 
signalregion_dilepton_plus down_cferr1 0 1.000000 3 0.981546 4 1.021029 5 1.008416 6 1.095706 7 1.088293 8 1.063304 9 2.038814 
signalregion_dilepton_plus down_cferr2 0 1.000000 3 1.035056 4 1.084128 5 1.086768 6 1.189948 7 1.190012 8 1.201222 9 2.480385 
signalregion_dilepton_plus down_hf 0 1.000000 3 1.086880 4 1.166377 5 1.194438 6 1.324698 7 1.371519 8 1.471327 9 3.369049 
signalregion_dilepton_plus down_hfstats1 0 1.000000 3 1.056595 4 1.104811 5 1.115805 6 1.206374 7 1.239952 8 1.294085 9 2.563519 
signalregion_dilepton_plus down_hfstats2 0 1.000000 3 1.077727 4 1.131423 5 1.147181 6 1.243545 7 1.279847 8 1.329530 9 2.715562 
signalregion_dilepton_plus down_jes 0 1.000000 1 0.968639 2 1.044763 3 1.085371 4 1.145621 5 1.192631 6 1.237950 7 1.356598 8 1.364952 9 3.249917 
signalregion_dilepton_plus down_jesAbsolute 0 1.000000 2 0.716023 3 0.622070 4 0.634007 5 0.588136 6 0.582627 7 0.624766 8 0.639098 9 0.000000 
signalregion_dilepton_plus down_jesAbsolute_2017 0 1.000000 2 0.834658 3 0.623315 4 0.623966 5 0.572182 6 0.589295 7 0.609484 8 0.628703 9 0.000000 
signalregion_dilepton_plus down_jesBBEC1 0 1.000000 2 0.639108 3 0.622978 4 0.633767 5 0.578443 6 0.605903 7 0.582028 8 0.634399 9 0.000000 
signalregion_dilepton_plus down_jesBBEC1_2017 0 1.000000 2 0.830273 3 0.618145 4 0.624644 5 0.573079 6 0.588753 7 0.608921 8 0.634542 9 0.000000 
signalregion_dilepton_plus down_jesEC2 0 1.000000 3 0.622184 4 0.624516 5 0.572816 6 0.589430 7 0.609605 8 0.625468 9 0.000000 
signalregion_dilepton_plus down_jesEC2_2017 0 1.000000 3 0.622569 4 0.624952 5 0.573350 6 0.590473 7 0.610880 8 0.624739 9 0.000000 
signalregion_dilepton_plus down_jesFlavorQCD 0 1.000000 1 0.951980 2 1.031145 3 1.077653 4 1.131417 5 1.178138 6 1.225416 7 1.318265 8 1.331854 9 3.038493 
signalregion_dilepton_plus down_jesHF 0 1.000000 3 0.620936 4 0.623325 5 0.571320 6 0.587652 7 0.604255 8 0.632987 9 0.000000 
signalregion_dilepton_plus down_jesHF_2017 0 1.000000 3 0.620575 4 0.622960 5 0.570926 6 0.586831 7 0.602285 8 0.633127 9 0.000000 
signalregion_dilepton_plus down_jesRelativeBal 0 1.000000 3 1.070941 4 1.121392 5 1.136773 6 1.232904 7 1.247447 8 1.295640 9 2.640760 
signalregion_dilepton_plus down_jesRelativeSample_2017 0 1.000000 3 0.621714 4 0.624896 5 0.568395 6 0.588727 7 0.591807 8 0.628825 9 0.000000 
signalregion_dilepton_plus down_lf 0 1.000000 3 1.158681 4 1.225201 5 1.272937 6 1.388639 7 1.387090 8 1.419222 9 3.989551 
signalregion_dilepton_plus down_lfstats1 0 1.000000 3 1.124981 4 1.201087 5 1.245121 6 1.380135 7 1.435326 8 1.543635 9 3.054350 
signalregion_dilepton_plus down_lfstats2 0 1.000000 3 1.115825 4 1.189314 5 1.227922 6 1.359524 7 1.413377 8 1.508812 9 3.061951 
signalregion_dilepton_plus up_cferr1 0 1.000000 3 1.198667 4 1.266521 5 1.332282 6 1.442751 7 1.542866 8 1.700907 9 3.627432 
signalregion_dilepton_plus up_cferr2 0 1.000000 3 1.146492 4 1.204524 5 1.250298 6 1.342585 7 1.419024 8 1.534565 9 3.205875 
signalregion_dilepton_plus up_hf 0 1.000000 3 1.047864 4 1.069618 5 1.073771 6 1.129637 7 1.141585 8 1.154304 9 2.160457 
signalregion_dilepton_plus up_hfstats1 0 1.000000 3 1.086862 4 1.140872 5 1.163214 6 1.261362 7 1.288040 8 1.338153 9 2.866112 
signalregion_dilepton_plus up_hfstats2 0 1.000000 3 1.065863 4 1.114471 5 1.131728 6 1.224013 7 1.248694 8 1.303067 9 2.705459 
signalregion_dilepton_plus up_jes 0 1.000000 3 1.057719 4 1.090322 5 1.116672 6 1.202359 7 1.181145 8 1.138298 9 2.124328 
signalregion_dilepton_plus up_jesAbsolute 0 1.000000 3 0.621783 4 0.612135 5 0.565847 6 0.571610 7 0.590653 8 0.459038 9 0.000000 
signalregion_dilepton_plus up_jesAbsolute_2017 0 1.000000 3 0.620236 4 0.623344 5 0.570451 6 0.585012 7 0.564507 8 0.629428 9 0.000000 
signalregion_dilepton_plus up_jesBBEC1 0 1.000000 3 0.619065 4 0.619399 5 0.575462 6 0.572636 7 0.555553 8 0.537755 9 0.000000 
signalregion_dilepton_plus up_jesBBEC1_2017 0 1.000000 3 0.620365 4 0.622515 5 0.565388 6 0.589560 7 0.581419 8 0.638287 9 0.000000 
signalregion_dilepton_plus up_jesEC2 0 1.000000 3 0.619343 4 0.621634 5 0.569723 6 0.585809 7 0.597115 8 0.638147 9 0.000000 
signalregion_dilepton_plus up_jesEC2_2017 0 1.000000 3 0.619418 4 0.621736 5 0.569845 6 0.585426 7 0.596739 8 0.633876 9 0.000000 
signalregion_dilepton_plus up_jesFlavorQCD 0 1.000000 3 1.064212 4 1.105958 5 1.122787 6 1.219444 7 1.202727 8 1.220679 9 2.308777 
signalregion_dilepton_plus up_jesHF 0 1.000000 3 0.620565 4 0.622752 5 0.571187 6 0.586655 7 0.602394 8 0.621105 9 0.000000 
signalregion_dilepton_plus up_jesHF_2017 0 1.000000 3 0.620484 4 0.622751 5 0.570631 6 0.586753 7 0.602453 8 0.632180 9 0.000000 
signalregion_dilepton_plus up_jesRelativeBal 0 1.000000 2 1.047808 3 1.071731 4 1.122316 5 1.140969 6 1.231737 7 1.266807 8 1.321850 9 2.736277 
signalregion_dilepton_plus up_jesRelativeSample_2017 0 1.000000 2 0.822945 3 0.616347 4 0.628927 5 0.573146 6 0.583374 7 0.602055 8 0.628313 9 0.000000 
signalregion_dilepton_plus up_lf 0 1.000000 3 0.984140 4 1.019478 5 1.011130 6 1.081962 7 1.132645 8 1.198499 9 1.865811 
signalregion_dilepton_plus up_lfstats1 0 1.000000 3 1.020344 4 1.048730 5 1.041800 6 1.101292 7 1.111204 8 1.113902 9 2.335385 
signalregion_dilepton_plus up_lfstats2 0 1.000000 3 1.028985 4 1.059460 5 1.056635 6 1.118693 7 1.129336 8 1.143017 9 2.358877 
signalregion_trilepton central 0 1.000000 2 1.694546 3 0.963206 4 0.884307 
signalregion_trilepton down_cferr1 0 1.000000 2 1.694546 3 0.963206 4 0.331073 
signalregion_trilepton down_cferr2 0 1.000000 2 1.694546 3 0.963206 4 0.544938 
signalregion_trilepton down_hf 0 1.000000 2 1.713844 3 0.939463 4 0.894370 
signalregion_trilepton down_hfstats1 0 1.000000 2 1.644504 3 0.946786 4 0.874827 
signalregion_trilepton down_hfstats2 0 1.000000 2 1.698469 3 0.978536 4 0.888141 
signalregion_trilepton down_jes 0 1.000000 2 1.736350 3 0.981993 4 0.854660 
signalregion_trilepton down_jesAbsolute 0 1.000000 2 1.700775 3 0.971197 4 0.000000 
signalregion_trilepton down_jesAbsolute_2017 0 1.000000 2 1.706639 3 0.964863 4 0.000000 
signalregion_trilepton down_jesBBEC1 0 1.000000 2 1.708834 3 0.970398 4 0.000000 
signalregion_trilepton down_jesBBEC1_2017 0 1.000000 2 1.703103 3 0.964734 4 0.000000 
signalregion_trilepton down_jesEC2 0 1.000000 2 1.709201 3 0.962720 4 0.000000 
signalregion_trilepton down_jesEC2_2017 0 1.000000 2 1.712296 3 0.962900 4 0.000000 
signalregion_trilepton down_jesFlavorQCD 0 1.000000 2 1.711538 3 0.975475 4 0.874531 
signalregion_trilepton down_jesHF 0 1.000000 2 1.706475 3 0.964071 4 0.000000 
signalregion_trilepton down_jesHF_2017 0 1.000000 2 1.696219 3 0.963377 4 0.000000 
signalregion_trilepton down_jesRelativeBal 0 1.000000 2 1.704039 3 0.963594 4 0.887518 
signalregion_trilepton down_jesRelativeSample_2017 0 1.000000 2 1.692144 3 0.961804 4 0.000000 
signalregion_trilepton down_lf 0 1.000000 2 2.117703 3 1.063985 4 0.941016 
signalregion_trilepton down_lfstats1 0 1.000000 2 1.740001 3 1.008769 4 0.934516 
signalregion_trilepton down_lfstats2 0 1.000000 2 1.732540 3 0.998766 4 0.923640 
signalregion_trilepton up_cferr1 0 1.000000 2 1.694546 3 0.963206 4 1.404795 
signalregion_trilepton up_cferr2 0 1.000000 2 1.694546 3 0.963206 4 1.227328 
signalregion_trilepton up_hf 0 1.000000 2 1.674385 3 0.975889 4 0.869981 
signalregion_trilepton up_hfstats1 0 1.000000 2 1.755488 3 0.981373 4 0.894611 
signalregion_trilepton up_hfstats2 0 1.000000 2 1.701529 3 0.950954 4 0.881461 
signalregion_trilepton up_jes 0 1.000000 3 1.374110 4 0.917160 
signalregion_trilepton up_jesAbsolute 0 1.000000 3 1.406128 4 0.000000 
signalregion_trilepton up_jesAbsolute_2017 0 1.000000 2 1.689776 3 0.962130 4 0.000000 
signalregion_trilepton up_jesBBEC1 0 1.000000 2 1.694701 3 0.956865 4 0.000000 
signalregion_trilepton up_jesBBEC1_2017 0 1.000000 2 1.686613 3 0.962274 4 0.000000 
signalregion_trilepton up_jesEC2 0 1.000000 2 1.686853 3 0.962689 4 0.000000 
signalregion_trilepton up_jesEC2_2017 0 1.000000 2 1.686141 3 0.964136 4 0.000000 
signalregion_trilepton up_jesFlavorQCD 0 1.000000 3 1.395014 4 0.895642 
signalregion_trilepton up_jesHF 0 1.000000 2 1.693521 3 0.963726 4 0.000000 
signalregion_trilepton up_jesHF_2017 0 1.000000 2 1.695625 3 0.963346 4 0.000000 
signalregion_trilepton up_jesRelativeBal 0 1.000000 2 1.694185 3 0.965452 4 0.881433 
signalregion_trilepton up_jesRelativeSample_2017 0 1.000000 2 1.707032 3 0.965838 4 0.000000 
signalregion_trilepton up_lf 0 1.000000 2 1.326931 3 0.857597 4 0.826154 
signalregion_trilepton up_lfstats1 0 1.000000 2 1.653710 3 0.920775 4 0.837311 
signalregion_trilepton up_lfstats2 0 1.000000 2 1.663084 3 0.930211 4 0.847243 
trileptoncontrolregion central 0 1.000000 2 1.205479 
trileptoncontrolregion down_cferr1 0 1.000000 2 1.205479 
trileptoncontrolregion down_cferr2 0 1.000000 2 1.205479 
trileptoncontrolregion down_hf 0 1.000000 2 1.204167 
trileptoncontrolregion down_hfstats1 0 1.000000 2 1.201432 
trileptoncontrolregion down_hfstats2 0 1.000000 2 1.214898 
trileptoncontrolregion down_jes 0 1.000000 2 1.239206 
trileptoncontrolregion down_jesAbsolute 0 1.000000 2 1.223140 
trileptoncontrolregion down_jesAbsolute_2017 0 1.000000 2 1.209445 
trileptoncontrolregion down_jesBBEC1 0 1.000000 2 1.220445 
trileptoncontrolregion down_jesBBEC1_2017 0 1.000000 2 1.207904 
trileptoncontrolregion down_jesEC2 0 1.000000 2 1.204608 
trileptoncontrolregion down_jesEC2_2017 0 1.000000 2 1.204236 
trileptoncontrolregion down_jesFlavorQCD 0 1.000000 2 1.233487 
trileptoncontrolregion down_jesHF 0 1.000000 2 1.205797 
trileptoncontrolregion down_jesHF_2017 0 1.000000 2 1.205380 
trileptoncontrolregion down_jesRelativeBal 0 1.000000 2 1.204063 
trileptoncontrolregion down_jesRelativeSample_2017 0 1.000000 2 1.205069 
trileptoncontrolregion down_lf 0 1.000000 2 1.275977 
trileptoncontrolregion down_lfstats1 0 1.000000 2 1.238759 
trileptoncontrolregion down_lfstats2 0 1.000000 2 1.231402 
trileptoncontrolregion up_cferr1 0 1.000000 2 1.205479 
trileptoncontrolregion up_cferr2 0 1.000000 2 1.205479 
trileptoncontrolregion up_hf 0 1.000000 2 1.199536 
trileptoncontrolregion up_hfstats1 0 1.000000 2 1.210419 
trileptoncontrolregion up_hfstats2 0 1.000000 2 1.197512 
trileptoncontrolregion up_jes 0 1.000000 2 1.161086 
trileptoncontrolregion up_jesAbsolute 0 1.000000 2 1.188885 
trileptoncontrolregion up_jesAbsolute_2017 0 1.000000 2 1.201567 
trileptoncontrolregion up_jesBBEC1 0 1.000000 2 1.188467 
trileptoncontrolregion up_jesBBEC1_2017 0 1.000000 2 1.204450 
trileptoncontrolregion up_jesEC2 0 1.000000 2 1.205123 
trileptoncontrolregion up_jesEC2_2017 0 1.000000 2 1.205289 
trileptoncontrolregion up_jesFlavorQCD 0 1.000000 2 1.182921 
trileptoncontrolregion up_jesHF 0 1.000000 2 1.204332 
trileptoncontrolregion up_jesHF_2017 0 1.000000 2 1.205684 
trileptoncontrolregion up_jesRelativeBal 0 1.000000 2 1.207420 
trileptoncontrolregion up_jesRelativeSample_2017 0 1.000000 2 1.206377 
trileptoncontrolregion up_lf 0 1.000000 2 1.132749 
trileptoncontrolregion up_lfstats1 0 1.000000 2 1.173557 
trileptoncontrolregion up_lfstats2 0 1.000000 2 1.180756 
wzcontrolregion central 0 1.000000 9 0.941439 
wzcontrolregion down_cferr1 0 1.000000 9 0.547630 
wzcontrolregion down_cferr2 0 1.000000 9 0.757715 
wzcontrolregion down_hf 0 1.000000 9 0.956549 
wzcontrolregion down_hfstats1 0 1.000000 9 0.920581 
wzcontrolregion down_hfstats2 0 1.000000 9 0.962431 
wzcontrolregion down_jes 0 1.000000 9 0.949916 
wzcontrolregion down_jesAbsolute 0 1.000000 9 0.000000 
wzcontrolregion down_jesAbsolute_2017 0 1.000000 9 0.000000 
wzcontrolregion down_jesBBEC1 0 1.000000 9 0.000000 
wzcontrolregion down_jesBBEC1_2017 0 1.000000 9 0.000000 
wzcontrolregion down_jesEC2 0 1.000000 9 0.000000 
wzcontrolregion down_jesEC2_2017 0 1.000000 9 0.000000 
wzcontrolregion down_jesFlavorQCD 0 1.000000 9 0.940394 
wzcontrolregion down_jesHF 0 1.000000 9 0.000000 
wzcontrolregion down_jesHF_2017 0 1.000000 9 0.000000 
wzcontrolregion down_jesRelativeBal 0 1.000000 9 0.941845 
wzcontrolregion down_jesRelativeSample_2017 0 1.000000 9 0.000000 
wzcontrolregion down_lf 0 1.000000 9 1.027472 
wzcontrolregion down_lfstats1 0 1.000000 9 1.137358 
wzcontrolregion down_lfstats2 0 1.000000 9 1.091964 
wzcontrolregion up_cferr1 0 1.000000 9 1.574345 
wzcontrolregion up_cferr2 0 1.000000 9 1.292020 
wzcontrolregion up_hf 0 1.000000 9 0.903725 
wzcontrolregion up_hfstats1 0 1.000000 9 0.963050 
wzcontrolregion up_hfstats2 0 1.000000 9 0.920575 
wzcontrolregion up_jes 0 1.000000 9 0.913504 
wzcontrolregion up_jesAbsolute 0 1.000000 9 0.000000 
wzcontrolregion up_jesAbsolute_2017 0 1.000000 9 0.000000 
wzcontrolregion up_jesBBEC1 0 1.000000 9 0.000000 
wzcontrolregion up_jesBBEC1_2017 0 1.000000 9 0.000000 
wzcontrolregion up_jesEC2 0 1.000000 9 0.000000 
wzcontrolregion up_jesEC2_2017 0 1.000000 9 0.000000 
wzcontrolregion up_jesFlavorQCD 0 1.000000 9 0.911501 
wzcontrolregion up_jesHF 0 1.000000 9 0.000000 
wzcontrolregion up_jesHF_2017 0 1.000000 9 0.000000 
wzcontrolregion up_jesRelativeBal 0 1.000000 9 0.939332 
wzcontrolregion up_jesRelativeSample_2017 0 1.000000 9 0.000000 
wzcontrolregion up_lf 0 1.000000 9 0.841963 
wzcontrolregion up_lfstats1 0 1.000000 9 0.779391 
wzcontrolregion up_lfstats2 0 1.000000 9 0.811587 
zgcontrolregion central 0 1.000000 
zgcontrolregion down_cferr1 0 1.000000 
zgcontrolregion down_cferr2 0 1.000000 
zgcontrolregion down_hf 0 1.000000 
zgcontrolregion down_hfstats1 0 1.000000 
zgcontrolregion down_hfstats2 0 1.000000 
zgcontrolregion down_jes 0 1.000000 
zgcontrolregion down_jesAbsolute 0 1.000000 
zgcontrolregion down_jesAbsolute_2017 0 1.000000 
zgcontrolregion down_jesBBEC1 0 1.000000 
zgcontrolregion down_jesBBEC1_2017 0 1.000000 
zgcontrolregion down_jesEC2 0 1.000000 
zgcontrolregion down_jesEC2_2017 0 1.000000 
zgcontrolregion down_jesFlavorQCD 0 1.000000 
zgcontrolregion down_jesHF 0 1.000000 
zgcontrolregion down_jesHF_2017 0 1.000000 
zgcontrolregion down_jesRelativeBal 0 1.000000 
zgcontrolregion down_jesRelativeSample_2017 0 1.000000 
zgcontrolregion down_lf 0 1.000000 
zgcontrolregion down_lfstats1 0 1.000000 
zgcontrolregion down_lfstats2 0 1.000000 
zgcontrolregion up_cferr1 0 1.000000 
zgcontrolregion up_cferr2 0 1.000000 
zgcontrolregion up_hf 0 1.000000 
zgcontrolregion up_hfstats1 0 1.000000 
zgcontrolregion up_hfstats2 0 1.000000 
zgcontrolregion up_jes 0 1.000000 
zgcontrolregion up_jesAbsolute 0 1.000000 
zgcontrolregion up_jesAbsolute_2017 0 1.000000 
zgcontrolregion up_jesBBEC1 0 1.000000 
zgcontrolregion up_jesBBEC1_2017 0 1.000000 
zgcontrolregion up_jesEC2 0 1.000000 
zgcontrolregion up_jesEC2_2017 0 1.000000 
zgcontrolregion up_jesFlavorQCD 0 1.000000 
zgcontrolregion up_jesHF 0 1.000000 
zgcontrolregion up_jesHF_2017 0 1.000000 
zgcontrolregion up_jesRelativeBal 0 1.000000 
zgcontrolregion up_jesRelativeSample_2017 0 1.000000 
zgcontrolregion up_lf 0 1.000000 
zgcontrolregion up_lfstats1 0 1.000000 
zgcontrolregion up_lfstats2 0 1.000000 
zzcontrolregion central 0 1.000000 
zzcontrolregion down_cferr1 0 1.000000 
zzcontrolregion down_cferr2 0 1.000000 
zzcontrolregion down_hf 0 1.000000 
zzcontrolregion down_hfstats1 0 1.000000 
zzcontrolregion down_hfstats2 0 1.000000 
zzcontrolregion down_jes 0 1.000000 
zzcontrolregion down_jesAbsolute 0 1.000000 
zzcontrolregion down_jesAbsolute_2017 0 1.000000 
zzcontrolregion down_jesBBEC1 0 1.000000 
zzcontrolregion down_jesBBEC1_2017 0 1.000000 
zzcontrolregion down_jesEC2 0 1.000000 
zzcontrolregion down_jesEC2_2017 0 1.000000 
zzcontrolregion down_jesFlavorQCD 0 1.000000 
zzcontrolregion down_jesHF 0 1.000000 
zzcontrolregion down_jesHF_2017 0 1.000000 
zzcontrolregion down_jesRelativeBal 0 1.000000 
zzcontrolregion down_jesRelativeSample_2017 0 1.000000 
zzcontrolregion down_lf 0 1.000000 
zzcontrolregion down_lfstats1 0 1.000000 
zzcontrolregion down_lfstats2 0 1.000000 
zzcontrolregion up_cferr1 0 1.000000 
zzcontrolregion up_cferr2 0 1.000000 
zzcontrolregion up_hf 0 1.000000 
zzcontrolregion up_hfstats1 0 1.000000 
zzcontrolregion up_hfstats2 0 1.000000 
zzcontrolregion up_jes 0 1.000000 
zzcontrolregion up_jesAbsolute 0 1.000000 
zzcontrolregion up_jesAbsolute_2017 0 1.000000 
zzcontrolregion up_jesBBEC1 0 1.000000 
zzcontrolregion up_jesBBEC1_2017 0 1.000000 
zzcontrolregion up_jesEC2 0 1.000000 
zzcontrolregion up_jesEC2_2017 0 1.000000 
zzcontrolregion up_jesFlavorQCD 0 1.000000 
zzcontrolregion up_jesHF 0 1.000000 
zzcontrolregion up_jesHF_2017 0 1.000000 
zzcontrolregion up_jesRelativeBal 0 1.000000 
zzcontrolregion up_jesRelativeSample_2017 0 1.000000 
zzcontrolregion up_lf 0 1.000000 
zzcontrolregion up_lfstats1 0 1.000000 
zzcontrolregion up_lfstats2 0 1.000000 
