cfcontrolregion cfjetscontrolregion fourleptoncontrolregion npcontrolregion_dilepton_ee npcontrolregion_dilepton_em npcontrolregion_dilepton_inclusive npcontrolregion_dilepton_me npcontrolregion_dilepton_mm nplownjetscontrolregion_dilepton_inclusive signalregion_dilepton_ee signalregion_dilepton_em signalregion_dilepton_inclusive signalregion_dilepton_me signalregion_dilepton_minus signalregion_dilepton_mm signalregion_dilepton_plus signalregion_trilepton trileptoncontrolregion wzcontrolregion zgcontrolregion zzcontrolregion 
central down_cferr1 down_cferr2 down_hf down_hfstats1 down_hfstats2 down_jes down_jesAbsolute down_jesAbsolute_2018 down_jesBBEC1 down_jesBBEC1_2018 down_jesEC2 down_jesEC2_2018 down_jesFlavorQCD down_jesHF down_jesHF_2018 down_jesRelativeBal down_jesRelativeSample_2018 down_lf down_lfstats1 down_lfstats2 up_cferr1 up_cferr2 up_hf up_hfstats1 up_hfstats2 up_jes up_jesAbsolute up_jesAbsolute_2018 up_jesBBEC1 up_jesBBEC1_2018 up_jesEC2 up_jesEC2_2018 up_jesFlavorQCD up_jesHF up_jesHF_2018 up_jesRelativeBal up_jesRelativeSample_2018 up_lf up_lfstats1 up_lfstats2 
cfcontrolregion central 0 1.000000 1 1.024848 2 1.067016 3 1.117588 4 1.156223 5 1.198549 6 1.423427 7 1.487141 9 1.221687 
cfcontrolregion down_cferr1 0 1.000000 1 0.998201 2 1.023313 3 1.058016 4 1.068899 5 1.111826 6 1.344200 7 1.340334 9 1.302845 
cfcontrolregion down_cferr2 0 1.000000 1 1.013583 2 1.048994 3 1.093775 4 1.117539 5 1.161611 6 1.387330 7 1.442363 9 1.410178 
cfcontrolregion down_hf 0 1.000000 1 1.049273 2 1.118127 3 1.202752 4 1.266738 5 1.370203 6 1.662016 7 1.841035 9 1.580860 
cfcontrolregion down_hfstats1 0 1.000000 1 1.024745 2 1.066787 3 1.117415 4 1.156420 5 1.198515 6 1.415837 7 1.473825 9 1.222591 
cfcontrolregion down_hfstats2 0 1.000000 1 1.025363 2 1.068100 3 1.119414 4 1.158601 5 1.202121 6 1.428022 7 1.500908 9 1.228654 
cfcontrolregion down_jes 0 1.000000 1 1.028401 2 1.076186 3 1.132190 4 1.168510 5 1.228635 6 1.514277 7 1.604165 8 1.114168 
cfcontrolregion down_jesAbsolute 0 1.000000 1 0.902903 2 0.858015 3 0.829592 4 0.781956 5 0.855021 6 1.023927 7 0.822654 8 0.000000 
cfcontrolregion down_jesAbsolute_2018 0 1.000000 1 0.901835 2 0.858742 3 0.830649 4 0.783340 5 0.829887 6 1.031993 7 0.825972 8 0.000000 
cfcontrolregion down_jesBBEC1 0 1.000000 1 0.901636 2 0.857512 3 0.828094 4 0.782083 5 0.822674 6 1.018015 7 0.807447 8 0.000000 
cfcontrolregion down_jesBBEC1_2018 0 1.000000 1 0.900512 2 0.857714 3 0.827516 4 0.781086 5 0.810374 6 1.023788 7 0.808545 9 0.000000 
cfcontrolregion down_jesEC2 0 1.000000 1 0.900600 2 0.856682 3 0.827286 4 0.785657 5 0.801788 6 1.020560 7 0.796134 9 0.000000 
cfcontrolregion down_jesEC2_2018 0 1.000000 1 0.900705 2 0.856919 3 0.827695 4 0.785525 5 0.803104 6 1.025094 7 0.806702 9 0.000000 
cfcontrolregion down_jesFlavorQCD 0 1.000000 1 1.026273 2 1.070524 3 1.126579 4 1.161299 5 1.216680 6 1.482678 7 1.539851 8 1.120618 
cfcontrolregion down_jesHF 0 1.000000 1 0.900371 2 0.856386 3 0.826607 4 0.784809 5 0.800946 6 1.021777 7 0.796953 9 0.000000 
cfcontrolregion down_jesHF_2018 0 1.000000 1 0.900422 2 0.856564 3 0.826765 4 0.784867 5 0.801301 6 1.021163 7 0.795036 9 0.000000 
cfcontrolregion down_jesRelativeBal 0 1.000000 1 1.023884 2 1.066306 3 1.114881 4 1.145084 5 1.213786 6 1.367449 7 1.483066 9 1.216639 
cfcontrolregion down_jesRelativeSample_2018 0 1.000000 1 0.895997 2 0.856290 3 0.808689 4 0.789775 5 0.840685 6 0.880990 7 0.868324 9 0.000000 
cfcontrolregion down_lf 0 1.000000 1 1.024740 2 1.067426 3 1.117246 4 1.154062 5 1.197588 6 1.459156 7 1.566939 9 1.223521 
cfcontrolregion down_lfstats1 0 1.000000 1 1.051199 2 1.121191 3 1.200221 4 1.265725 5 1.353468 6 1.647885 7 1.801271 9 1.594842 
cfcontrolregion down_lfstats2 0 1.000000 1 1.048522 2 1.115669 3 1.192194 4 1.255802 5 1.337789 6 1.630064 7 1.771367 9 1.559502 
cfcontrolregion up_cferr1 0 1.000000 1 1.062202 2 1.131360 3 1.206104 4 1.288133 5 1.332719 6 1.539650 7 1.687132 9 1.150703 
cfcontrolregion up_cferr2 0 1.000000 1 1.047550 2 1.105890 3 1.170304 4 1.234900 5 1.278406 6 1.501770 7 1.590546 9 1.060410 
cfcontrolregion up_hf 0 1.000000 1 0.999328 2 1.012835 3 1.031907 4 1.045163 5 1.050890 6 1.209490 7 1.163044 9 1.016187 
cfcontrolregion up_hfstats1 0 1.000000 1 1.024948 2 1.067203 3 1.117746 4 1.155946 5 1.198897 6 1.431231 7 1.501643 9 1.225212 
cfcontrolregion up_hfstats2 0 1.000000 1 1.024328 2 1.065922 3 1.115773 4 1.153794 5 1.195077 6 1.418930 7 1.475290 9 1.215462 
cfcontrolregion up_jes 0 1.000000 1 1.019062 2 1.057831 3 1.096865 4 1.123869 5 1.174642 6 1.327771 7 1.340257 8 1.522572 9 1.186393 
cfcontrolregion up_jesAbsolute 0 1.000000 1 0.897787 2 0.856411 3 0.814639 4 0.782112 5 0.851019 6 0.858747 7 0.624345 8 1.466566 9 0.000000 
cfcontrolregion up_jesAbsolute_2018 0 1.000000 1 0.899251 2 0.856516 3 0.819856 4 0.782992 5 0.831603 6 0.935894 7 0.774616 9 0.000000 
cfcontrolregion up_jesBBEC1 0 1.000000 1 0.899516 2 0.855379 3 0.820615 4 0.783454 5 0.831624 6 0.939054 7 0.778326 9 0.000000 
cfcontrolregion up_jesBBEC1_2018 0 1.000000 1 0.899724 2 0.856774 3 0.824663 4 0.780398 5 0.816171 6 1.020429 7 0.798653 9 0.000000 
cfcontrolregion up_jesEC2 0 1.000000 1 0.900327 2 0.856336 3 0.826618 4 0.784462 5 0.801377 6 1.023883 7 0.798868 9 0.000000 
cfcontrolregion up_jesEC2_2018 0 1.000000 1 0.900431 2 0.856548 3 0.826746 4 0.785070 5 0.800337 6 1.021849 7 0.795304 9 0.000000 
cfcontrolregion up_jesFlavorQCD 0 1.000000 1 1.022712 2 1.063454 3 1.109886 4 1.142207 5 1.191271 6 1.363122 7 1.424344 8 1.484599 9 1.197539 
cfcontrolregion up_jesHF 0 1.000000 1 0.900408 2 0.856475 3 0.826835 4 0.784768 5 0.801248 6 1.022011 7 0.793325 9 0.000000 
cfcontrolregion up_jesHF_2018 0 1.000000 1 0.900509 2 0.856638 3 0.826965 4 0.784989 5 0.801874 6 1.022003 7 0.795241 9 0.000000 
cfcontrolregion up_jesRelativeBal 0 1.000000 1 1.025951 2 1.069155 3 1.123336 4 1.162271 5 1.201431 6 1.446516 7 1.537617 9 1.223411 
cfcontrolregion up_jesRelativeSample_2018 0 1.000000 1 0.903192 2 0.858736 3 0.830414 4 0.783346 5 0.857303 6 1.020653 7 0.842085 8 0.000000 
cfcontrolregion up_lf 0 1.000000 1 1.024120 2 1.064610 3 1.114405 4 1.152875 5 1.193938 6 1.381541 7 1.399662 9 1.225583 
cfcontrolregion up_lfstats1 0 1.000000 1 0.999306 2 1.015225 3 1.040751 4 1.056328 5 1.064694 6 1.228270 7 1.225231 9 0.970905 
cfcontrolregion up_lfstats2 0 1.000000 1 1.001930 2 1.020410 3 1.048022 4 1.064955 5 1.077740 6 1.243328 7 1.246933 9 0.995530 
cfjetscontrolregion central 0 1.000000 3 1.117588 4 1.156223 5 1.198549 6 1.423427 7 1.487141 9 1.221687 
cfjetscontrolregion down_cferr1 0 1.000000 3 1.058016 4 1.068899 5 1.111826 6 1.344200 7 1.340334 9 1.302845 
cfjetscontrolregion down_cferr2 0 1.000000 3 1.093775 4 1.117539 5 1.161611 6 1.387330 7 1.442363 9 1.410178 
cfjetscontrolregion down_hf 0 1.000000 3 1.202752 4 1.266738 5 1.370203 6 1.662016 7 1.841035 9 1.580860 
cfjetscontrolregion down_hfstats1 0 1.000000 3 1.117415 4 1.156420 5 1.198515 6 1.415837 7 1.473825 9 1.222591 
cfjetscontrolregion down_hfstats2 0 1.000000 3 1.119414 4 1.158601 5 1.202121 6 1.428022 7 1.500908 9 1.228654 
cfjetscontrolregion down_jes 0 1.000000 1 0.951186 2 1.116053 3 1.132190 4 1.168510 5 1.228635 6 1.514277 7 1.604165 8 1.114168 
cfjetscontrolregion down_jesAbsolute 0 1.000000 1 0.994206 2 0.892902 3 0.829592 4 0.781956 5 0.855021 6 1.023927 7 0.822654 8 0.000000 
cfjetscontrolregion down_jesAbsolute_2018 0 1.000000 1 0.993088 2 0.875572 3 0.830649 4 0.783340 5 0.829887 6 1.031993 7 0.825972 8 0.000000 
cfjetscontrolregion down_jesBBEC1 0 1.000000 2 0.926389 3 0.828094 4 0.782083 5 0.822674 6 1.018015 7 0.807447 8 0.000000 
cfjetscontrolregion down_jesBBEC1_2018 0 1.000000 2 0.935540 3 0.827516 4 0.781086 5 0.810374 6 1.023788 7 0.808545 9 0.000000 
cfjetscontrolregion down_jesEC2 0 1.000000 3 0.827286 4 0.785657 5 0.801788 6 1.020560 7 0.796134 9 0.000000 
cfjetscontrolregion down_jesEC2_2018 0 1.000000 3 0.827695 4 0.785525 5 0.803104 6 1.025094 7 0.806702 9 0.000000 
cfjetscontrolregion down_jesFlavorQCD 0 1.000000 1 0.948474 2 1.078393 3 1.126579 4 1.161299 5 1.216680 6 1.482678 7 1.539851 8 1.120618 
cfjetscontrolregion down_jesHF 0 1.000000 3 0.826607 4 0.784809 5 0.800946 6 1.021777 7 0.796953 9 0.000000 
cfjetscontrolregion down_jesHF_2018 0 1.000000 3 0.826765 4 0.784867 5 0.801301 6 1.021163 7 0.795036 9 0.000000 
cfjetscontrolregion down_jesRelativeBal 0 1.000000 3 1.116605 4 1.145084 5 1.213786 6 1.367449 7 1.483066 9 1.216639 
cfjetscontrolregion down_jesRelativeSample_2018 0 1.000000 3 0.813670 4 0.788670 5 0.840685 6 0.880990 7 0.868324 9 0.000000 
cfjetscontrolregion down_lf 0 1.000000 3 1.117246 4 1.154062 5 1.197588 6 1.459156 7 1.566939 9 1.223521 
cfjetscontrolregion down_lfstats1 0 1.000000 3 1.200221 4 1.265725 5 1.353468 6 1.647885 7 1.801271 9 1.594842 
cfjetscontrolregion down_lfstats2 0 1.000000 3 1.192194 4 1.255802 5 1.337789 6 1.630064 7 1.771367 9 1.559502 
cfjetscontrolregion up_cferr1 0 1.000000 3 1.206104 4 1.288133 5 1.332719 6 1.539650 7 1.687132 9 1.150703 
cfjetscontrolregion up_cferr2 0 1.000000 3 1.170304 4 1.234900 5 1.278406 6 1.501770 7 1.590546 9 1.060410 
cfjetscontrolregion up_hf 0 1.000000 3 1.031907 4 1.045163 5 1.050890 6 1.209490 7 1.163044 9 1.016187 
cfjetscontrolregion up_hfstats1 0 1.000000 3 1.117746 4 1.155946 5 1.198897 6 1.431231 7 1.501643 9 1.225212 
cfjetscontrolregion up_hfstats2 0 1.000000 3 1.115773 4 1.153794 5 1.195077 6 1.418930 7 1.475290 9 1.215462 
cfjetscontrolregion up_jes 0 1.000000 3 1.100268 4 1.123787 5 1.174642 6 1.327771 7 1.340257 8 1.522572 9 1.186393 
cfjetscontrolregion up_jesAbsolute 0 1.000000 3 0.819417 4 0.781024 5 0.851019 6 0.858747 7 0.624345 8 1.466566 9 0.000000 
cfjetscontrolregion up_jesAbsolute_2018 0 1.000000 3 0.823124 4 0.781897 5 0.831603 6 0.935894 7 0.774616 9 0.000000 
cfjetscontrolregion up_jesBBEC1 0 1.000000 3 0.822061 4 0.783454 5 0.831624 6 0.939054 7 0.778326 9 0.000000 
cfjetscontrolregion up_jesBBEC1_2018 0 1.000000 3 0.825532 4 0.780398 5 0.816171 6 1.020429 7 0.798653 9 0.000000 
cfjetscontrolregion up_jesEC2 0 1.000000 3 0.826618 4 0.784462 5 0.801377 6 1.023883 7 0.798868 9 0.000000 
cfjetscontrolregion up_jesEC2_2018 0 1.000000 3 0.826746 4 0.785070 5 0.800337 6 1.021849 7 0.795304 9 0.000000 
cfjetscontrolregion up_jesFlavorQCD 0 1.000000 3 1.111956 4 1.142200 5 1.191271 6 1.363122 7 1.424344 8 1.484599 9 1.197539 
cfjetscontrolregion up_jesHF 0 1.000000 3 0.826835 4 0.784768 5 0.801248 6 1.022011 7 0.793325 9 0.000000 
cfjetscontrolregion up_jesHF_2018 0 1.000000 3 0.826965 4 0.784989 5 0.801874 6 1.022003 7 0.795241 9 0.000000 
cfjetscontrolregion up_jesRelativeBal 0 1.000000 2 1.034317 3 1.123509 4 1.162271 5 1.201431 6 1.446516 7 1.537617 9 1.223411 
cfjetscontrolregion up_jesRelativeSample_2018 0 1.000000 1 0.995361 2 0.903701 3 0.830414 4 0.783346 5 0.857303 6 1.020653 7 0.842085 8 0.000000 
cfjetscontrolregion up_lf 0 1.000000 3 1.114405 4 1.152875 5 1.193938 6 1.381541 7 1.399662 9 1.225583 
cfjetscontrolregion up_lfstats1 0 1.000000 3 1.040751 4 1.056328 5 1.064694 6 1.228270 7 1.225231 9 0.970905 
cfjetscontrolregion up_lfstats2 0 1.000000 3 1.048022 4 1.064955 5 1.077740 6 1.243328 7 1.246933 9 0.995530 
fourleptoncontrolregion central 0 1.000000 2 1.001618 4 1.173963 
fourleptoncontrolregion down_cferr1 0 1.000000 2 1.001618 4 1.173963 
fourleptoncontrolregion down_cferr2 0 1.000000 2 1.001618 4 1.173963 
fourleptoncontrolregion down_hf 0 1.000000 2 1.030111 4 1.242378 
fourleptoncontrolregion down_hfstats1 0 1.000000 2 1.001374 4 1.175246 
fourleptoncontrolregion down_hfstats2 0 1.000000 2 1.002629 4 1.176584 
fourleptoncontrolregion down_jes 0 1.000000 2 1.013854 4 1.260261 
fourleptoncontrolregion down_jesAbsolute 0 1.000000 2 1.002948 4 1.236315 
fourleptoncontrolregion down_jesAbsolute_2018 0 1.000000 2 0.997315 4 1.199726 
fourleptoncontrolregion down_jesBBEC1 0 1.000000 2 0.999285 4 1.191873 
fourleptoncontrolregion down_jesBBEC1_2018 0 1.000000 2 1.000515 4 1.178736 
fourleptoncontrolregion down_jesEC2 0 1.000000 2 1.001568 4 1.176077 
fourleptoncontrolregion down_jesEC2_2018 0 1.000000 2 1.003484 4 1.176359 
fourleptoncontrolregion down_jesFlavorQCD 0 1.000000 2 1.001831 4 1.227355 
fourleptoncontrolregion down_jesHF 0 1.000000 2 1.000946 4 1.178672 
fourleptoncontrolregion down_jesHF_2018 0 1.000000 2 1.001117 4 1.176997 
fourleptoncontrolregion down_jesRelativeBal 0 1.000000 2 0.996169 4 1.173498 
fourleptoncontrolregion down_jesRelativeSample_2018 0 1.000000 2 1.002701 4 1.146206 
fourleptoncontrolregion down_lf 0 1.000000 2 1.000465 4 1.162596 
fourleptoncontrolregion down_lfstats1 0 1.000000 2 1.079703 4 1.310920 
fourleptoncontrolregion down_lfstats2 0 1.000000 2 1.063574 4 1.287977 
fourleptoncontrolregion up_cferr1 0 1.000000 2 1.001618 4 1.173963 
fourleptoncontrolregion up_cferr2 0 1.000000 2 1.001618 4 1.173963 
fourleptoncontrolregion up_hf 0 1.000000 2 0.968168 4 1.086494 
fourleptoncontrolregion up_hfstats1 0 1.000000 2 1.001814 4 1.172125 
fourleptoncontrolregion up_hfstats2 0 1.000000 2 1.000584 4 1.171176 
fourleptoncontrolregion up_jes 0 1.000000 2 0.997502 4 1.098963 
fourleptoncontrolregion up_jesAbsolute 0 1.000000 2 0.995038 4 1.132320 
fourleptoncontrolregion up_jesAbsolute_2018 0 1.000000 2 1.003835 4 1.152763 
fourleptoncontrolregion up_jesBBEC1 0 1.000000 2 1.002127 4 1.165571 
fourleptoncontrolregion up_jesBBEC1_2018 0 1.000000 2 1.002698 4 1.178181 
fourleptoncontrolregion up_jesEC2 0 1.000000 2 1.003145 4 1.177645 
fourleptoncontrolregion up_jesEC2_2018 0 1.000000 2 0.997977 4 1.178910 
fourleptoncontrolregion up_jesFlavorQCD 0 1.000000 2 0.997872 4 1.137643 
fourleptoncontrolregion up_jesHF 0 1.000000 2 1.001067 4 1.174040 
fourleptoncontrolregion up_jesHF_2018 0 1.000000 2 1.000927 4 1.174106 
fourleptoncontrolregion up_jesRelativeBal 0 1.000000 2 0.996573 4 1.194192 
fourleptoncontrolregion up_jesRelativeSample_2018 0 1.000000 2 1.003240 4 1.204222 
fourleptoncontrolregion up_lf 0 1.000000 2 1.001206 4 1.177355 
fourleptoncontrolregion up_lfstats1 0 1.000000 2 0.928852 4 1.047799 
fourleptoncontrolregion up_lfstats2 0 1.000000 2 0.943035 4 1.066292 
npcontrolregion_dilepton_ee central 0 1.000000 3 1.085118 4 1.146742 5 1.164131 6 1.295488 7 1.279173 
npcontrolregion_dilepton_ee down_cferr1 0 1.000000 3 0.996458 4 1.051579 5 1.083439 6 1.206565 7 0.830339 
npcontrolregion_dilepton_ee down_cferr2 0 1.000000 3 1.046800 4 1.106463 5 1.132912 6 1.241321 7 1.070001 
npcontrolregion_dilepton_ee down_hf 0 1.000000 3 1.158994 4 1.262191 5 1.312612 6 1.423976 7 1.528288 
npcontrolregion_dilepton_ee down_hfstats1 0 1.000000 3 1.084928 4 1.146132 5 1.163470 6 1.297672 7 1.278648 
npcontrolregion_dilepton_ee down_hfstats2 0 1.000000 3 1.086726 4 1.149164 5 1.167958 6 1.298932 7 1.283381 
npcontrolregion_dilepton_ee down_jes 0 1.000000 1 0.968868 2 1.082598 3 1.099264 4 1.167201 5 1.155442 6 1.435371 7 1.337304 
npcontrolregion_dilepton_ee down_jesAbsolute 0 1.000000 2 0.605051 3 0.713665 4 0.732131 5 0.805245 6 0.850940 7 0.000000 
npcontrolregion_dilepton_ee down_jesAbsolute_2018 0 1.000000 2 0.849037 3 0.708084 4 0.723929 5 0.828513 6 0.840741 7 0.000000 
npcontrolregion_dilepton_ee down_jesBBEC1 0 1.000000 2 0.858542 3 0.706468 4 0.727751 5 0.826131 6 0.837369 7 0.000000 
npcontrolregion_dilepton_ee down_jesBBEC1_2018 0 1.000000 2 1.134730 3 0.704730 4 0.731116 5 0.824640 6 0.838886 7 0.000000 
npcontrolregion_dilepton_ee down_jesEC2 0 1.000000 3 0.707160 4 0.724747 5 0.824428 6 0.836848 7 0.000000 
npcontrolregion_dilepton_ee down_jesEC2_2018 0 1.000000 3 0.707554 4 0.724389 5 0.822575 6 0.838374 7 0.000000 
npcontrolregion_dilepton_ee down_jesFlavorQCD 0 1.000000 2 1.036476 3 1.091592 4 1.160847 5 1.153741 6 1.329373 7 1.321558 
npcontrolregion_dilepton_ee down_jesHF 0 1.000000 3 0.706363 4 0.723881 5 0.824392 6 0.832448 7 0.000000 
npcontrolregion_dilepton_ee down_jesHF_2018 0 1.000000 3 0.706354 4 0.724858 5 0.824056 6 0.833901 7 0.000000 
npcontrolregion_dilepton_ee down_jesRelativeBal 0 1.000000 2 1.000000 3 1.082608 4 1.140492 5 1.150880 6 1.303501 7 1.287576 
npcontrolregion_dilepton_ee down_jesRelativeSample_2018 0 1.000000 3 0.699976 4 0.707089 5 0.804446 6 0.853435 7 0.000000 
npcontrolregion_dilepton_ee down_lf 0 1.000000 3 1.085741 4 1.151279 5 1.166475 6 1.281496 7 1.279073 
npcontrolregion_dilepton_ee down_lfstats1 0 1.000000 3 1.163746 4 1.259745 5 1.314356 6 1.479828 7 1.524653 
npcontrolregion_dilepton_ee down_lfstats2 0 1.000000 3 1.154668 4 1.246199 5 1.295907 6 1.454390 7 1.499548 
npcontrolregion_dilepton_ee up_cferr1 0 1.000000 3 1.215314 4 1.284009 5 1.282751 6 1.449985 7 1.832256 
npcontrolregion_dilepton_ee up_cferr2 0 1.000000 3 1.162957 4 1.229154 5 1.230601 6 1.406590 7 1.604354 
npcontrolregion_dilepton_ee up_hf 0 1.000000 3 1.009845 4 1.034496 5 1.018257 6 1.158305 7 1.059986 
npcontrolregion_dilepton_ee up_hfstats1 0 1.000000 3 1.085243 4 1.147553 5 1.164721 6 1.292991 7 1.279517 
npcontrolregion_dilepton_ee up_hfstats2 0 1.000000 3 1.083501 4 1.144495 5 1.160351 6 1.291895 7 1.274900 
npcontrolregion_dilepton_ee up_jes 0 1.000000 3 1.068572 4 1.106540 5 1.148647 6 1.254358 7 1.253422 
npcontrolregion_dilepton_ee up_jesAbsolute 0 1.000000 3 0.701574 4 0.720421 5 0.794769 6 0.820073 7 0.000000 
npcontrolregion_dilepton_ee up_jesAbsolute_2018 0 1.000000 3 0.704644 4 0.717136 5 0.818770 6 0.824521 7 0.000000 
npcontrolregion_dilepton_ee up_jesBBEC1 0 1.000000 3 0.706065 4 0.714099 5 0.820872 6 0.825598 7 0.000000 
npcontrolregion_dilepton_ee up_jesBBEC1_2018 0 1.000000 3 0.705139 4 0.723140 5 0.823079 6 0.827336 7 0.000000 
npcontrolregion_dilepton_ee up_jesEC2 0 1.000000 3 0.706206 4 0.723561 5 0.823953 6 0.833613 7 0.000000 
npcontrolregion_dilepton_ee up_jesEC2_2018 0 1.000000 3 0.706410 4 0.724323 5 0.824005 6 0.834063 7 0.000000 
npcontrolregion_dilepton_ee up_jesFlavorQCD 0 1.000000 3 1.078355 4 1.134838 5 1.151601 6 1.268752 7 1.228473 
npcontrolregion_dilepton_ee up_jesHF 0 1.000000 3 0.706309 4 0.724514 5 0.824276 6 0.836105 7 0.000000 
npcontrolregion_dilepton_ee up_jesHF_2018 0 1.000000 3 0.706458 4 0.724927 5 0.824621 6 0.834065 7 0.000000 
npcontrolregion_dilepton_ee up_jesRelativeBal 0 1.000000 2 0.982487 3 1.092595 4 1.148527 5 1.151511 6 1.326805 7 1.263223 
npcontrolregion_dilepton_ee up_jesRelativeSample_2018 0 1.000000 2 0.740680 3 0.712776 4 0.733579 5 0.778472 6 0.866637 7 0.000000 
npcontrolregion_dilepton_ee up_lf 0 1.000000 3 1.081141 4 1.138529 5 1.153483 6 1.299582 7 1.269942 
npcontrolregion_dilepton_ee up_lfstats1 0 1.000000 3 1.011898 4 1.044578 5 1.030170 6 1.132338 7 1.069457 
npcontrolregion_dilepton_ee up_lfstats2 0 1.000000 3 1.019916 4 1.056143 5 1.045355 6 1.152487 7 1.088407 
npcontrolregion_dilepton_em central 0 1.000000 3 1.106490 4 1.125927 5 1.200730 6 1.290710 7 1.389372 8 1.715132 
npcontrolregion_dilepton_em down_cferr1 0 1.000000 3 1.040361 4 1.037831 5 1.072686 6 1.192202 7 0.558357 8 1.550445 
npcontrolregion_dilepton_em down_cferr2 0 1.000000 3 1.079208 4 1.086161 5 1.144725 6 1.264468 7 0.938225 8 1.665070 
npcontrolregion_dilepton_em down_hf 0 1.000000 3 1.181111 4 1.242332 5 1.348576 6 1.438857 7 1.558764 8 2.331431 
npcontrolregion_dilepton_em down_hfstats1 0 1.000000 3 1.106133 4 1.125743 5 1.201142 6 1.282273 7 1.391829 8 1.711729 
npcontrolregion_dilepton_em down_hfstats2 0 1.000000 3 1.108114 4 1.128649 5 1.203661 6 1.298423 7 1.393407 8 1.724493 
npcontrolregion_dilepton_em down_jes 0 1.000000 2 1.099317 3 1.115625 4 1.145098 5 1.258970 6 1.293561 7 1.513764 8 1.891380 
npcontrolregion_dilepton_em down_jesAbsolute 0 1.000000 2 0.898331 3 0.787063 4 0.800804 5 0.787485 6 0.624728 7 0.000000 8 1.193760 
npcontrolregion_dilepton_em down_jesAbsolute_2018 0 1.000000 2 0.978826 3 0.787209 4 0.796711 5 0.757040 6 0.835121 7 0.000000 8 1.173216 
npcontrolregion_dilepton_em down_jesBBEC1 0 1.000000 2 1.043280 3 0.788487 4 0.793998 5 0.730075 6 0.840858 7 0.000000 8 1.179859 
npcontrolregion_dilepton_em down_jesBBEC1_2018 0 1.000000 2 0.854050 3 0.791719 4 0.778430 5 0.744396 6 0.836146 7 0.000000 8 1.160371 
npcontrolregion_dilepton_em down_jesEC2 0 1.000000 3 0.791833 4 0.775968 5 0.744572 6 0.832618 7 0.000000 8 1.152409 
npcontrolregion_dilepton_em down_jesEC2_2018 0 1.000000 3 0.792153 4 0.776408 5 0.744743 6 0.833192 7 0.000000 8 1.163374 
npcontrolregion_dilepton_em down_jesFlavorQCD 0 1.000000 2 1.091054 3 1.108233 4 1.143383 5 1.232989 6 1.228828 7 1.447983 8 1.766750 
npcontrolregion_dilepton_em down_jesHF 0 1.000000 3 0.791544 4 0.775135 5 0.743998 6 0.833814 7 0.000000 8 1.149740 
npcontrolregion_dilepton_em down_jesHF_2018 0 1.000000 3 0.791564 4 0.775285 5 0.744643 6 0.833325 7 0.000000 8 1.146772 
npcontrolregion_dilepton_em down_jesRelativeBal 0 1.000000 2 1.756586 3 1.101719 4 1.113740 5 1.215844 6 1.289819 7 1.366779 8 1.683521 
npcontrolregion_dilepton_em down_jesRelativeSample_2018 0 1.000000 3 0.782297 4 0.761515 5 0.742722 6 0.828873 7 0.000000 8 1.085755 
npcontrolregion_dilepton_em down_lf 0 1.000000 3 1.108909 4 1.127382 5 1.202476 6 1.319215 7 1.370930 8 1.735421 
npcontrolregion_dilepton_em down_lfstats1 0 1.000000 3 1.186870 4 1.235233 5 1.347014 6 1.458164 7 1.501813 8 2.131997 
npcontrolregion_dilepton_em down_lfstats2 0 1.000000 3 1.178046 4 1.223406 5 1.330437 6 1.441462 7 1.492091 8 2.086932 
npcontrolregion_dilepton_em up_cferr1 0 1.000000 3 1.203841 4 1.248395 5 1.369721 6 1.476912 7 2.243536 8 1.966398 
npcontrolregion_dilepton_em up_cferr2 0 1.000000 3 1.164642 4 1.199850 5 1.297059 6 1.379514 7 1.930123 8 1.838877 
npcontrolregion_dilepton_em up_hf 0 1.000000 3 1.030134 4 1.015318 5 1.057081 6 1.144796 7 1.222045 8 1.163674 
npcontrolregion_dilepton_em up_hfstats1 0 1.000000 3 1.106815 4 1.126186 5 1.200322 6 1.300211 7 1.386698 8 1.718001 
npcontrolregion_dilepton_em up_hfstats2 0 1.000000 3 1.104856 4 1.123347 5 1.197874 6 1.283547 7 1.385231 8 1.705839 
npcontrolregion_dilepton_em up_jes 0 1.000000 3 1.088860 4 1.093229 5 1.165337 6 1.307722 7 1.281901 8 1.556266 9 1.477079 
npcontrolregion_dilepton_em up_jesAbsolute 0 1.000000 3 0.785877 4 0.752357 5 0.785576 6 0.782782 7 0.000000 8 1.669166 9 0.000000 
npcontrolregion_dilepton_em up_jesAbsolute_2018 0 1.000000 3 0.789085 4 0.764594 5 0.761717 6 0.785158 7 0.000000 8 1.127299 
npcontrolregion_dilepton_em up_jesBBEC1 0 1.000000 3 0.790754 4 0.765367 5 0.741821 6 0.828615 7 0.000000 8 1.128039 
npcontrolregion_dilepton_em up_jesBBEC1_2018 0 1.000000 3 0.790184 4 0.775669 5 0.743564 6 0.829938 7 0.000000 8 1.138321 
npcontrolregion_dilepton_em up_jesEC2 0 1.000000 3 0.791249 4 0.774579 5 0.742763 6 0.832223 7 0.000000 8 1.146306 
npcontrolregion_dilepton_em up_jesEC2_2018 0 1.000000 3 0.791102 4 0.775192 5 0.743824 6 0.834594 7 0.000000 8 1.150882 
npcontrolregion_dilepton_em up_jesFlavorQCD 0 1.000000 3 1.099626 4 1.109190 5 1.203913 6 1.258140 7 1.383946 8 1.649147 9 1.526888 
npcontrolregion_dilepton_em up_jesHF 0 1.000000 3 0.791639 4 0.775015 5 0.743522 6 0.832545 7 0.000000 8 1.143915 
npcontrolregion_dilepton_em up_jesHF_2018 0 1.000000 3 0.791460 4 0.775414 5 0.743952 6 0.832690 7 0.000000 8 1.146514 
npcontrolregion_dilepton_em up_jesRelativeBal 0 1.000000 2 1.033911 3 1.109799 4 1.133794 5 1.207810 6 1.338313 7 1.407964 8 1.776494 
npcontrolregion_dilepton_em up_jesRelativeSample_2018 0 1.000000 2 0.891447 3 0.789109 4 0.798117 5 0.791434 6 0.695209 7 0.000000 8 1.179898 
npcontrolregion_dilepton_em up_lf 0 1.000000 3 1.101420 4 1.118825 5 1.192848 6 1.258231 7 1.398015 8 1.678690 
npcontrolregion_dilepton_em up_lfstats1 0 1.000000 3 1.031581 4 1.026651 5 1.070843 6 1.144797 7 1.281355 8 1.376962 
npcontrolregion_dilepton_em up_lfstats2 0 1.000000 3 1.039436 4 1.036819 5 1.084354 6 1.159014 7 1.291349 8 1.405064 
npcontrolregion_dilepton_inclusive central 0 1.000000 3 1.098637 4 1.126156 5 1.202971 6 1.235257 7 1.272879 8 1.837701 
npcontrolregion_dilepton_inclusive down_cferr1 0 1.000000 3 1.021967 4 1.037329 5 1.097410 6 1.087855 7 0.846262 8 1.738889 
npcontrolregion_dilepton_inclusive down_cferr2 0 1.000000 3 1.065974 4 1.086703 5 1.156161 6 1.162352 7 1.052773 8 1.807664 
npcontrolregion_dilepton_inclusive down_hf 0 1.000000 3 1.172980 4 1.231786 5 1.353411 6 1.387187 7 1.458777 8 2.290763 
npcontrolregion_dilepton_inclusive down_hfstats1 0 1.000000 3 1.098536 4 1.125737 5 1.202421 6 1.233783 7 1.274547 8 1.816505 
npcontrolregion_dilepton_inclusive down_hfstats2 0 1.000000 3 1.100273 4 1.128626 5 1.206539 6 1.240044 7 1.277048 8 1.836408 
npcontrolregion_dilepton_inclusive down_jes 0 1.000000 1 0.942536 2 1.100693 3 1.109853 4 1.148272 5 1.233043 6 1.261830 7 1.346917 8 2.113545 
npcontrolregion_dilepton_inclusive down_jesAbsolute 0 1.000000 1 0.903338 2 0.891876 3 0.755206 4 0.779786 5 0.784549 6 0.678498 7 0.392606 8 1.604355 
npcontrolregion_dilepton_inclusive down_jesAbsolute_2018 0 1.000000 2 0.933457 3 0.754412 4 0.774150 5 0.785221 6 0.737115 7 0.386623 8 1.565236 
npcontrolregion_dilepton_inclusive down_jesBBEC1 0 1.000000 2 0.965638 3 0.754264 4 0.772610 5 0.760064 6 0.776162 7 0.387312 8 1.543367 
npcontrolregion_dilepton_inclusive down_jesBBEC1_2018 0 1.000000 2 0.816816 3 0.755215 4 0.767820 5 0.772753 6 0.760754 7 0.382467 8 1.514381 
npcontrolregion_dilepton_inclusive down_jesEC2 0 1.000000 3 0.755020 4 0.765190 5 0.779691 6 0.734460 7 0.383926 8 1.498429 
npcontrolregion_dilepton_inclusive down_jesEC2_2018 0 1.000000 3 0.755253 4 0.765299 5 0.779684 6 0.734728 7 0.383863 8 1.507565 
npcontrolregion_dilepton_inclusive down_jesFlavorQCD 0 1.000000 1 0.902403 2 1.099007 3 1.103557 4 1.138548 5 1.219053 6 1.233078 7 1.314859 8 1.949115 
npcontrolregion_dilepton_inclusive down_jesHF 0 1.000000 3 0.754502 4 0.764265 5 0.779586 6 0.733284 7 0.383329 8 1.496280 
npcontrolregion_dilepton_inclusive down_jesHF_2018 0 1.000000 3 0.754582 4 0.764543 5 0.779848 6 0.733013 7 0.384071 8 1.492370 
npcontrolregion_dilepton_inclusive down_jesRelativeBal 0 1.000000 2 1.378293 3 1.095916 4 1.120159 5 1.209433 6 1.228072 7 1.259198 8 1.806005 
npcontrolregion_dilepton_inclusive down_jesRelativeSample_2018 0 1.000000 3 0.748652 4 0.747385 5 0.779883 6 0.744218 7 0.258858 8 1.389725 
npcontrolregion_dilepton_inclusive down_lf 0 1.000000 3 1.098908 4 1.128677 5 1.208907 6 1.237527 7 1.259841 8 2.027339 
npcontrolregion_dilepton_inclusive down_lfstats1 0 1.000000 3 1.177630 4 1.235581 5 1.351582 6 1.405049 7 1.461008 8 2.233211 
npcontrolregion_dilepton_inclusive down_lfstats2 0 1.000000 3 1.168985 4 1.223085 5 1.334467 6 1.387216 7 1.434924 8 2.208397 
npcontrolregion_dilepton_inclusive up_cferr1 0 1.000000 3 1.211363 4 1.255434 5 1.356936 6 1.452729 7 1.741961 8 1.988461 
npcontrolregion_dilepton_inclusive up_cferr2 0 1.000000 3 1.166212 4 1.203612 5 1.294723 6 1.365284 7 1.561523 8 1.911948 
npcontrolregion_dilepton_inclusive up_hf 0 1.000000 3 1.022503 4 1.022209 5 1.056871 6 1.085329 7 1.098478 8 1.404916 
npcontrolregion_dilepton_inclusive up_hfstats1 0 1.000000 3 1.098684 4 1.126675 5 1.203587 6 1.236907 7 1.270975 8 1.857643 
npcontrolregion_dilepton_inclusive up_hfstats2 0 1.000000 3 1.096995 4 1.123808 5 1.199521 6 1.230578 7 1.268605 8 1.837958 
npcontrolregion_dilepton_inclusive up_jes 0 1.000000 3 1.083036 4 1.096161 5 1.169807 6 1.203753 7 1.208093 8 1.684252 9 1.477079 
npcontrolregion_dilepton_inclusive up_jesAbsolute 0 1.000000 3 0.749339 4 0.750585 5 0.789667 6 0.727785 7 0.276888 8 1.741322 9 0.000000 
npcontrolregion_dilepton_inclusive up_jesAbsolute_2018 0 1.000000 3 0.752500 4 0.756460 5 0.785240 6 0.721710 7 0.380969 8 1.439705 
npcontrolregion_dilepton_inclusive up_jesBBEC1 0 1.000000 3 0.753490 4 0.755808 5 0.777227 6 0.730461 7 0.382803 8 1.447958 
npcontrolregion_dilepton_inclusive up_jesBBEC1_2018 0 1.000000 3 0.753911 4 0.763219 5 0.777482 6 0.736239 7 0.383185 8 1.482739 
npcontrolregion_dilepton_inclusive up_jesEC2 0 1.000000 3 0.754327 4 0.763999 5 0.778852 6 0.732384 7 0.382250 8 1.490671 
npcontrolregion_dilepton_inclusive up_jesEC2_2018 0 1.000000 3 0.754403 4 0.764363 5 0.779332 6 0.733867 7 0.380945 8 1.495386 
npcontrolregion_dilepton_inclusive up_jesFlavorQCD 0 1.000000 3 1.092689 4 1.113346 5 1.199498 6 1.209882 7 1.230525 8 1.741090 9 1.526888 
npcontrolregion_dilepton_inclusive up_jesHF 0 1.000000 3 0.754472 4 0.764383 5 0.779290 6 0.733833 7 0.382718 8 1.484310 
npcontrolregion_dilepton_inclusive up_jesHF_2018 0 1.000000 3 0.754549 4 0.764732 5 0.779627 6 0.733294 7 0.383397 8 1.489447 
npcontrolregion_dilepton_inclusive up_jesRelativeBal 0 1.000000 1 0.902297 2 1.051997 3 1.102748 4 1.130403 5 1.212015 6 1.238685 7 1.269890 8 1.930971 
npcontrolregion_dilepton_inclusive up_jesRelativeSample_2018 0 1.000000 1 0.902477 2 0.825403 3 0.757313 4 0.784600 5 0.771283 6 0.730711 7 0.384134 8 1.607869 
npcontrolregion_dilepton_inclusive up_lf 0 1.000000 3 1.095072 4 1.118790 5 1.191418 6 1.224838 7 1.274974 8 1.644995 
npcontrolregion_dilepton_inclusive up_lfstats1 0 1.000000 3 1.024873 4 1.026813 5 1.070943 6 1.086755 7 1.108412 8 1.508716 
npcontrolregion_dilepton_inclusive up_lfstats2 0 1.000000 3 1.032574 4 1.037520 5 1.084940 6 1.101046 7 1.128776 8 1.525418 
npcontrolregion_dilepton_me central 0 1.000000 3 1.089199 4 1.118653 5 1.232377 6 1.060548 8 2.350773 
npcontrolregion_dilepton_me down_cferr1 0 1.000000 3 1.015383 4 1.029447 5 1.080660 6 0.902806 8 2.350773 
npcontrolregion_dilepton_me down_cferr2 0 1.000000 3 1.057250 4 1.078506 5 1.157621 6 0.970843 8 2.350773 
npcontrolregion_dilepton_me down_hf 0 1.000000 3 1.154245 4 1.216791 5 1.400882 6 1.198100 8 2.499773 
npcontrolregion_dilepton_me down_hfstats1 0 1.000000 3 1.089438 4 1.118551 5 1.229501 6 1.062602 8 2.251642 
npcontrolregion_dilepton_me down_hfstats2 0 1.000000 3 1.090745 4 1.120828 5 1.237189 6 1.063171 8 2.309536 
npcontrolregion_dilepton_me down_jes 0 1.000000 1 0.905912 2 1.122990 3 1.096581 4 1.149325 5 1.227827 6 1.142408 8 2.974611 
npcontrolregion_dilepton_me down_jesAbsolute 0 1.000000 2 1.041501 3 0.762472 4 0.790058 5 0.683802 6 0.644997 8 2.660510 
npcontrolregion_dilepton_me down_jesAbsolute_2018 0 1.000000 2 0.949010 3 0.762304 4 0.787969 5 0.680185 6 0.648945 8 2.540525 
npcontrolregion_dilepton_me down_jesBBEC1 0 1.000000 2 1.098591 3 0.758876 4 0.786916 5 0.673784 6 0.671933 8 2.436872 
npcontrolregion_dilepton_me down_jesBBEC1_2018 0 1.000000 2 0.896159 3 0.761117 4 0.784858 5 0.700061 6 0.609323 8 2.368667 
npcontrolregion_dilepton_me down_jesEC2 0 1.000000 3 0.761116 4 0.783292 5 0.721291 6 0.562231 8 2.338224 
npcontrolregion_dilepton_me down_jesEC2_2018 0 1.000000 3 0.760968 4 0.783870 5 0.721073 6 0.560919 8 2.353952 
npcontrolregion_dilepton_me down_jesFlavorQCD 0 1.000000 2 1.175081 3 1.093903 4 1.128608 5 1.218365 6 1.111640 8 2.674733 
npcontrolregion_dilepton_me down_jesHF 0 1.000000 3 0.760472 4 0.782147 5 0.720351 6 0.561153 8 2.337021 
npcontrolregion_dilepton_me down_jesHF_2018 0 1.000000 3 0.760544 4 0.782305 5 0.721141 6 0.560715 8 2.323486 
npcontrolregion_dilepton_me down_jesRelativeBal 0 1.000000 3 1.088657 4 1.111040 5 1.246190 6 1.036750 7 1.337451 8 2.320877 
npcontrolregion_dilepton_me down_jesRelativeSample_2018 0 1.000000 3 0.757210 4 0.756436 5 0.737528 6 0.634622 7 0.000000 8 2.073369 
npcontrolregion_dilepton_me down_lf 0 1.000000 3 1.087129 4 1.120258 5 1.258608 6 1.048691 8 3.264604 
npcontrolregion_dilepton_me down_lfstats1 0 1.000000 3 1.166852 4 1.226867 5 1.377258 6 1.217585 8 2.771358 
npcontrolregion_dilepton_me down_lfstats2 0 1.000000 3 1.157789 4 1.214793 5 1.363895 6 1.195091 8 2.778773 
npcontrolregion_dilepton_me up_cferr1 0 1.000000 3 1.197320 4 1.247181 5 1.457256 6 1.246797 8 2.350773 
npcontrolregion_dilepton_me up_cferr2 0 1.000000 3 1.154315 4 1.194648 5 1.372466 6 1.186356 8 2.350773 
npcontrolregion_dilepton_me up_hf 0 1.000000 3 1.019919 4 1.021683 5 1.070809 6 0.924450 8 2.126421 
npcontrolregion_dilepton_me up_hfstats1 0 1.000000 3 1.088869 4 1.118785 5 1.235625 6 1.058069 8 2.445861 
npcontrolregion_dilepton_me up_hfstats2 0 1.000000 3 1.087637 4 1.116501 5 1.227966 6 1.057621 8 2.386809 
npcontrolregion_dilepton_me up_jes 0 1.000000 3 1.075234 4 1.089211 5 1.200734 6 1.006658 7 1.303722 8 2.098416 
npcontrolregion_dilepton_me up_jesAbsolute 0 1.000000 3 0.757082 4 0.763004 5 0.736100 6 0.639036 7 0.000000 8 2.015900 
npcontrolregion_dilepton_me up_jesAbsolute_2018 0 1.000000 3 0.760440 4 0.769193 5 0.720015 6 0.598896 8 2.168030 
npcontrolregion_dilepton_me up_jesBBEC1 0 1.000000 3 0.760294 4 0.770108 5 0.712156 6 0.588300 8 2.171891 
npcontrolregion_dilepton_me up_jesBBEC1_2018 0 1.000000 3 0.760958 4 0.778048 5 0.714121 6 0.603150 8 2.320669 
npcontrolregion_dilepton_me up_jesEC2 0 1.000000 3 0.760449 4 0.782115 5 0.720429 6 0.559286 8 2.335217 
npcontrolregion_dilepton_me up_jesEC2_2018 0 1.000000 3 0.760632 4 0.781994 5 0.721154 6 0.559647 8 2.328321 
npcontrolregion_dilepton_me up_jesFlavorQCD 0 1.000000 3 1.085194 4 1.102760 5 1.236457 6 1.031800 7 1.301366 8 2.044897 
npcontrolregion_dilepton_me up_jesHF 0 1.000000 3 0.760470 4 0.782441 5 0.721011 6 0.561525 8 2.305303 
npcontrolregion_dilepton_me up_jesHF_2018 0 1.000000 3 0.760565 4 0.782735 5 0.721180 6 0.560846 8 2.317386 
npcontrolregion_dilepton_me up_jesRelativeBal 0 1.000000 2 1.173157 3 1.091184 4 1.116610 5 1.243730 6 1.069564 8 2.512559 
npcontrolregion_dilepton_me up_jesRelativeSample_2018 0 1.000000 2 0.940494 3 0.762045 4 0.796739 5 0.692262 6 0.563883 8 2.648363 
npcontrolregion_dilepton_me up_lf 0 1.000000 3 1.087677 4 1.112235 5 1.204634 6 1.060812 8 1.489497 
npcontrolregion_dilepton_me up_lfstats1 0 1.000000 3 1.016296 4 1.020789 5 1.102939 6 0.924304 8 1.984794 
npcontrolregion_dilepton_me up_lfstats2 0 1.000000 3 1.024369 4 1.031123 5 1.114048 6 0.941501 8 1.984185 
npcontrolregion_dilepton_mm central 0 1.000000 3 1.108742 4 1.121059 5 1.202108 6 1.265783 7 1.150092 8 1.692335 
npcontrolregion_dilepton_mm down_cferr1 0 1.000000 3 1.028012 4 1.035499 5 1.143288 6 1.048933 7 1.150092 8 1.692335 
npcontrolregion_dilepton_mm down_cferr2 0 1.000000 3 1.074368 4 1.082899 5 1.178949 6 1.151496 7 1.150092 8 1.692335 
npcontrolregion_dilepton_mm down_hf 0 1.000000 3 1.191359 4 1.218690 5 1.341243 6 1.443358 7 1.289280 8 1.959749 
npcontrolregion_dilepton_mm down_hfstats1 0 1.000000 3 1.108619 4 1.120291 5 1.202590 6 1.266271 7 1.153164 8 1.695696 
npcontrolregion_dilepton_mm down_hfstats2 0 1.000000 3 1.110488 4 1.123597 5 1.205131 6 1.270082 7 1.154356 8 1.699023 
npcontrolregion_dilepton_mm down_jes 0 1.000000 1 0.934516 2 1.094953 3 1.123090 4 1.138779 5 1.254940 6 1.174981 7 1.189682 8 1.918972 
npcontrolregion_dilepton_mm down_jesAbsolute 0 1.000000 1 0.903338 2 0.967303 3 0.747517 4 0.781003 5 0.852272 6 0.630905 7 1.177818 8 1.779984 
npcontrolregion_dilepton_mm down_jesAbsolute_2018 0 1.000000 2 0.925485 3 0.748337 4 0.772006 5 0.871631 6 0.629686 7 1.159869 8 1.766007 
npcontrolregion_dilepton_mm down_jesBBEC1 0 1.000000 2 0.808396 3 0.750563 4 0.768489 5 0.821311 6 0.739779 7 1.161936 8 1.740385 
npcontrolregion_dilepton_mm down_jesBBEC1_2018 0 1.000000 2 0.670007 3 0.750259 4 0.765418 5 0.830181 6 0.739737 7 1.147402 8 1.722128 
npcontrolregion_dilepton_mm down_jesEC2 0 1.000000 3 0.748057 4 0.764044 5 0.838163 6 0.701753 7 1.151778 8 1.696691 
npcontrolregion_dilepton_mm down_jesEC2_2018 0 1.000000 3 0.748448 4 0.763757 5 0.839164 6 0.702081 7 1.151589 8 1.693752 
npcontrolregion_dilepton_mm down_jesFlavorQCD 0 1.000000 1 0.902403 2 1.099505 3 1.115684 4 1.130338 5 1.242758 6 1.238902 7 1.175035 8 1.770591 
npcontrolregion_dilepton_mm down_jesHF 0 1.000000 3 0.747627 4 0.763193 5 0.839172 6 0.700152 7 1.149988 8 1.695159 
npcontrolregion_dilepton_mm down_jesHF_2018 0 1.000000 3 0.747824 4 0.763287 5 0.838946 6 0.699238 7 1.152213 8 1.698048 
npcontrolregion_dilepton_mm down_jesRelativeBal 0 1.000000 3 1.105851 4 1.121771 5 1.203926 6 1.251602 7 1.044984 8 1.658584 
npcontrolregion_dilepton_mm down_jesRelativeSample_2018 0 1.000000 3 0.743411 4 0.750237 5 0.837003 6 0.673736 7 1.035432 8 1.617993 
npcontrolregion_dilepton_mm down_lf 0 1.000000 3 1.108996 4 1.124077 5 1.197364 6 1.262567 7 1.129519 8 1.665830 
npcontrolregion_dilepton_mm down_lfstats1 0 1.000000 3 1.187950 4 1.229586 5 1.355214 6 1.437969 7 1.356557 8 1.998709 
npcontrolregion_dilepton_mm down_lfstats2 0 1.000000 3 1.180105 4 1.216784 5 1.335196 6 1.426329 7 1.313132 8 2.002412 
npcontrolregion_dilepton_mm up_cferr1 0 1.000000 3 1.227796 4 1.252010 5 1.301944 6 1.566328 7 1.150092 8 1.692335 
npcontrolregion_dilepton_mm up_cferr2 0 1.000000 3 1.180157 4 1.199820 5 1.263204 6 1.446062 7 1.150092 8 1.692335 
npcontrolregion_dilepton_mm up_hf 0 1.000000 3 1.026197 4 1.021356 5 1.066251 6 1.096243 7 1.013404 8 1.407140 
npcontrolregion_dilepton_mm up_hfstats1 0 1.000000 3 1.108832 4 1.121945 5 1.201569 6 1.265331 7 1.146712 8 1.688351 
npcontrolregion_dilepton_mm up_hfstats2 0 1.000000 3 1.107009 4 1.118680 5 1.199046 6 1.261604 7 1.145683 8 1.685461 
npcontrolregion_dilepton_mm up_jes 0 1.000000 3 1.093997 4 1.098845 5 1.160818 6 1.202327 7 0.993327 8 1.526059 
npcontrolregion_dilepton_mm up_jesAbsolute 0 1.000000 3 0.741467 4 0.755694 5 0.833111 6 0.682467 7 1.107551 8 1.611057 
npcontrolregion_dilepton_mm up_jesAbsolute_2018 0 1.000000 3 0.744475 4 0.761163 5 0.842380 6 0.690859 7 1.142906 8 1.648598 
npcontrolregion_dilepton_mm up_jesBBEC1 0 1.000000 3 0.745395 4 0.759447 5 0.839220 6 0.689311 7 1.148410 8 1.683781 
npcontrolregion_dilepton_mm up_jesBBEC1_2018 0 1.000000 3 0.747271 4 0.763058 5 0.837557 6 0.694969 7 1.149555 8 1.678060 
npcontrolregion_dilepton_mm up_jesEC2 0 1.000000 3 0.747410 4 0.763000 5 0.838101 6 0.699366 7 1.146751 8 1.679219 
npcontrolregion_dilepton_mm up_jesEC2_2018 0 1.000000 3 0.747506 4 0.763342 5 0.838040 6 0.701347 7 1.142835 8 1.695961 
npcontrolregion_dilepton_mm up_jesFlavorQCD 0 1.000000 3 1.102445 4 1.113709 5 1.190343 6 1.244469 7 1.008315 8 1.621167 
npcontrolregion_dilepton_mm up_jesHF 0 1.000000 3 0.747480 4 0.763070 5 0.838165 6 0.700744 7 1.148154 8 1.684502 
npcontrolregion_dilepton_mm up_jesHF_2018 0 1.000000 3 0.747716 4 0.763391 5 0.838545 6 0.700504 7 1.150192 8 1.690309 
npcontrolregion_dilepton_mm up_jesRelativeBal 0 1.000000 1 0.902297 2 1.041652 3 1.113330 4 1.128946 5 1.221303 6 1.191818 7 1.138485 8 1.812814 
npcontrolregion_dilepton_mm up_jesRelativeSample_2018 0 1.000000 1 0.902477 2 0.744227 3 0.753747 4 0.792639 5 0.816553 6 0.755509 7 1.152401 8 1.851288 
npcontrolregion_dilepton_mm up_lf 0 1.000000 3 1.104941 4 1.113165 5 1.199821 6 1.260291 7 1.156967 8 1.699408 
npcontrolregion_dilepton_mm up_lfstats1 0 1.000000 3 1.034868 4 1.022009 5 1.066881 6 1.115039 7 0.974422 8 1.427903 
npcontrolregion_dilepton_mm up_lfstats2 0 1.000000 3 1.041905 4 1.032985 5 1.083095 6 1.124287 7 1.006572 8 1.427712 
nplownjetscontrolregion_dilepton_inclusive central 0 1.000000 1 1.027675 2 1.076245 
nplownjetscontrolregion_dilepton_inclusive down_cferr1 0 1.000000 1 1.001241 2 1.028971 
nplownjetscontrolregion_dilepton_inclusive down_cferr2 0 1.000000 1 1.017046 2 1.056792 
nplownjetscontrolregion_dilepton_inclusive down_hf 0 1.000000 1 1.050377 2 1.128777 
nplownjetscontrolregion_dilepton_inclusive down_hfstats1 0 1.000000 1 1.027575 2 1.075982 
nplownjetscontrolregion_dilepton_inclusive down_hfstats2 0 1.000000 1 1.028172 2 1.077345 
nplownjetscontrolregion_dilepton_inclusive down_jes 0 1.000000 1 1.031268 2 1.084184 
nplownjetscontrolregion_dilepton_inclusive down_jesAbsolute 0 1.000000 1 0.892388 2 0.854670 
nplownjetscontrolregion_dilepton_inclusive down_jesAbsolute_2018 0 1.000000 1 0.892407 2 0.854256 
nplownjetscontrolregion_dilepton_inclusive down_jesBBEC1 0 1.000000 1 0.891762 2 0.852697 
nplownjetscontrolregion_dilepton_inclusive down_jesBBEC1_2018 0 1.000000 1 0.891558 2 0.851986 
nplownjetscontrolregion_dilepton_inclusive down_jesEC2 0 1.000000 1 0.891350 2 0.851675 
nplownjetscontrolregion_dilepton_inclusive down_jesEC2_2018 0 1.000000 1 0.891389 2 0.851819 
nplownjetscontrolregion_dilepton_inclusive down_jesFlavorQCD 0 1.000000 1 1.029258 2 1.079930 
nplownjetscontrolregion_dilepton_inclusive down_jesHF 0 1.000000 1 0.891123 2 0.851264 
nplownjetscontrolregion_dilepton_inclusive down_jesHF_2018 0 1.000000 1 0.891209 2 0.851442 
nplownjetscontrolregion_dilepton_inclusive down_jesRelativeBal 0 1.000000 1 1.027113 2 1.074860 3 1.092354 4 0.916351 
nplownjetscontrolregion_dilepton_inclusive down_jesRelativeSample_2018 0 1.000000 1 0.888576 2 0.847302 3 0.845820 4 0.816270 
nplownjetscontrolregion_dilepton_inclusive down_lf 0 1.000000 1 1.027613 2 1.076628 
nplownjetscontrolregion_dilepton_inclusive down_lfstats1 0 1.000000 1 1.053311 2 1.130405 
nplownjetscontrolregion_dilepton_inclusive down_lfstats2 0 1.000000 1 1.050514 2 1.125174 
nplownjetscontrolregion_dilepton_inclusive up_cferr1 0 1.000000 1 1.065610 2 1.144849 
nplownjetscontrolregion_dilepton_inclusive up_cferr2 0 1.000000 1 1.050644 2 1.117466 
nplownjetscontrolregion_dilepton_inclusive up_hf 0 1.000000 1 1.003251 2 1.022001 
nplownjetscontrolregion_dilepton_inclusive up_hfstats1 0 1.000000 1 1.027760 2 1.076492 
nplownjetscontrolregion_dilepton_inclusive up_hfstats2 0 1.000000 1 1.027174 2 1.075144 
nplownjetscontrolregion_dilepton_inclusive up_jes 0 1.000000 1 1.022917 2 1.065438 3 1.083203 4 1.081705 
nplownjetscontrolregion_dilepton_inclusive up_jesAbsolute 0 1.000000 1 0.889146 2 0.847962 3 0.830359 4 1.142320 
nplownjetscontrolregion_dilepton_inclusive up_jesAbsolute_2018 0 1.000000 1 0.890265 2 0.849622 3 0.835104 4 1.282359 
nplownjetscontrolregion_dilepton_inclusive up_jesBBEC1 0 1.000000 1 0.890299 2 0.849461 3 0.834983 4 0.947416 
nplownjetscontrolregion_dilepton_inclusive up_jesBBEC1_2018 0 1.000000 1 0.890927 2 0.850913 3 0.807931 
nplownjetscontrolregion_dilepton_inclusive up_jesEC2 0 1.000000 1 0.891095 2 0.851267 
nplownjetscontrolregion_dilepton_inclusive up_jesEC2_2018 0 1.000000 1 0.891212 2 0.851487 
nplownjetscontrolregion_dilepton_inclusive up_jesFlavorQCD 0 1.000000 1 1.026025 2 1.072302 3 1.090723 4 1.175310 
nplownjetscontrolregion_dilepton_inclusive up_jesHF 0 1.000000 1 0.891174 2 0.851364 
nplownjetscontrolregion_dilepton_inclusive up_jesHF_2018 0 1.000000 1 0.891247 2 0.851548 
nplownjetscontrolregion_dilepton_inclusive up_jesRelativeBal 0 1.000000 1 1.028723 2 1.078916 3 1.058368 
nplownjetscontrolregion_dilepton_inclusive up_jesRelativeSample_2018 0 1.000000 1 0.893002 2 0.855278 
nplownjetscontrolregion_dilepton_inclusive up_lf 0 1.000000 1 1.026857 2 1.073972 
nplownjetscontrolregion_dilepton_inclusive up_lfstats1 0 1.000000 1 1.002631 2 1.024657 
nplownjetscontrolregion_dilepton_inclusive up_lfstats2 0 1.000000 1 1.005369 2 1.029616 
signalregion_dilepton_ee central 0 1.000000 3 1.130958 4 1.171147 5 1.221625 6 1.299805 7 1.457791 8 1.298912 9 0.935508 
signalregion_dilepton_ee down_cferr1 0 1.000000 3 1.069977 4 1.095014 5 1.124128 6 1.168143 7 1.330179 8 1.179036 9 0.811934 
signalregion_dilepton_ee down_cferr2 0 1.000000 3 1.105383 4 1.138255 5 1.176806 6 1.238886 7 1.401531 8 1.245214 9 0.882681 
signalregion_dilepton_ee down_hf 0 1.000000 3 1.218707 4 1.292815 5 1.386790 6 1.498666 7 1.801895 8 1.532401 9 1.040749 
signalregion_dilepton_ee down_hfstats1 0 1.000000 3 1.130449 4 1.170548 5 1.220948 6 1.298991 7 1.457737 8 1.302248 9 0.937677 
signalregion_dilepton_ee down_hfstats2 0 1.000000 3 1.132814 4 1.173728 5 1.225164 6 1.304436 7 1.464611 8 1.303605 9 0.939236 
signalregion_dilepton_ee down_jes 0 1.000000 1 1.084964 2 1.106196 3 1.145918 4 1.190963 5 1.256680 6 1.358920 7 1.493697 8 1.334625 9 0.685154 
signalregion_dilepton_ee down_jesAbsolute 0 1.000000 2 0.965816 3 0.859118 4 0.852105 5 0.866826 6 0.790294 7 0.843925 8 0.735904 9 0.385201 
signalregion_dilepton_ee down_jesAbsolute_2018 0 1.000000 2 0.936061 3 0.859045 4 0.852505 5 0.865407 6 0.787727 7 0.822002 8 0.836800 9 0.254956 
signalregion_dilepton_ee down_jesBBEC1 0 1.000000 2 0.924298 3 0.856770 4 0.850292 5 0.856135 6 0.798850 7 0.756810 8 0.938928 9 0.256939 
signalregion_dilepton_ee down_jesBBEC1_2018 0 1.000000 2 1.019353 3 0.855964 4 0.848503 5 0.856890 6 0.777969 7 0.791844 8 0.830626 9 0.253606 
signalregion_dilepton_ee down_jesEC2 0 1.000000 3 0.855116 4 0.849359 5 0.857925 6 0.780942 7 0.771057 8 0.828053 9 0.254521 
signalregion_dilepton_ee down_jesEC2_2018 0 1.000000 3 0.855320 4 0.849491 5 0.858664 6 0.781043 7 0.770222 8 0.829129 9 0.254194 
signalregion_dilepton_ee down_jesFlavorQCD 0 1.000000 1 1.080600 2 1.094591 3 1.137802 4 1.179298 5 1.240842 6 1.328886 7 1.444110 8 1.353470 9 0.700810 
signalregion_dilepton_ee down_jesHF 0 1.000000 3 0.854350 4 0.848399 5 0.856729 6 0.779576 7 0.766775 8 0.826637 9 0.254886 
signalregion_dilepton_ee down_jesHF_2018 0 1.000000 3 0.854637 4 0.848766 5 0.856949 6 0.779623 7 0.767978 8 0.827189 9 0.254650 
signalregion_dilepton_ee down_jesRelativeBal 0 1.000000 2 0.956159 3 1.127904 4 1.168563 5 1.209629 6 1.308103 7 1.457171 8 1.288555 9 0.944609 
signalregion_dilepton_ee down_jesRelativeSample_2018 0 1.000000 3 0.846763 4 0.842934 5 0.827190 6 0.807619 7 0.755618 8 0.710229 9 0.257902 
signalregion_dilepton_ee down_lf 0 1.000000 3 1.133344 4 1.174372 5 1.224136 6 1.308336 7 1.458768 8 1.276781 9 0.919636 
signalregion_dilepton_ee down_lfstats1 0 1.000000 3 1.214305 4 1.287138 5 1.372282 6 1.484155 7 1.693044 8 1.548292 9 1.177469 
signalregion_dilepton_ee down_lfstats2 0 1.000000 3 1.206939 4 1.275907 5 1.357465 6 1.468496 7 1.680037 8 1.511616 9 1.125323 
signalregion_dilepton_ee up_cferr1 0 1.000000 3 1.219103 4 1.281781 5 1.366858 6 1.503409 7 1.638276 8 1.472754 9 1.123059 
signalregion_dilepton_ee up_cferr2 0 1.000000 3 1.183599 4 1.237321 5 1.308156 6 1.420806 7 1.571523 8 1.412286 9 1.054215 
signalregion_dilepton_ee up_hf 0 1.000000 3 1.043131 4 1.053645 5 1.065116 6 1.112647 7 1.166488 8 1.098107 9 0.822121 
signalregion_dilepton_ee up_hfstats1 0 1.000000 3 1.131478 4 1.171766 5 1.222302 6 1.300604 7 1.457850 8 1.295077 9 0.932956 
signalregion_dilepton_ee up_hfstats2 0 1.000000 3 1.129135 4 1.168597 5 1.218130 6 1.295301 7 1.451329 8 1.293903 9 0.931638 
signalregion_dilepton_ee up_jes 0 1.000000 3 1.112090 4 1.148089 5 1.180702 6 1.249183 7 1.424623 8 1.257394 9 0.897571 
signalregion_dilepton_ee up_jesAbsolute 0 1.000000 3 0.847270 4 0.845428 5 0.834290 6 0.803953 7 0.773581 8 0.726247 9 0.250975 
signalregion_dilepton_ee up_jesAbsolute_2018 0 1.000000 3 0.850337 4 0.849835 5 0.840821 6 0.796332 7 0.776290 8 0.738233 9 0.253768 
signalregion_dilepton_ee up_jesBBEC1 0 1.000000 3 0.850673 4 0.849067 5 0.840868 6 0.795609 7 0.781422 8 0.738862 9 0.254849 
signalregion_dilepton_ee up_jesBBEC1_2018 0 1.000000 3 0.853093 4 0.849821 5 0.849085 6 0.792338 7 0.765576 8 0.823074 9 0.254776 
signalregion_dilepton_ee up_jesEC2 0 1.000000 3 0.854282 4 0.848108 5 0.856622 6 0.779225 7 0.766304 8 0.822238 9 0.254183 
signalregion_dilepton_ee up_jesEC2_2018 0 1.000000 3 0.854561 4 0.848701 5 0.856661 6 0.779926 7 0.767550 8 0.819887 9 0.254140 
signalregion_dilepton_ee up_jesFlavorQCD 0 1.000000 3 1.122932 4 1.164801 5 1.204257 6 1.292168 7 1.435661 8 1.233954 9 0.917639 
signalregion_dilepton_ee up_jesHF 0 1.000000 3 0.854606 4 0.848628 5 0.856975 6 0.779959 7 0.768057 8 0.827316 9 0.253964 
signalregion_dilepton_ee up_jesHF_2018 0 1.000000 3 0.854878 4 0.848924 5 0.857545 6 0.779687 7 0.769044 8 0.825907 9 0.254121 
signalregion_dilepton_ee up_jesRelativeBal 0 1.000000 2 1.106862 3 1.135492 4 1.177413 5 1.232487 6 1.307190 7 1.458497 8 1.364767 9 0.708294 
signalregion_dilepton_ee up_jesRelativeSample_2018 0 1.000000 1 1.037659 2 0.930219 3 0.861636 4 0.855350 5 0.866852 6 0.826152 7 0.800715 8 0.852747 9 0.379609 
signalregion_dilepton_ee up_lf 0 1.000000 3 1.125422 4 1.163349 5 1.212504 6 1.283261 7 1.444261 8 1.305612 9 0.938963 
signalregion_dilepton_ee up_lfstats1 0 1.000000 3 1.053241 4 1.065954 5 1.087648 6 1.137870 7 1.253675 8 1.091958 9 0.743337 
signalregion_dilepton_ee up_lfstats2 0 1.000000 3 1.059987 4 1.075720 5 1.099841 6 1.150520 7 1.264345 8 1.118214 9 0.777268 
signalregion_dilepton_em central 0 1.000000 3 1.124315 4 1.174680 5 1.243261 6 1.360877 7 1.312791 8 1.368075 9 1.139092 10 1.522314 
signalregion_dilepton_em down_cferr1 0 1.000000 3 1.060863 4 1.096466 5 1.146172 6 1.247039 7 1.149152 8 1.136534 9 1.139092 10 1.522314 
signalregion_dilepton_em down_cferr2 0 1.000000 3 1.097273 4 1.141053 5 1.199696 6 1.308180 7 1.240967 8 1.271892 9 1.139092 10 1.522314 
signalregion_dilepton_em down_hf 0 1.000000 3 1.210549 4 1.295093 5 1.413010 6 1.623285 7 1.512483 8 1.655744 9 1.303321 10 1.777646 
signalregion_dilepton_em down_hfstats1 0 1.000000 3 1.123857 4 1.174171 5 1.242411 6 1.359101 7 1.309049 8 1.368317 9 1.141194 10 1.524238 
signalregion_dilepton_em down_hfstats2 0 1.000000 3 1.126108 4 1.177390 5 1.246735 6 1.365929 7 1.317694 8 1.374618 9 1.143982 10 1.529843 
signalregion_dilepton_em down_jes 0 1.000000 1 0.971875 2 1.098431 3 1.139614 4 1.200267 5 1.277320 6 1.402811 7 1.395886 8 1.255574 9 1.704805 10 1.502295 
signalregion_dilepton_em down_jesAbsolute 0 1.000000 1 0.939933 2 0.855359 3 0.849889 4 0.851014 5 0.878651 6 0.911629 7 0.743821 8 0.534049 9 1.143978 10 1.564794 
signalregion_dilepton_em down_jesAbsolute_2018 0 1.000000 1 0.938253 2 0.831182 3 0.849670 4 0.847771 5 0.871086 6 0.922367 7 0.744340 8 0.538310 9 1.139434 10 1.534349 
signalregion_dilepton_em down_jesBBEC1 0 1.000000 1 0.916882 2 0.824561 3 0.847627 4 0.843466 5 0.869039 6 0.905873 7 0.735940 8 0.527368 9 1.130687 10 1.549361 
signalregion_dilepton_em down_jesBBEC1_2018 0 1.000000 2 0.771023 3 0.846315 4 0.841541 5 0.866098 6 0.902742 7 0.719472 8 0.533439 9 1.144060 10 1.527836 
signalregion_dilepton_em down_jesEC2 0 1.000000 3 0.845364 4 0.841238 5 0.860499 6 0.898741 7 0.718926 8 0.528068 9 1.137559 10 1.524466 
signalregion_dilepton_em down_jesEC2_2018 0 1.000000 3 0.845663 4 0.841464 5 0.861251 6 0.900153 7 0.718575 8 0.534108 9 1.138949 10 1.531519 
signalregion_dilepton_em down_jesFlavorQCD 0 1.000000 1 0.938766 2 1.092351 3 1.130973 4 1.186163 5 1.259411 6 1.374529 7 1.365252 8 1.397609 9 1.130532 10 1.431744 
signalregion_dilepton_em down_jesHF 0 1.000000 3 0.844754 4 0.840449 5 0.859015 6 0.897946 7 0.716629 8 0.530068 9 1.142814 10 1.517269 
signalregion_dilepton_em down_jesHF_2018 0 1.000000 3 0.844987 4 0.840771 5 0.859543 6 0.898002 7 0.717820 8 0.528697 9 1.139878 10 1.519839 
signalregion_dilepton_em down_jesRelativeBal 0 1.000000 2 1.124902 3 1.122033 4 1.169586 5 1.229692 6 1.358027 7 1.320013 8 1.328159 9 1.136445 10 1.594897 
signalregion_dilepton_em down_jesRelativeSample_2018 0 1.000000 3 0.837955 4 0.832119 5 0.843624 6 0.877773 7 0.714329 8 0.693312 9 0.769046 10 1.576078 
signalregion_dilepton_em down_lf 0 1.000000 3 1.126514 4 1.177596 5 1.250820 6 1.374827 7 1.344304 8 1.365884 9 1.121908 10 1.500435 
signalregion_dilepton_em down_lfstats1 0 1.000000 3 1.207777 4 1.288937 5 1.392065 6 1.561373 7 1.521524 8 1.640017 9 1.458071 10 1.962432 
signalregion_dilepton_em down_lfstats2 0 1.000000 3 1.199609 4 1.278301 5 1.378176 6 1.545769 7 1.501454 8 1.618578 9 1.391616 10 1.875670 
signalregion_dilepton_em up_cferr1 0 1.000000 3 1.215686 4 1.291032 5 1.391481 6 1.545968 7 1.565986 8 1.674357 9 1.139092 10 1.522314 
signalregion_dilepton_em up_cferr2 0 1.000000 3 1.178857 4 1.243829 5 1.331920 6 1.470542 7 1.459745 8 1.541553 9 1.139092 10 1.522314 
signalregion_dilepton_em up_hf 0 1.000000 3 1.038539 4 1.057292 5 1.083768 6 1.134254 7 1.125538 8 1.113724 9 0.968954 10 1.265047 
signalregion_dilepton_em up_hfstats1 0 1.000000 3 1.124787 4 1.175199 5 1.244114 6 1.362967 7 1.316708 8 1.367478 9 1.136693 10 1.520057 
signalregion_dilepton_em up_hfstats2 0 1.000000 3 1.122552 4 1.172024 5 1.239879 6 1.356099 7 1.308019 8 1.361468 9 1.134072 10 1.514669 
signalregion_dilepton_em up_jes 0 1.000000 3 1.107800 4 1.145568 5 1.199948 6 1.299879 7 1.243699 8 1.452058 9 1.192003 10 1.483956 
signalregion_dilepton_em up_jesAbsolute 0 1.000000 3 0.838948 4 0.832402 5 0.851099 6 0.876107 7 0.712594 8 0.585627 9 1.140808 10 1.469311 
signalregion_dilepton_em up_jesAbsolute_2018 0 1.000000 3 0.842011 4 0.837589 5 0.854793 6 0.878590 7 0.721476 8 0.536161 9 1.156050 10 1.493831 
signalregion_dilepton_em up_jesBBEC1 0 1.000000 3 0.841805 4 0.839635 5 0.853340 6 0.885526 7 0.715446 8 0.574979 9 1.154152 10 1.503252 
signalregion_dilepton_em up_jesBBEC1_2018 0 1.000000 3 0.843780 4 0.840887 5 0.856377 6 0.882389 7 0.736514 8 0.530428 9 1.145356 10 1.516194 
signalregion_dilepton_em up_jesEC2 0 1.000000 3 0.844628 4 0.840280 5 0.858705 6 0.897536 7 0.717800 8 0.532182 9 1.138652 10 1.518544 
signalregion_dilepton_em up_jesEC2_2018 0 1.000000 3 0.844881 4 0.840684 5 0.858990 6 0.897322 7 0.719030 8 0.536974 9 1.130022 10 1.507367 
signalregion_dilepton_em up_jesFlavorQCD 0 1.000000 3 1.118029 4 1.163937 5 1.224805 6 1.338183 7 1.299833 8 1.320664 9 1.148638 10 1.461074 
signalregion_dilepton_em up_jesHF 0 1.000000 3 0.844868 4 0.840647 5 0.859533 6 0.897733 7 0.718331 8 0.526096 9 1.137376 10 1.518214 
signalregion_dilepton_em up_jesHF_2018 0 1.000000 3 0.845129 4 0.840944 5 0.859867 6 0.898306 7 0.718113 8 0.528285 9 1.137704 10 1.518120 
signalregion_dilepton_em up_jesRelativeBal 0 1.000000 1 0.963292 2 1.095480 3 1.128485 4 1.180426 5 1.251105 6 1.382001 7 1.353451 8 1.401650 9 1.124649 10 1.555405 
signalregion_dilepton_em up_jesRelativeSample_2018 0 1.000000 1 0.973181 2 0.838063 3 0.852195 4 0.853147 5 0.880605 6 0.910870 7 0.760479 8 0.638145 9 1.128076 10 1.610578 
signalregion_dilepton_em up_lf 0 1.000000 3 1.119046 4 1.166770 5 1.229733 6 1.339834 7 1.277399 8 1.355425 9 1.142947 10 1.525433 
signalregion_dilepton_em up_lfstats1 0 1.000000 3 1.046754 4 1.070751 5 1.110567 6 1.187978 7 1.133733 8 1.139473 9 0.889346 10 1.176218 
signalregion_dilepton_em up_lfstats2 0 1.000000 3 1.054141 4 1.079991 5 1.122066 6 1.200703 7 1.148930 8 1.156577 9 0.931592 10 1.232704 
signalregion_dilepton_inclusive central 0 1.000000 3 1.125761 4 1.184992 5 1.241678 6 1.344324 7 1.364014 8 1.342923 9 1.143647 10 1.228671 
signalregion_dilepton_inclusive down_cferr1 0 1.000000 3 1.063572 4 1.105294 5 1.144000 6 1.222046 7 1.238249 8 1.188907 9 1.043153 10 1.077053 
signalregion_dilepton_inclusive down_cferr2 0 1.000000 3 1.099567 4 1.150486 5 1.198746 6 1.289605 7 1.308763 8 1.275881 9 1.100377 10 1.223248 
signalregion_dilepton_inclusive down_hf 0 1.000000 3 1.211724 4 1.310367 5 1.409586 6 1.574008 7 1.625928 8 1.589246 9 1.478508 10 1.398865 
signalregion_dilepton_inclusive down_hfstats1 0 1.000000 3 1.125347 4 1.184376 5 1.240695 6 1.342746 7 1.361487 8 1.344714 9 1.145114 10 1.231143 
signalregion_dilepton_inclusive down_hfstats2 0 1.000000 3 1.127568 4 1.187641 5 1.245357 6 1.349345 7 1.369735 8 1.348232 9 1.149402 10 1.233942 
signalregion_dilepton_inclusive down_jes 0 1.000000 1 0.998010 2 1.099194 3 1.141268 4 1.207971 5 1.277533 6 1.390046 7 1.402470 8 1.410108 9 1.037579 10 1.321351 
signalregion_dilepton_inclusive down_jesAbsolute 0 1.000000 1 0.629433 2 0.865871 3 0.851355 4 0.853174 5 0.860851 6 0.887464 7 0.867346 8 0.642382 9 0.588081 10 0.521598 
signalregion_dilepton_inclusive down_jesAbsolute_2018 0 1.000000 1 0.709539 2 0.868121 3 0.849924 4 0.853283 5 0.857155 6 0.885321 7 0.869607 8 0.654274 9 0.512027 10 0.511450 
signalregion_dilepton_inclusive down_jesBBEC1 0 1.000000 1 0.939491 2 0.869369 3 0.847836 4 0.849042 5 0.853394 6 0.882617 7 0.849104 8 0.619872 9 0.692941 10 0.516454 
signalregion_dilepton_inclusive down_jesBBEC1_2018 0 1.000000 2 0.861846 3 0.846621 4 0.848426 5 0.851278 6 0.870281 7 0.844321 8 0.620238 9 0.697012 10 0.509279 
signalregion_dilepton_inclusive down_jesEC2 0 1.000000 3 0.846001 4 0.848028 5 0.849699 6 0.869989 7 0.835411 8 0.619543 9 0.699964 10 0.508155 
signalregion_dilepton_inclusive down_jesEC2_2018 0 1.000000 3 0.846256 4 0.848327 5 0.850216 6 0.870716 7 0.835734 8 0.620282 9 0.697163 10 0.510506 
signalregion_dilepton_inclusive down_jesFlavorQCD 0 1.000000 1 0.969584 2 1.086159 3 1.133086 4 1.194663 5 1.258430 6 1.365390 7 1.379638 8 1.399800 9 0.960336 10 1.181445 
signalregion_dilepton_inclusive down_jesHF 0 1.000000 3 0.845375 4 0.847128 5 0.848376 6 0.868557 7 0.833327 8 0.618897 9 0.699143 10 0.505756 
signalregion_dilepton_inclusive down_jesHF_2018 0 1.000000 3 0.845604 4 0.847425 5 0.848789 6 0.868864 7 0.834107 8 0.618054 9 0.695443 10 0.506613 
signalregion_dilepton_inclusive down_jesRelativeBal 0 1.000000 2 1.145100 3 1.123455 4 1.180508 5 1.230242 6 1.342184 7 1.354578 8 1.355383 9 1.022071 10 1.229066 
signalregion_dilepton_inclusive down_jesRelativeSample_2018 0 1.000000 3 0.838566 4 0.838134 5 0.829692 6 0.855782 7 0.843248 8 0.593204 9 0.625927 10 0.645197 
signalregion_dilepton_inclusive down_lf 0 1.000000 3 1.127378 4 1.188596 5 1.248630 6 1.354656 7 1.384213 8 1.329100 9 1.135563 10 1.206323 
signalregion_dilepton_inclusive down_lfstats1 0 1.000000 3 1.209176 4 1.300284 5 1.390983 6 1.537414 7 1.592747 8 1.607752 9 1.409622 10 1.539068 
signalregion_dilepton_inclusive down_lfstats2 0 1.000000 3 1.201200 4 1.289943 5 1.377437 6 1.522631 7 1.571707 8 1.575207 9 1.374150 10 1.478088 
signalregion_dilepton_inclusive up_cferr1 0 1.000000 3 1.215585 4 1.302357 5 1.389856 6 1.532553 7 1.560589 8 1.579959 9 1.308371 10 1.465634 
signalregion_dilepton_inclusive up_cferr2 0 1.000000 3 1.179447 4 1.254895 5 1.329176 6 1.454505 7 1.480566 8 1.496196 9 1.244354 10 1.308913 
signalregion_dilepton_inclusive up_hf 0 1.000000 3 1.039621 4 1.063709 5 1.082995 6 1.135829 7 1.129882 8 1.114649 9 0.870403 10 1.046510 
signalregion_dilepton_inclusive up_hfstats1 0 1.000000 3 1.126168 4 1.185624 5 1.242718 6 1.346019 7 1.366802 8 1.340660 9 1.141859 10 1.225631 
signalregion_dilepton_inclusive up_hfstats2 0 1.000000 3 1.123972 4 1.182386 5 1.238130 6 1.339472 7 1.358658 8 1.337438 9 1.137846 10 1.223180 
signalregion_dilepton_inclusive up_jes 0 1.000000 3 1.108640 4 1.156001 5 1.199635 6 1.284882 7 1.319120 8 1.296772 9 1.206939 10 1.089911 
signalregion_dilepton_inclusive up_jesAbsolute 0 1.000000 3 0.839731 4 0.839186 5 0.832026 6 0.862848 7 0.817787 8 0.616486 9 0.588994 10 0.489770 
signalregion_dilepton_inclusive up_jesAbsolute_2018 0 1.000000 3 0.842630 4 0.844195 5 0.838612 6 0.862535 7 0.827425 8 0.587684 9 0.727245 10 0.497944 
signalregion_dilepton_inclusive up_jesBBEC1 0 1.000000 3 0.842794 4 0.844480 5 0.839196 6 0.862668 7 0.835245 8 0.604079 9 0.698364 10 0.501084 
signalregion_dilepton_inclusive up_jesBBEC1_2018 0 1.000000 3 0.844613 4 0.846448 5 0.845118 6 0.864303 7 0.836864 8 0.617491 9 0.695572 10 0.505398 
signalregion_dilepton_inclusive up_jesEC2 0 1.000000 3 0.845269 4 0.846904 5 0.848084 6 0.868197 7 0.833114 8 0.617254 9 0.695716 10 0.506181 
signalregion_dilepton_inclusive up_jesEC2_2018 0 1.000000 3 0.845530 4 0.847321 5 0.848388 6 0.868661 7 0.833235 8 0.616810 9 0.699273 10 0.502456 
signalregion_dilepton_inclusive up_jesFlavorQCD 0 1.000000 3 1.119113 4 1.174639 5 1.223341 6 1.326878 7 1.352175 8 1.297885 9 1.200326 10 1.174217 
signalregion_dilepton_inclusive up_jesHF 0 1.000000 3 0.845512 4 0.847330 5 0.848741 6 0.868794 7 0.833935 8 0.617566 9 0.694298 10 0.506071 
signalregion_dilepton_inclusive up_jesHF_2018 0 1.000000 3 0.845763 4 0.847660 5 0.849187 6 0.869258 7 0.834202 8 0.618037 9 0.697722 10 0.506040 
signalregion_dilepton_inclusive up_jesRelativeBal 0 1.000000 1 0.955197 2 1.088705 3 1.130316 4 1.191024 5 1.252451 6 1.355718 7 1.381856 8 1.359020 9 1.104994 10 1.249961 
signalregion_dilepton_inclusive up_jesRelativeSample_2018 0 1.000000 1 0.877684 2 0.867653 3 0.853041 4 0.855249 5 0.862920 6 0.907704 7 0.861598 8 0.617764 9 0.588609 10 0.536859 
signalregion_dilepton_inclusive up_lf 0 1.000000 3 1.120868 4 1.176727 5 1.228542 6 1.325570 7 1.337161 8 1.342483 9 1.138423 10 1.235278 
signalregion_dilepton_inclusive up_lfstats1 0 1.000000 3 1.048084 4 1.080122 5 1.108524 6 1.175956 7 1.167937 8 1.120986 9 0.927213 10 0.976727 
signalregion_dilepton_inclusive up_lfstats2 0 1.000000 3 1.055318 4 1.089161 5 1.119839 6 1.188028 7 1.183958 8 1.144574 9 0.950398 10 1.017987 
signalregion_dilepton_me central 0 1.000000 3 1.126214 4 1.186218 5 1.260998 6 1.357470 7 1.366510 8 1.245918 9 2.176235 10 1.081849 
signalregion_dilepton_me down_cferr1 0 1.000000 3 1.062842 4 1.107123 5 1.154325 6 1.206282 7 1.253923 8 1.119806 9 2.176235 10 0.854422 
signalregion_dilepton_me down_cferr2 0 1.000000 3 1.099475 4 1.152317 5 1.215404 6 1.288688 7 1.321117 8 1.182959 9 2.176235 10 1.073715 
signalregion_dilepton_me down_hf 0 1.000000 3 1.210422 4 1.315655 5 1.438741 6 1.578676 7 1.608905 8 1.476506 9 3.912521 10 1.209475 
signalregion_dilepton_me down_hfstats1 0 1.000000 3 1.125853 4 1.185478 5 1.259671 6 1.357276 7 1.361257 8 1.246513 9 2.178266 10 1.084595 
signalregion_dilepton_me down_hfstats2 0 1.000000 3 1.128002 4 1.188846 5 1.264756 6 1.362009 7 1.372061 8 1.250877 9 2.194073 10 1.085992 
signalregion_dilepton_me down_jes 0 1.000000 1 0.924108 2 1.095192 3 1.141755 4 1.208698 5 1.297217 6 1.399645 7 1.364306 8 1.402755 9 1.145805 10 1.140408 
signalregion_dilepton_me down_jesAbsolute 0 1.000000 1 0.948366 2 0.814764 3 0.845850 4 0.854706 5 0.830084 6 0.850199 7 0.909428 8 0.605145 10 0.000000 
signalregion_dilepton_me down_jesAbsolute_2018 0 1.000000 1 0.961649 2 0.826153 3 0.844091 4 0.854942 5 0.828095 6 0.851290 7 0.910594 8 0.619491 10 0.000000 
signalregion_dilepton_me down_jesBBEC1 0 1.000000 1 0.962100 2 0.803487 3 0.841815 4 0.851309 5 0.826842 6 0.839214 7 0.909447 8 0.458527 9 2.151277 10 0.000000 
signalregion_dilepton_me down_jesBBEC1_2018 0 1.000000 2 0.883415 3 0.840217 4 0.851298 5 0.820834 6 0.834792 7 0.888882 8 0.487810 9 2.170713 10 0.000000 
signalregion_dilepton_me down_jesEC2 0 1.000000 3 0.839846 4 0.850740 5 0.821630 6 0.829079 7 0.888464 8 0.488294 9 2.219904 10 0.000000 
signalregion_dilepton_me down_jesEC2_2018 0 1.000000 3 0.840076 4 0.851157 5 0.821981 6 0.829249 7 0.890024 8 0.488759 9 2.197442 10 0.000000 
signalregion_dilepton_me down_jesFlavorQCD 0 1.000000 1 0.932846 2 1.059910 3 1.134431 4 1.195139 5 1.280589 6 1.370969 7 1.373677 8 1.384433 10 1.056296 
signalregion_dilepton_me down_jesHF 0 1.000000 3 0.839288 4 0.849715 5 0.820540 6 0.827171 7 0.887885 8 0.487745 9 2.212909 10 0.000000 
signalregion_dilepton_me down_jesHF_2018 0 1.000000 3 0.839490 4 0.850009 5 0.820925 6 0.827862 7 0.888238 8 0.486798 9 2.184693 10 0.000000 
signalregion_dilepton_me down_jesRelativeBal 0 1.000000 2 0.992460 3 1.124221 4 1.182411 5 1.247710 6 1.352467 7 1.362484 8 1.277937 10 1.046150 
signalregion_dilepton_me down_jesRelativeSample_2018 0 1.000000 3 0.833349 4 0.838115 5 0.804299 6 0.793905 7 0.985661 8 0.399156 9 2.219856 10 0.000000 
signalregion_dilepton_me down_lf 0 1.000000 3 1.127330 4 1.190383 5 1.272243 6 1.358175 7 1.402390 8 1.235914 9 2.196592 10 1.059267 
signalregion_dilepton_me down_lfstats1 0 1.000000 3 1.209276 4 1.301653 5 1.409877 6 1.545476 7 1.606368 8 1.510671 9 2.412784 10 1.327386 
signalregion_dilepton_me down_lfstats2 0 1.000000 3 1.201115 4 1.291945 5 1.397714 6 1.533160 7 1.578336 8 1.476951 9 2.512173 10 1.279297 
signalregion_dilepton_me up_cferr1 0 1.000000 3 1.218413 4 1.300920 5 1.424576 6 1.582653 7 1.544472 8 1.424797 9 2.176235 10 1.437294 
signalregion_dilepton_me up_cferr2 0 1.000000 3 1.181390 4 1.254298 5 1.356630 6 1.489042 7 1.469019 8 1.390636 9 2.176235 10 1.202212 
signalregion_dilepton_me up_hf 0 1.000000 3 1.040991 4 1.060775 5 1.093382 6 1.154500 7 1.143905 8 1.017487 9 1.023269 10 0.937241 
signalregion_dilepton_me up_hfstats1 0 1.000000 3 1.126552 4 1.186962 5 1.262446 6 1.357562 7 1.372352 8 1.244871 9 2.173870 10 1.078418 
signalregion_dilepton_me up_hfstats2 0 1.000000 3 1.124433 4 1.183627 5 1.257475 6 1.352922 7 1.361455 8 1.240818 9 2.158900 10 1.077436 
signalregion_dilepton_me up_jes 0 1.000000 3 1.109551 4 1.157032 5 1.215988 6 1.291341 7 1.345187 8 1.153347 9 1.420915 10 0.976879 
signalregion_dilepton_me up_jesAbsolute 0 1.000000 3 0.835432 4 0.839607 5 0.796726 6 0.829548 7 0.892868 8 0.516418 9 1.019139 10 0.000000 
signalregion_dilepton_me up_jesAbsolute_2018 0 1.000000 3 0.837687 4 0.843189 5 0.806635 6 0.823669 7 0.890984 8 0.481488 9 2.177190 10 0.000000 
signalregion_dilepton_me up_jesBBEC1 0 1.000000 3 0.837232 4 0.845887 5 0.807592 6 0.819944 7 0.923069 8 0.482597 9 2.190911 10 0.000000 
signalregion_dilepton_me up_jesBBEC1_2018 0 1.000000 3 0.839136 4 0.846771 5 0.815181 6 0.826263 7 0.884724 8 0.485302 9 2.179418 10 0.000000 
signalregion_dilepton_me up_jesEC2 0 1.000000 3 0.839146 4 0.849657 5 0.820350 6 0.827074 7 0.888029 8 0.486105 9 2.199421 10 0.000000 
signalregion_dilepton_me up_jesEC2_2018 0 1.000000 3 0.839484 4 0.850103 5 0.820945 6 0.827757 7 0.886427 8 0.483538 9 2.244277 10 0.000000 
signalregion_dilepton_me up_jesFlavorQCD 0 1.000000 3 1.120160 4 1.176452 5 1.235799 6 1.337292 7 1.393636 8 1.204424 9 1.715140 10 1.030788 
signalregion_dilepton_me up_jesHF 0 1.000000 3 0.839420 4 0.849990 5 0.820737 6 0.827984 7 0.887594 8 0.486316 9 2.181488 10 0.000000 
signalregion_dilepton_me up_jesHF_2018 0 1.000000 3 0.839635 4 0.850395 5 0.821353 6 0.828187 7 0.888291 8 0.486513 9 2.210438 10 0.000000 
signalregion_dilepton_me up_jesRelativeBal 0 1.000000 2 1.072704 3 1.131230 4 1.192309 5 1.271348 6 1.363183 7 1.388927 8 1.265987 9 2.162065 10 1.097239 
signalregion_dilepton_me up_jesRelativeSample_2018 0 1.000000 1 0.950051 2 0.824099 3 0.847960 4 0.856207 5 0.829189 6 0.886780 7 0.874890 8 0.552701 10 0.000000 
signalregion_dilepton_me up_lf 0 1.000000 3 1.121644 4 1.177743 5 1.244265 6 1.346520 7 1.330490 8 1.243900 9 2.129781 10 1.090200 
signalregion_dilepton_me up_lfstats1 0 1.000000 3 1.048783 4 1.080981 5 1.127464 6 1.192250 7 1.161875 8 1.025515 9 1.931114 10 0.876982 
signalregion_dilepton_me up_lfstats2 0 1.000000 3 1.056165 4 1.089522 5 1.137816 6 1.202606 7 1.182995 8 1.049063 9 1.869927 10 0.910629 
signalregion_dilepton_minus central 0 1.000000 3 1.108117 4 1.151399 5 1.226750 6 1.299489 7 1.293233 8 1.468689 9 2.176235 10 1.125978 
signalregion_dilepton_minus down_cferr1 0 1.000000 3 1.031632 4 1.060768 5 1.104790 6 1.150718 7 1.162281 8 1.334011 9 2.176235 10 1.055317 
signalregion_dilepton_minus down_cferr2 0 1.000000 3 1.076072 4 1.113625 5 1.173114 6 1.231037 7 1.234544 8 1.418821 9 2.176235 10 1.183268 
signalregion_dilepton_minus down_hf 0 1.000000 3 1.187506 4 1.265089 5 1.386537 6 1.487374 7 1.502518 8 1.762826 9 3.912521 10 1.262861 
signalregion_dilepton_minus down_hfstats1 0 1.000000 3 1.107743 4 1.151167 5 1.226134 6 1.299432 7 1.291617 8 1.469111 9 2.178266 10 1.129841 
signalregion_dilepton_minus down_hfstats2 0 1.000000 3 1.109796 4 1.153875 5 1.230133 6 1.304054 7 1.298338 8 1.474549 9 2.194073 10 1.130892 
signalregion_dilepton_minus down_jes 0 1.000000 1 1.105429 2 1.073491 3 1.123410 4 1.174200 5 1.256857 6 1.335423 7 1.374646 8 1.747487 10 1.140408 
signalregion_dilepton_minus down_jesAbsolute 0 1.000000 1 0.000000 2 0.799960 3 0.767375 4 0.758105 5 0.757445 6 0.749579 7 0.867059 8 0.827541 10 0.000000 
signalregion_dilepton_minus down_jesAbsolute_2018 0 1.000000 1 0.000000 2 0.802415 3 0.766241 4 0.756482 5 0.754797 6 0.754297 7 0.846482 8 0.821212 10 0.000000 
signalregion_dilepton_minus down_jesBBEC1 0 1.000000 2 0.843787 3 0.764335 4 0.753682 5 0.749328 6 0.758121 7 0.829572 8 0.600658 9 2.151277 10 0.000000 
signalregion_dilepton_minus down_jesBBEC1_2018 0 1.000000 2 0.824643 3 0.763094 4 0.753736 5 0.749706 6 0.738640 7 0.823533 8 0.657127 9 2.170713 10 0.000000 
signalregion_dilepton_minus down_jesEC2 0 1.000000 3 0.762991 4 0.754113 5 0.743792 6 0.743315 7 0.823495 8 0.657661 9 2.219904 10 0.000000 
signalregion_dilepton_minus down_jesEC2_2018 0 1.000000 3 0.763150 4 0.754326 5 0.744323 6 0.743977 7 0.823638 8 0.657656 9 2.197442 10 0.000000 
signalregion_dilepton_minus down_jesFlavorQCD 0 1.000000 1 1.040300 2 1.053110 3 1.115212 4 1.162605 5 1.237785 6 1.320939 7 1.316883 8 1.661797 10 1.041495 
signalregion_dilepton_minus down_jesHF 0 1.000000 3 0.762414 4 0.753127 5 0.742841 6 0.742006 7 0.820374 8 0.656923 9 2.212909 10 0.000000 
signalregion_dilepton_minus down_jesHF_2018 0 1.000000 3 0.762612 4 0.753438 5 0.743073 6 0.742251 7 0.822219 8 0.655937 9 2.184693 10 0.000000 
signalregion_dilepton_minus down_jesRelativeBal 0 1.000000 2 1.205743 3 1.105696 4 1.146779 5 1.212816 6 1.301985 7 1.268903 8 1.497910 9 1.066609 10 0.997936 
signalregion_dilepton_minus down_jesRelativeSample_2018 0 1.000000 3 0.755496 4 0.747618 5 0.727356 6 0.723102 7 0.828753 8 0.527926 9 2.219856 10 0.502355 
signalregion_dilepton_minus down_lf 0 1.000000 3 1.109805 4 1.152777 5 1.233243 6 1.298566 7 1.312159 8 1.462200 9 2.196592 10 1.097343 
signalregion_dilepton_minus down_lfstats1 0 1.000000 3 1.188208 4 1.261643 5 1.369943 6 1.480096 7 1.516967 8 1.783219 9 2.412784 10 1.410581 
signalregion_dilepton_minus down_lfstats2 0 1.000000 3 1.179922 4 1.250479 5 1.356496 6 1.462338 7 1.488444 8 1.741976 9 2.512173 10 1.356242 
signalregion_dilepton_minus up_cferr1 0 1.000000 3 1.219934 4 1.287869 5 1.411049 6 1.535986 7 1.516017 8 1.718966 9 2.176235 10 1.196102 
signalregion_dilepton_minus up_cferr2 0 1.000000 3 1.174970 4 1.232109 5 1.335656 6 1.437049 7 1.419885 8 1.636066 9 2.176235 10 1.090564 
signalregion_dilepton_minus up_hf 0 1.000000 3 1.027766 4 1.039627 5 1.073896 6 1.121721 7 1.092209 8 1.183641 9 1.023269 10 0.969606 
signalregion_dilepton_minus up_hfstats1 0 1.000000 3 1.108477 4 1.151597 5 1.227360 6 1.299589 7 1.294888 8 1.467762 9 2.173870 10 1.121356 
signalregion_dilepton_minus up_hfstats2 0 1.000000 3 1.106450 4 1.148938 5 1.223478 6 1.295047 7 1.288406 8 1.462707 9 2.158900 10 1.120760 
signalregion_dilepton_minus up_jes 0 1.000000 3 1.091233 4 1.124328 5 1.178467 6 1.253547 7 1.270949 8 1.322856 9 1.672318 10 0.918984 
signalregion_dilepton_minus up_jesAbsolute 0 1.000000 3 0.756725 4 0.748899 5 0.731972 6 0.733864 7 0.797740 8 0.572541 9 1.008825 10 0.000000 
signalregion_dilepton_minus up_jesAbsolute_2018 0 1.000000 3 0.759714 4 0.752887 5 0.731805 6 0.741960 7 0.796869 8 0.496898 9 1.600783 10 0.000000 
signalregion_dilepton_minus up_jesBBEC1 0 1.000000 3 0.759552 4 0.753902 5 0.734081 6 0.733950 7 0.820641 8 0.568415 9 2.190911 10 0.000000 
signalregion_dilepton_minus up_jesBBEC1_2018 0 1.000000 3 0.761418 4 0.753978 5 0.739026 6 0.738700 7 0.820627 8 0.654775 9 2.179418 10 0.000000 
signalregion_dilepton_minus up_jesEC2 0 1.000000 3 0.762261 4 0.752876 5 0.742268 6 0.741466 7 0.820087 8 0.656401 9 2.199421 10 0.000000 
signalregion_dilepton_minus up_jesEC2_2018 0 1.000000 3 0.762496 4 0.753345 5 0.742764 6 0.741629 7 0.819577 8 0.653814 9 2.244277 10 0.000000 
signalregion_dilepton_minus up_jesFlavorQCD 0 1.000000 3 1.101911 4 1.141031 5 1.205504 6 1.294052 7 1.270297 8 1.427527 9 1.475772 10 1.070365 
signalregion_dilepton_minus up_jesHF 0 1.000000 3 0.762538 4 0.753346 5 0.742929 6 0.742104 7 0.821894 8 0.654752 9 2.181488 10 0.000000 
signalregion_dilepton_minus up_jesHF_2018 0 1.000000 3 0.762731 4 0.753577 5 0.743181 6 0.742174 7 0.822263 8 0.655964 9 2.210438 10 0.000000 
signalregion_dilepton_minus up_jesRelativeBal 0 1.000000 1 0.951149 2 1.038423 3 1.113210 4 1.157751 5 1.233130 6 1.307395 7 1.303349 8 1.471848 9 2.162065 10 1.098616 
signalregion_dilepton_minus up_jesRelativeSample_2018 0 1.000000 1 0.000000 2 0.773594 3 0.770125 4 0.758588 5 0.756247 6 0.785547 7 0.852059 8 0.764601 10 0.000000 
signalregion_dilepton_minus up_lf 0 1.000000 3 1.103245 4 1.145125 5 1.214536 6 1.291483 7 1.267394 8 1.460583 9 2.129781 10 1.136614 
signalregion_dilepton_minus up_lfstats1 0 1.000000 3 1.033445 4 1.050934 5 1.098205 6 1.141170 7 1.101264 8 1.207511 9 1.931114 10 0.893751 
signalregion_dilepton_minus up_lfstats2 0 1.000000 3 1.040911 4 1.060562 5 1.109465 6 1.155571 7 1.122595 8 1.236290 9 1.869927 10 0.930359 
signalregion_dilepton_mm central 0 1.000000 3 1.123129 4 1.201255 5 1.237553 6 1.350830 7 1.357654 8 1.460359 9 1.010628 
signalregion_dilepton_mm down_cferr1 0 1.000000 3 1.062271 4 1.117573 5 1.146756 6 1.254252 7 1.263852 8 1.291597 9 0.832719 
signalregion_dilepton_mm down_cferr2 0 1.000000 3 1.097742 4 1.164491 5 1.198612 6 1.311875 7 1.313076 8 1.393796 9 0.933645 
signalregion_dilepton_mm down_hf 0 1.000000 3 1.209180 4 1.329681 5 1.397554 6 1.580765 7 1.651425 8 1.711373 9 1.221721 
signalregion_dilepton_mm down_hfstats1 0 1.000000 3 1.122771 4 1.200642 5 1.236542 6 1.347581 7 1.357160 8 1.462964 9 1.010779 
signalregion_dilepton_mm down_hfstats2 0 1.000000 3 1.124930 4 1.203911 5 1.241427 6 1.356564 7 1.363710 8 1.465864 9 1.014958 
signalregion_dilepton_mm down_jes 0 1.000000 1 1.024154 2 1.098967 3 1.139142 4 1.224376 5 1.275837 6 1.392890 7 1.382332 8 1.582849 9 1.014044 
signalregion_dilepton_mm down_jesAbsolute 0 1.000000 1 0.000000 2 0.861604 3 0.852182 4 0.854358 5 0.867215 6 0.973845 7 0.972391 8 0.677246 9 0.352737 
signalregion_dilepton_mm down_jesAbsolute_2018 0 1.000000 1 0.000000 2 0.901200 3 0.849053 4 0.856991 5 0.864061 6 0.956943 7 0.992506 8 0.609297 9 0.350825 
signalregion_dilepton_mm down_jesBBEC1 0 1.000000 2 0.930295 3 0.847218 4 0.851021 5 0.860597 6 0.964882 7 0.977960 8 0.599634 9 0.350999 
signalregion_dilepton_mm down_jesBBEC1_2018 0 1.000000 2 0.848947 3 0.846161 4 0.851751 5 0.860600 6 0.944520 7 0.980317 8 0.638275 9 0.351151 
signalregion_dilepton_mm down_jesEC2 0 1.000000 3 0.845779 4 0.850589 5 0.858669 6 0.948857 7 0.961255 8 0.640148 9 0.347030 
signalregion_dilepton_mm down_jesEC2_2018 0 1.000000 3 0.846052 4 0.850956 5 0.858982 6 0.949922 7 0.962031 8 0.638256 9 0.345515 
signalregion_dilepton_mm down_jesFlavorQCD 0 1.000000 1 1.000000 2 1.097513 3 1.130571 4 1.210984 5 1.251325 6 1.379482 7 1.359604 8 1.462691 9 1.019890 
signalregion_dilepton_mm down_jesHF 0 1.000000 3 0.845174 4 0.849739 5 0.857201 6 0.947198 7 0.959565 8 0.638659 9 0.343031 
signalregion_dilepton_mm down_jesHF_2018 0 1.000000 3 0.845386 4 0.849975 5 0.857669 6 0.947595 7 0.959978 8 0.637136 9 0.343528 
signalregion_dilepton_mm down_jesRelativeBal 0 1.000000 2 1.275565 3 1.121034 4 1.195535 5 1.229908 6 1.344295 7 1.326266 8 1.545144 9 1.022981 
signalregion_dilepton_mm down_jesRelativeSample_2018 0 1.000000 3 0.838100 4 0.840189 5 0.840786 6 0.927392 7 0.903618 8 0.632550 9 0.319524 10 1.004711 
signalregion_dilepton_mm down_lf 0 1.000000 3 1.124152 4 1.205197 5 1.243364 6 1.367923 7 1.364619 8 1.443133 9 1.006916 
signalregion_dilepton_mm down_lfstats1 0 1.000000 3 1.206858 4 1.316853 5 1.386731 6 1.548248 7 1.594891 8 1.733297 9 1.275087 
signalregion_dilepton_mm down_lfstats2 0 1.000000 3 1.198801 4 1.306781 5 1.373161 6 1.532665 7 1.573453 8 1.699471 9 1.231991 
signalregion_dilepton_mm up_cferr1 0 1.000000 3 1.210649 4 1.325920 5 1.374815 6 1.496261 7 1.517766 8 1.768327 9 1.317247 
signalregion_dilepton_mm up_cferr2 0 1.000000 3 1.175464 4 1.275654 5 1.317949 6 1.433505 7 1.454263 8 1.642010 9 1.194041 
signalregion_dilepton_mm up_hf 0 1.000000 3 1.037006 4 1.077844 5 1.085544 6 1.138139 7 1.099113 8 1.224681 9 0.802030 
signalregion_dilepton_mm up_hfstats1 0 1.000000 3 1.123463 4 1.201892 5 1.238648 6 1.354310 7 1.358395 8 1.457228 9 1.010201 
signalregion_dilepton_mm up_hfstats2 0 1.000000 3 1.121333 4 1.198640 5 1.233810 6 1.345362 7 1.352118 8 1.454695 9 1.006219 
signalregion_dilepton_mm up_jes 0 1.000000 3 1.106249 4 1.168720 5 1.198573 6 1.292398 7 1.313587 8 1.345531 9 1.239924 10 0.921931 
signalregion_dilepton_mm up_jesAbsolute 0 1.000000 3 0.839071 4 0.840612 5 0.843845 6 0.926807 7 0.893425 8 0.638401 9 0.399023 
signalregion_dilepton_mm up_jesAbsolute_2018 0 1.000000 3 0.842280 4 0.847077 5 0.850296 6 0.934621 7 0.918054 8 0.594775 9 0.505465 
signalregion_dilepton_mm up_jesBBEC1 0 1.000000 3 0.843196 4 0.844491 5 0.852780 6 0.932930 7 0.924136 8 0.630218 9 0.340505 
signalregion_dilepton_mm up_jesBBEC1_2018 0 1.000000 3 0.844408 4 0.848714 5 0.857975 6 0.936972 7 0.957272 8 0.639024 9 0.341896 
signalregion_dilepton_mm up_jesEC2 0 1.000000 3 0.845092 4 0.849371 5 0.856716 6 0.946639 7 0.957689 8 0.637202 9 0.340723 
signalregion_dilepton_mm up_jesEC2_2018 0 1.000000 3 0.845282 4 0.849664 5 0.856969 6 0.947369 7 0.957307 8 0.637693 9 0.342238 
signalregion_dilepton_mm up_jesFlavorQCD 0 1.000000 3 1.116574 4 1.188216 5 1.224598 6 1.333553 7 1.323893 8 1.450954 9 1.195025 
signalregion_dilepton_mm up_jesHF 0 1.000000 3 0.845257 4 0.849867 5 0.857660 6 0.947225 7 0.959283 8 0.637238 9 0.343518 
signalregion_dilepton_mm up_jesHF_2018 0 1.000000 3 0.845518 4 0.850182 5 0.857975 6 0.948394 7 0.959258 8 0.638536 9 0.343764 
signalregion_dilepton_mm up_jesRelativeBal 0 1.000000 1 0.951149 2 1.084097 3 1.127632 4 1.207340 5 1.251485 6 1.361731 7 1.355802 8 1.436432 9 1.004000 
signalregion_dilepton_mm up_jesRelativeSample_2018 0 1.000000 1 0.000000 2 0.894430 3 0.852380 4 0.856140 5 0.873189 6 0.987581 7 0.987599 8 0.450981 9 0.368299 
signalregion_dilepton_mm up_lf 0 1.000000 3 1.118718 4 1.192574 5 1.225077 6 1.325400 7 1.339311 8 1.462249 9 1.004414 
signalregion_dilepton_mm up_lfstats1 0 1.000000 3 1.045160 4 1.096107 5 1.104876 6 1.178943 7 1.155191 8 1.228985 9 0.801700 
signalregion_dilepton_mm up_lfstats2 0 1.000000 3 1.052461 4 1.104942 5 1.116261 6 1.191514 7 1.171305 8 1.253853 9 0.829556 
signalregion_dilepton_plus central 0 1.000000 3 1.133591 4 1.199092 5 1.247491 6 1.361337 7 1.390616 8 1.315411 9 1.014574 10 1.280017 
signalregion_dilepton_plus down_cferr1 0 1.000000 3 1.077747 4 1.123982 5 1.159267 6 1.249113 7 1.266801 8 1.157165 9 0.901518 10 1.087921 
signalregion_dilepton_plus down_cferr2 0 1.000000 3 1.109995 4 1.165956 5 1.208726 6 1.311830 7 1.336658 8 1.244612 9 0.965895 10 1.243238 
signalregion_dilepton_plus down_hf 0 1.000000 3 1.222472 4 1.329371 5 1.418561 6 1.606883 7 1.672310 8 1.551276 9 1.174256 10 1.466868 
signalregion_dilepton_plus down_hfstats1 0 1.000000 3 1.133159 4 1.198315 5 1.246365 6 1.359182 7 1.387747 8 1.317503 9 1.015969 10 1.281794 
signalregion_dilepton_plus down_hfstats2 0 1.000000 3 1.135454 4 1.201813 5 1.251285 6 1.366531 7 1.396569 8 1.320600 9 1.018818 10 1.285468 
signalregion_dilepton_plus down_jes 0 1.000000 1 0.966182 2 1.110449 3 1.149150 4 1.222346 5 1.285542 6 1.410517 7 1.412377 8 1.329137 9 1.037579 10 1.502295 
signalregion_dilepton_plus down_jesAbsolute 0 1.000000 1 0.755320 2 0.892959 3 0.888675 4 0.893206 5 0.900676 6 0.938475 7 0.867455 8 0.597688 9 0.588081 10 0.782397 
signalregion_dilepton_plus down_jesAbsolute_2018 0 1.000000 1 0.946052 2 0.894773 3 0.887158 4 0.893846 5 0.896635 6 0.933550 7 0.878791 8 0.617757 9 0.512027 10 0.767174 
signalregion_dilepton_plus down_jesBBEC1 0 1.000000 1 0.939491 2 0.878494 3 0.884979 4 0.889105 5 0.893647 6 0.929549 7 0.856699 8 0.623715 9 0.510649 10 0.774680 
signalregion_dilepton_plus down_jesBBEC1_2018 0 1.000000 2 0.875155 3 0.883746 4 0.888180 5 0.890608 6 0.919287 7 0.852240 8 0.612168 9 0.512799 10 0.763918 
signalregion_dilepton_plus down_jesEC2 0 1.000000 3 0.882840 4 0.887446 5 0.890938 6 0.918059 7 0.839889 8 0.611205 9 0.509971 10 0.762233 
signalregion_dilepton_plus down_jesEC2_2018 0 1.000000 3 0.883137 4 0.887782 5 0.891449 6 0.918810 7 0.840279 8 0.612106 9 0.509628 10 0.765760 
signalregion_dilepton_plus down_jesFlavorQCD 0 1.000000 1 0.946012 2 1.099467 3 1.141020 4 1.208229 5 1.266410 6 1.381706 7 1.403336 8 1.331875 9 0.960336 10 1.251421 
signalregion_dilepton_plus down_jesHF 0 1.000000 3 0.882192 4 0.886581 5 0.889470 6 0.916579 7 0.838195 8 0.610579 9 0.509923 10 0.758635 
signalregion_dilepton_plus down_jesHF_2018 0 1.000000 3 0.882435 4 0.886874 5 0.889952 6 0.916910 7 0.838576 8 0.609767 9 0.509286 10 0.759919 
signalregion_dilepton_plus down_jesRelativeBal 0 1.000000 2 1.122758 3 1.131333 4 1.194687 5 1.237114 6 1.357296 7 1.387616 8 1.323711 9 1.016504 10 1.344630 
signalregion_dilepton_plus down_jesRelativeSample_2018 0 1.000000 3 0.875388 4 0.876303 5 0.869927 6 0.906364 7 0.848879 8 0.608664 9 0.448824 10 0.788039 
signalregion_dilepton_plus down_lf 0 1.000000 3 1.135177 4 1.203629 5 1.254621 6 1.375941 7 1.411293 8 1.299984 9 1.002934 10 1.260813 
signalregion_dilepton_plus down_lfstats1 0 1.000000 3 1.218482 4 1.316503 5 1.399176 6 1.559165 7 1.621228 8 1.569369 9 1.284227 10 1.603312 
signalregion_dilepton_plus down_lfstats2 0 1.000000 3 1.210644 4 1.306506 5 1.385591 6 1.545510 7 1.603001 8 1.538726 9 1.231897 10 1.539011 
signalregion_dilepton_plus up_cferr1 0 1.000000 3 1.213655 4 1.308437 5 1.381604 6 1.531250 7 1.577340 8 1.549551 9 1.199888 10 1.600401 
signalregion_dilepton_plus up_cferr2 0 1.000000 3 1.181433 4 1.264458 5 1.326653 6 1.461129 7 1.503373 8 1.465600 9 1.127869 10 1.418088 
signalregion_dilepton_plus up_hf 0 1.000000 3 1.044882 4 1.073816 5 1.086538 6 1.141183 7 1.144041 8 1.099558 9 0.851295 10 1.084962 
signalregion_dilepton_plus up_hfstats1 0 1.000000 3 1.134019 4 1.199905 5 1.248698 6 1.363638 7 1.393830 8 1.312856 9 1.012857 10 1.277769 
signalregion_dilepton_plus up_hfstats2 0 1.000000 3 1.131748 4 1.196424 5 1.243836 6 1.356331 7 1.385062 8 1.310036 9 1.010214 10 1.274390 
signalregion_dilepton_plus up_jes 0 1.000000 3 1.116364 4 1.169316 5 1.208155 6 1.296227 7 1.340140 8 1.291682 9 1.135342 10 1.260838 
signalregion_dilepton_plus up_jesAbsolute 0 1.000000 3 0.876534 4 0.877103 5 0.871737 6 0.911721 7 0.825478 8 0.624725 9 0.449051 10 0.734656 
signalregion_dilepton_plus up_jesAbsolute_2018 0 1.000000 3 0.879383 4 0.882577 5 0.881005 6 0.907294 7 0.838981 8 0.607544 9 0.508861 10 0.746916 
signalregion_dilepton_plus up_jesBBEC1 0 1.000000 3 0.879723 4 0.882487 5 0.880325 6 0.912770 7 0.840651 8 0.612725 9 0.511796 10 0.751626 
signalregion_dilepton_plus up_jesBBEC1_2018 0 1.000000 3 0.881534 4 0.885229 5 0.886708 6 0.911886 7 0.842886 8 0.609335 9 0.510091 10 0.758097 
signalregion_dilepton_plus up_jesEC2 0 1.000000 3 0.882107 4 0.886369 5 0.889286 6 0.916288 7 0.838010 8 0.608691 9 0.507752 10 0.759272 
signalregion_dilepton_plus up_jesEC2_2018 0 1.000000 3 0.882380 4 0.886764 5 0.889516 6 0.916866 7 0.838369 8 0.608716 9 0.506147 10 0.753684 
signalregion_dilepton_plus up_jesFlavorQCD 0 1.000000 3 1.126743 4 1.188777 5 1.230398 6 1.339182 7 1.382817 8 1.272792 9 1.117692 10 1.226143 
signalregion_dilepton_plus up_jesHF 0 1.000000 3 0.882335 4 0.886777 5 0.889943 6 0.916869 7 0.838460 8 0.609432 9 0.508400 10 0.759107 
signalregion_dilepton_plus up_jesHF_2018 0 1.000000 3 0.882613 4 0.887148 5 0.890465 6 0.917483 7 0.838689 8 0.609741 9 0.508633 10 0.759060 
signalregion_dilepton_plus up_jesRelativeBal 0 1.000000 1 0.963292 2 1.109357 3 1.137910 4 1.205033 5 1.259983 6 1.373204 7 1.412600 8 1.332694 9 0.953984 10 1.325634 
signalregion_dilepton_plus up_jesRelativeSample_2018 0 1.000000 1 0.975205 2 0.907339 3 0.889792 4 0.896181 5 0.904162 6 0.952495 7 0.865372 8 0.586299 9 0.588609 10 0.805289 
signalregion_dilepton_plus up_lf 0 1.000000 3 1.128689 4 1.189990 5 1.233995 6 1.338505 7 1.363382 8 1.316649 9 1.014503 10 1.284610 
signalregion_dilepton_plus up_lfstats1 0 1.000000 3 1.054580 4 1.092373 5 1.112542 6 1.189157 7 1.192995 8 1.102059 9 0.801725 10 1.018215 
signalregion_dilepton_plus up_lfstats2 0 1.000000 3 1.061712 4 1.101164 5 1.123879 6 1.200344 7 1.207021 8 1.124511 9 0.835457 10 1.061802 
signalregion_trilepton central 0 1.000000 2 1.140533 3 1.142363 4 1.082064 5 1.374654 
signalregion_trilepton down_cferr1 0 1.000000 2 1.103013 3 1.133127 4 1.001832 5 1.387409 
signalregion_trilepton down_cferr2 0 1.000000 2 1.126307 3 1.138431 4 1.046265 5 1.402964 
signalregion_trilepton down_hf 0 1.000000 2 1.200564 3 1.218096 4 1.149274 5 1.476929 
signalregion_trilepton down_hfstats1 0 1.000000 2 1.140675 3 1.143634 4 1.082571 5 1.377698 
signalregion_trilepton down_hfstats2 0 1.000000 2 1.141625 3 1.144229 4 1.083772 5 1.384911 
signalregion_trilepton down_jes 0 1.000000 2 1.165772 3 1.104775 4 1.081516 5 1.443634 
signalregion_trilepton down_jesAbsolute 0 1.000000 2 0.908004 3 1.173556 4 0.872064 5 1.099294 
signalregion_trilepton down_jesAbsolute_2018 0 1.000000 2 0.907129 3 1.174751 4 0.874829 5 1.082013 
signalregion_trilepton down_jesBBEC1 0 1.000000 2 0.903817 3 1.167395 4 0.869185 5 1.075824 
signalregion_trilepton down_jesBBEC1_2018 0 1.000000 2 0.905540 3 1.168719 4 0.868432 5 1.068193 
signalregion_trilepton down_jesEC2 0 1.000000 2 0.945905 3 1.064912 4 0.867235 5 1.074614 
signalregion_trilepton down_jesEC2_2018 0 1.000000 2 0.947930 3 1.061331 4 0.867916 5 1.073437 
signalregion_trilepton down_jesFlavorQCD 0 1.000000 2 1.137178 3 1.173471 4 1.082566 5 1.396111 
signalregion_trilepton down_jesHF 0 1.000000 2 0.946528 3 1.058984 4 0.871002 5 1.067077 
signalregion_trilepton down_jesHF_2018 0 1.000000 2 0.945850 3 1.059943 4 0.868980 5 1.068627 
signalregion_trilepton down_jesRelativeBal 0 1.000000 2 1.149566 3 1.152507 4 1.104098 5 1.343961 
signalregion_trilepton down_jesRelativeSample_2018 0 1.000000 2 0.947636 3 1.084409 4 0.872392 5 1.020432 
signalregion_trilepton down_lf 0 1.000000 2 1.137909 3 1.133844 4 1.077508 5 1.385829 
signalregion_trilepton down_lfstats1 0 1.000000 2 1.197363 3 1.207825 4 1.181333 5 1.525210 
signalregion_trilepton down_lfstats2 0 1.000000 2 1.193167 3 1.203903 4 1.172310 5 1.497093 
signalregion_trilepton up_cferr1 0 1.000000 2 1.195840 3 1.159027 4 1.236286 5 1.389397 
signalregion_trilepton up_cferr2 0 1.000000 2 1.173501 3 1.153940 4 1.171857 5 1.374867 
signalregion_trilepton up_hf 0 1.000000 2 1.081364 3 1.064659 4 1.003906 5 1.252390 
signalregion_trilepton up_hfstats1 0 1.000000 2 1.140288 3 1.141046 4 1.081368 5 1.370501 
signalregion_trilepton up_hfstats2 0 1.000000 2 1.139398 3 1.140449 4 1.080292 5 1.364080 
signalregion_trilepton up_jes 0 1.000000 2 1.139197 3 1.130561 4 1.055026 5 1.321472 
signalregion_trilepton up_jesAbsolute 0 1.000000 2 0.942424 3 1.063732 4 0.872428 5 1.041246 
signalregion_trilepton up_jesAbsolute_2018 0 1.000000 2 0.948546 3 1.079648 4 0.873328 5 1.052585 
signalregion_trilepton up_jesBBEC1 0 1.000000 2 0.944114 3 1.056578 4 0.866792 5 1.050198 
signalregion_trilepton up_jesBBEC1_2018 0 1.000000 2 0.951593 3 1.077454 4 0.875735 5 1.053250 
signalregion_trilepton up_jesEC2 0 1.000000 2 0.945954 3 1.057391 4 0.870576 5 1.069984 
signalregion_trilepton up_jesEC2_2018 0 1.000000 2 0.944816 3 1.061954 4 0.870632 5 1.069050 
signalregion_trilepton up_jesFlavorQCD 0 1.000000 2 1.147902 3 1.134708 4 1.092139 5 1.348680 
signalregion_trilepton up_jesHF 0 1.000000 2 0.944814 3 1.059805 4 0.868561 5 1.070621 
signalregion_trilepton up_jesHF_2018 0 1.000000 2 0.945099 3 1.062248 4 0.868183 5 1.066831 
signalregion_trilepton up_jesRelativeBal 0 1.000000 2 1.134522 3 1.163807 4 1.094596 5 1.403785 
signalregion_trilepton up_jesRelativeSample_2018 0 1.000000 2 0.910818 3 1.170322 4 0.885482 5 1.114327 
signalregion_trilepton up_lf 0 1.000000 2 1.140346 3 1.146435 4 1.082089 5 1.350462 
signalregion_trilepton up_lfstats1 0 1.000000 2 1.085685 3 1.080467 4 0.989485 5 1.233402 
signalregion_trilepton up_lfstats2 0 1.000000 2 1.090039 3 1.083944 4 0.997858 5 1.256912 
trileptoncontrolregion central 0 1.000000 1 1.028302 2 1.008298 
trileptoncontrolregion down_cferr1 0 1.000000 1 1.028302 2 1.008298 
trileptoncontrolregion down_cferr2 0 1.000000 1 1.028302 2 1.008298 
trileptoncontrolregion down_hf 0 1.000000 1 1.044322 2 1.033816 
trileptoncontrolregion down_hfstats1 0 1.000000 1 1.028480 2 1.008608 
trileptoncontrolregion down_hfstats2 0 1.000000 1 1.028849 2 1.009216 
trileptoncontrolregion down_jes 0 1.000000 1 1.028268 2 1.013761 
trileptoncontrolregion down_jesAbsolute 0 1.000000 1 1.028312 2 1.015393 
trileptoncontrolregion down_jesAbsolute_2018 0 1.000000 1 1.028534 2 1.013063 
trileptoncontrolregion down_jesBBEC1 0 1.000000 1 1.027519 2 1.011140 
trileptoncontrolregion down_jesBBEC1_2018 0 1.000000 1 1.027390 2 1.009515 
trileptoncontrolregion down_jesEC2 0 1.000000 1 1.028810 2 1.008401 
trileptoncontrolregion down_jesEC2_2018 0 1.000000 1 1.028671 2 1.009310 
trileptoncontrolregion down_jesFlavorQCD 0 1.000000 1 1.026447 2 1.016436 
trileptoncontrolregion down_jesHF 0 1.000000 1 1.028223 2 1.008647 
trileptoncontrolregion down_jesHF_2018 0 1.000000 1 1.028355 2 1.008535 
trileptoncontrolregion down_jesRelativeBal 0 1.000000 1 1.027410 2 1.009261 
trileptoncontrolregion down_jesRelativeSample_2018 0 1.000000 1 1.027830 2 1.002286 
trileptoncontrolregion down_lf 0 1.000000 1 1.026074 2 1.006301 
trileptoncontrolregion down_lfstats1 0 1.000000 1 1.053164 2 1.063669 
trileptoncontrolregion down_lfstats2 0 1.000000 1 1.048913 2 1.053381 
trileptoncontrolregion up_cferr1 0 1.000000 1 1.028302 2 1.008298 
trileptoncontrolregion up_cferr2 0 1.000000 1 1.028302 2 1.008298 
trileptoncontrolregion up_hf 0 1.000000 1 1.007549 2 0.975844 
trileptoncontrolregion up_hfstats1 0 1.000000 1 1.027999 2 1.007962 
trileptoncontrolregion up_hfstats2 0 1.000000 1 1.027717 2 1.007381 
trileptoncontrolregion up_jes 0 1.000000 1 1.030544 2 0.995098 
trileptoncontrolregion up_jesAbsolute 0 1.000000 1 1.029177 2 1.003464 
trileptoncontrolregion up_jesAbsolute_2018 0 1.000000 1 1.027255 2 1.003886 
trileptoncontrolregion up_jesBBEC1 0 1.000000 1 1.027587 2 1.009678 
trileptoncontrolregion up_jesBBEC1_2018 0 1.000000 1 1.027099 2 1.007816 
trileptoncontrolregion up_jesEC2 0 1.000000 1 1.029395 2 1.008055 
trileptoncontrolregion up_jesEC2_2018 0 1.000000 1 1.029308 2 1.008587 
trileptoncontrolregion up_jesFlavorQCD 0 1.000000 1 1.027910 2 1.002569 
trileptoncontrolregion up_jesHF 0 1.000000 1 1.028863 2 1.009045 
trileptoncontrolregion up_jesHF_2018 0 1.000000 1 1.028365 2 1.008799 
trileptoncontrolregion up_jesRelativeBal 0 1.000000 1 1.028745 2 1.010798 
trileptoncontrolregion up_jesRelativeSample_2018 0 1.000000 1 1.027909 2 1.012177 
trileptoncontrolregion up_lf 0 1.000000 1 1.028848 2 1.007557 
trileptoncontrolregion up_lfstats1 0 1.000000 1 1.002701 2 0.956945 
trileptoncontrolregion up_lfstats2 0 1.000000 1 1.006914 2 0.965715 
wzcontrolregion central 0 1.000000 1 0.976164 2 1.020631 
wzcontrolregion down_cferr1 0 1.000000 1 0.976164 2 1.020631 
wzcontrolregion down_cferr2 0 1.000000 1 0.976164 2 1.020631 
wzcontrolregion down_hf 0 1.000000 1 0.986625 2 1.039928 
wzcontrolregion down_hfstats1 0 1.000000 1 0.976243 2 1.021080 
wzcontrolregion down_hfstats2 0 1.000000 1 0.976651 2 1.021575 
wzcontrolregion down_jes 0 1.000000 1 0.976293 2 1.052722 
wzcontrolregion down_jesAbsolute 0 1.000000 1 0.976139 2 1.031246 
wzcontrolregion down_jesAbsolute_2018 0 1.000000 1 0.975085 2 1.029288 
wzcontrolregion down_jesBBEC1 0 1.000000 1 0.975485 2 1.025838 
wzcontrolregion down_jesBBEC1_2018 0 1.000000 1 0.975502 2 1.021575 
wzcontrolregion down_jesEC2 0 1.000000 1 0.976357 2 1.020833 
wzcontrolregion down_jesEC2_2018 0 1.000000 1 0.976276 2 1.021964 
wzcontrolregion down_jesFlavorQCD 0 1.000000 1 0.976310 2 1.041692 
wzcontrolregion down_jesHF 0 1.000000 1 0.976283 2 1.021018 
wzcontrolregion down_jesHF_2018 0 1.000000 1 0.976134 2 1.020558 
wzcontrolregion down_jesRelativeBal 0 1.000000 1 0.977746 2 1.020355 
wzcontrolregion down_jesRelativeSample_2018 0 1.000000 1 0.990691 2 0.949804 
wzcontrolregion down_lf 0 1.000000 1 0.974505 2 1.018980 
wzcontrolregion down_lfstats1 0 1.000000 1 1.007598 2 1.071365 
wzcontrolregion down_lfstats2 0 1.000000 1 1.001615 2 1.062331 
wzcontrolregion up_cferr1 0 1.000000 1 0.976164 2 1.020631 
wzcontrolregion up_cferr2 0 1.000000 1 0.976164 2 1.020631 
wzcontrolregion up_hf 0 1.000000 1 0.960632 2 0.991361 
wzcontrolregion up_hfstats1 0 1.000000 1 0.975955 2 1.020175 
wzcontrolregion up_hfstats2 0 1.000000 1 0.975639 2 1.019714 
wzcontrolregion up_jes 0 1.000000 1 0.990506 2 0.956540 
wzcontrolregion up_jesAbsolute 0 1.000000 1 0.986880 2 0.951879 
wzcontrolregion up_jesAbsolute_2018 0 1.000000 1 0.986775 2 0.948166 
wzcontrolregion up_jesBBEC1 0 1.000000 1 0.987952 2 0.952859 
wzcontrolregion up_jesBBEC1_2018 0 1.000000 1 0.976540 2 1.020598 
wzcontrolregion up_jesEC2 0 1.000000 1 0.975825 2 1.020266 
wzcontrolregion up_jesEC2_2018 0 1.000000 1 0.975870 2 1.021797 
wzcontrolregion up_jesFlavorQCD 0 1.000000 1 0.988037 2 0.951811 
wzcontrolregion up_jesHF 0 1.000000 1 0.975685 2 1.022850 
wzcontrolregion up_jesHF_2018 0 1.000000 1 0.975929 2 1.021708 
wzcontrolregion up_jesRelativeBal 0 1.000000 1 0.974891 2 1.030128 
wzcontrolregion up_jesRelativeSample_2018 0 1.000000 1 0.975727 2 1.032660 
wzcontrolregion up_lf 0 1.000000 1 0.976254 2 1.018911 
wzcontrolregion up_lfstats1 0 1.000000 1 0.944821 2 0.972772 
wzcontrolregion up_lfstats2 0 1.000000 1 0.950387 2 0.980706 
zgcontrolregion central 0 1.000000 1 0.928755 
zgcontrolregion down_cferr1 0 1.000000 1 0.928755 
zgcontrolregion down_cferr2 0 1.000000 1 0.928755 
zgcontrolregion down_hf 0 1.000000 1 0.939183 
zgcontrolregion down_hfstats1 0 1.000000 1 0.928863 
zgcontrolregion down_hfstats2 0 1.000000 1 0.929136 
zgcontrolregion down_jes 0 1.000000 1 0.932946 
zgcontrolregion down_jesAbsolute 0 1.000000 1 0.929424 
zgcontrolregion down_jesAbsolute_2018 0 1.000000 1 0.928841 
zgcontrolregion down_jesBBEC1 0 1.000000 1 0.929583 
zgcontrolregion down_jesBBEC1_2018 0 1.000000 1 0.929034 
zgcontrolregion down_jesEC2 0 1.000000 1 0.929034 
zgcontrolregion down_jesEC2_2018 0 1.000000 1 0.928801 
zgcontrolregion down_jesFlavorQCD 0 1.000000 1 0.930626 
zgcontrolregion down_jesHF 0 1.000000 1 0.928033 
zgcontrolregion down_jesHF_2018 0 1.000000 1 0.928402 
zgcontrolregion down_jesRelativeBal 0 1.000000 1 0.927865 
zgcontrolregion down_jesRelativeSample_2018 0 1.000000 1 0.927186 
zgcontrolregion down_lf 0 1.000000 1 0.928006 
zgcontrolregion down_lfstats1 0 1.000000 1 0.957089 
zgcontrolregion down_lfstats2 0 1.000000 1 0.952162 
zgcontrolregion up_cferr1 0 1.000000 1 0.928755 
zgcontrolregion up_cferr2 0 1.000000 1 0.928755 
zgcontrolregion up_hf 0 1.000000 1 0.915015 
zgcontrolregion up_hfstats1 0 1.000000 1 0.928631 
zgcontrolregion up_hfstats2 0 1.000000 1 0.928368 
zgcontrolregion up_jes 0 1.000000 1 0.923391 
zgcontrolregion up_jesAbsolute 0 1.000000 1 0.926148 
zgcontrolregion up_jesAbsolute_2018 0 1.000000 1 0.928515 
zgcontrolregion up_jesBBEC1 0 1.000000 1 0.927546 
zgcontrolregion up_jesBBEC1_2018 0 1.000000 1 0.928104 
zgcontrolregion up_jesEC2 0 1.000000 1 0.928536 
zgcontrolregion up_jesEC2_2018 0 1.000000 1 0.928770 
zgcontrolregion up_jesFlavorQCD 0 1.000000 1 0.926146 
zgcontrolregion up_jesHF 0 1.000000 1 0.928864 
zgcontrolregion up_jesHF_2018 0 1.000000 1 0.928756 
zgcontrolregion up_jesRelativeBal 0 1.000000 1 0.928379 
zgcontrolregion up_jesRelativeSample_2018 0 1.000000 1 0.930343 
zgcontrolregion up_lf 0 1.000000 1 0.928644 
zgcontrolregion up_lfstats1 0 1.000000 1 0.901434 
zgcontrolregion up_lfstats2 0 1.000000 1 0.906037 
zzcontrolregion central 0 1.000000 
zzcontrolregion down_cferr1 0 1.000000 
zzcontrolregion down_cferr2 0 1.000000 
zzcontrolregion down_hf 0 1.000000 
zzcontrolregion down_hfstats1 0 1.000000 
zzcontrolregion down_hfstats2 0 1.000000 
zzcontrolregion down_jes 0 1.000000 
zzcontrolregion down_jesAbsolute 0 1.000000 
zzcontrolregion down_jesAbsolute_2018 0 1.000000 
zzcontrolregion down_jesBBEC1 0 1.000000 
zzcontrolregion down_jesBBEC1_2018 0 1.000000 
zzcontrolregion down_jesEC2 0 1.000000 
zzcontrolregion down_jesEC2_2018 0 1.000000 
zzcontrolregion down_jesFlavorQCD 0 1.000000 
zzcontrolregion down_jesHF 0 1.000000 
zzcontrolregion down_jesHF_2018 0 1.000000 
zzcontrolregion down_jesRelativeBal 0 1.000000 
zzcontrolregion down_jesRelativeSample_2018 0 1.000000 
zzcontrolregion down_lf 0 1.000000 
zzcontrolregion down_lfstats1 0 1.000000 
zzcontrolregion down_lfstats2 0 1.000000 
zzcontrolregion up_cferr1 0 1.000000 
zzcontrolregion up_cferr2 0 1.000000 
zzcontrolregion up_hf 0 1.000000 
zzcontrolregion up_hfstats1 0 1.000000 
zzcontrolregion up_hfstats2 0 1.000000 
zzcontrolregion up_jes 0 1.000000 
zzcontrolregion up_jesAbsolute 0 1.000000 
zzcontrolregion up_jesAbsolute_2018 0 1.000000 
zzcontrolregion up_jesBBEC1 0 1.000000 
zzcontrolregion up_jesBBEC1_2018 0 1.000000 
zzcontrolregion up_jesEC2 0 1.000000 
zzcontrolregion up_jesEC2_2018 0 1.000000 
zzcontrolregion up_jesFlavorQCD 0 1.000000 
zzcontrolregion up_jesHF 0 1.000000 
zzcontrolregion up_jesHF_2018 0 1.000000 
zzcontrolregion up_jesRelativeBal 0 1.000000 
zzcontrolregion up_jesRelativeSample_2018 0 1.000000 
zzcontrolregion up_lf 0 1.000000 
zzcontrolregion up_lfstats1 0 1.000000 
zzcontrolregion up_lfstats2 0 1.000000 
