cfcontrolregion cfjetscontrolregion fourleptoncontrolregion npcontrolregion_dilepton_ee npcontrolregion_dilepton_em npcontrolregion_dilepton_inclusive npcontrolregion_dilepton_me npcontrolregion_dilepton_mm nplownjetscontrolregion_dilepton_inclusive signalregion_dilepton_ee signalregion_dilepton_em signalregion_dilepton_inclusive signalregion_dilepton_me signalregion_dilepton_minus signalregion_dilepton_mm signalregion_dilepton_plus signalregion_trilepton trileptoncontrolregion wzcontrolregion zgcontrolregion zzcontrolregion 
central down_cferr1 down_cferr2 down_hf down_hfstats1 down_hfstats2 down_jes down_jesAbsolute down_jesAbsolute_2018 down_jesBBEC1 down_jesBBEC1_2018 down_jesEC2 down_jesEC2_2018 down_jesFlavorQCD down_jesHF down_jesHF_2018 down_jesRelativeBal down_jesRelativeSample_2018 down_lf down_lfstats1 down_lfstats2 up_cferr1 up_cferr2 up_hf up_hfstats1 up_hfstats2 up_jes up_jesAbsolute up_jesAbsolute_2018 up_jesBBEC1 up_jesBBEC1_2018 up_jesEC2 up_jesEC2_2018 up_jesFlavorQCD up_jesHF up_jesHF_2018 up_jesRelativeBal up_jesRelativeSample_2018 up_lf up_lfstats1 up_lfstats2 
cfcontrolregion central 0 1.000000 1 1.019432 2 1.054614 3 1.068859 4 1.102059 5 1.142172 6 1.197257 7 1.303517 8 1.197811 9 1.709810 
cfcontrolregion down_cferr1 0 1.000000 1 1.004092 2 1.000701 3 1.007492 4 1.003589 5 1.041654 6 1.088739 7 1.122279 8 1.113964 9 1.709810 
cfcontrolregion down_cferr2 0 1.000000 1 1.011765 2 1.032535 3 1.042234 4 1.057783 5 1.100693 6 1.140671 7 1.134746 8 1.158736 9 1.709810 
cfcontrolregion down_hf 0 1.000000 1 1.015390 2 1.059289 3 1.065045 4 1.119188 5 1.180681 6 1.265067 7 1.329153 8 1.281276 9 1.952642 
cfcontrolregion down_hfstats1 0 1.000000 1 1.013159 2 1.042327 3 1.052063 4 1.081477 5 1.118289 6 1.173738 7 1.258802 8 1.169756 9 1.663922 
cfcontrolregion down_hfstats2 0 1.000000 1 1.022110 2 1.059296 3 1.077609 4 1.111429 5 1.151616 6 1.212306 7 1.313469 8 1.213177 9 1.731074 
cfcontrolregion down_jes 0 1.000000 1 1.023717 2 1.066415 3 1.093045 4 1.125332 5 1.179815 6 1.283239 7 1.419087 8 1.204541 9 1.695674 
cfcontrolregion down_jesAbsolute 0 1.000000 1 0.938879 2 0.777893 3 0.783516 4 0.658624 5 0.660276 6 0.840710 7 0.658747 8 0.966814 9 1.685167 
cfcontrolregion down_jesAbsolute_2018 0 1.000000 1 0.957432 2 0.775987 3 0.779711 4 0.650232 5 0.659137 6 0.845878 7 0.657476 8 0.960916 9 1.729072 
cfcontrolregion down_jesBBEC1 0 1.000000 1 0.956444 2 0.774894 3 0.778374 4 0.655237 5 0.654890 6 0.844120 7 0.661161 8 0.965026 9 1.669635 
cfcontrolregion down_jesBBEC1_2018 0 1.000000 1 0.955129 2 0.774785 3 0.778678 4 0.651145 5 0.651746 6 0.836505 7 0.660021 8 0.953996 9 1.706010 
cfcontrolregion down_jesEC2 0 1.000000 1 0.955130 2 0.772811 3 0.775163 4 0.654436 5 0.651547 6 0.833962 7 0.658880 8 0.958555 9 1.746508 
cfcontrolregion down_jesEC2_2018 0 1.000000 1 0.955019 2 0.772775 3 0.775186 4 0.654166 5 0.651384 6 0.834366 7 0.660732 8 0.951035 9 1.737157 
cfcontrolregion down_jesFlavorQCD 0 1.000000 1 1.025506 2 1.057691 3 1.082264 4 1.112058 5 1.163836 6 1.225038 7 1.322658 8 1.197538 9 1.704042 
cfcontrolregion down_jesHF 0 1.000000 1 0.955000 2 0.772663 3 0.774911 4 0.653973 5 0.650192 6 0.833115 7 0.659376 8 0.954229 9 1.718937 
cfcontrolregion down_jesHF_2018 0 1.000000 1 0.954854 2 0.772420 3 0.774737 4 0.653691 5 0.650134 6 0.833172 7 0.660136 8 0.957335 9 1.711209 
cfcontrolregion down_jesRelativeBal 0 1.000000 1 1.017030 2 1.051530 3 1.060704 4 1.098177 5 1.124234 6 1.169137 7 1.292941 8 1.185016 9 1.722866 
cfcontrolregion down_jesRelativeSample_2018 0 1.000000 1 0.950711 2 0.765680 3 0.761910 4 0.655847 5 0.619809 6 0.758698 7 0.595670 8 0.930082 9 1.674784 
cfcontrolregion down_lf 0 1.000000 1 1.075949 2 1.143774 3 1.186289 4 1.251197 5 1.307613 6 1.357305 7 1.575851 8 1.421156 9 2.134335 
cfcontrolregion down_lfstats1 0 1.000000 1 1.035283 2 1.084970 3 1.117194 4 1.174425 5 1.239997 6 1.336127 7 1.478908 8 1.393516 9 1.988147 
cfcontrolregion down_lfstats2 0 1.000000 1 1.031582 2 1.079616 3 1.107080 4 1.161162 5 1.224907 6 1.314975 7 1.441966 8 1.365261 9 1.973973 
cfcontrolregion up_cferr1 0 1.000000 1 1.038637 2 1.130799 3 1.151456 4 1.236025 5 1.289638 6 1.345242 7 1.571237 8 1.301132 9 1.709810 
cfcontrolregion up_cferr2 0 1.000000 1 1.031536 2 1.100764 3 1.119232 4 1.184831 5 1.230798 6 1.288541 7 1.532450 8 1.258558 9 1.709810 
cfcontrolregion up_hf 0 1.000000 1 1.020862 2 1.045692 3 1.063595 4 1.073162 5 1.087872 6 1.115447 7 1.247283 8 1.088746 9 1.448383 
cfcontrolregion up_hfstats1 0 1.000000 1 1.026522 2 1.067885 3 1.087264 4 1.124365 5 1.167909 6 1.223022 7 1.353854 8 1.228644 9 1.760347 
cfcontrolregion up_hfstats2 0 1.000000 1 1.017699 2 1.050913 3 1.061801 4 1.094462 5 1.134592 6 1.184814 7 1.298055 8 1.185603 9 1.695162 
cfcontrolregion up_jes 0 1.000000 1 1.015295 2 1.044617 3 1.047616 4 1.065905 5 1.092553 6 1.124556 7 1.104696 8 1.462772 9 1.546013 
cfcontrolregion up_jesAbsolute 0 1.000000 1 0.951700 2 0.770373 3 0.769027 4 0.643188 5 0.638503 6 0.788805 7 0.745016 8 0.690337 9 1.663870 
cfcontrolregion up_jesAbsolute_2018 0 1.000000 1 0.952763 2 0.773012 3 0.769868 4 0.651962 5 0.644736 6 0.781792 7 0.743859 8 0.707621 9 1.734385 
cfcontrolregion up_jesBBEC1 0 1.000000 1 0.953667 2 0.764636 3 0.772420 4 0.649245 5 0.664757 6 0.769397 7 0.663037 8 0.943971 9 1.751312 
cfcontrolregion up_jesBBEC1_2018 0 1.000000 1 0.954227 2 0.771694 3 0.770195 4 0.656490 5 0.647508 6 0.829976 7 0.658566 8 0.950207 9 1.696683 
cfcontrolregion up_jesEC2 0 1.000000 1 0.955018 2 0.772329 3 0.774553 4 0.653272 5 0.649107 6 0.832773 7 0.659825 8 0.955776 9 1.710675 
cfcontrolregion up_jesEC2_2018 0 1.000000 1 0.955010 2 0.772499 3 0.774390 4 0.652957 5 0.649582 6 0.832630 7 0.659267 8 0.960158 9 1.730603 
cfcontrolregion up_jesFlavorQCD 0 1.000000 1 1.015638 2 1.050242 3 1.063666 4 1.085390 5 1.120484 6 1.162480 7 1.138233 8 1.465849 9 1.648491 
cfcontrolregion up_jesHF 0 1.000000 1 0.954828 2 0.772359 3 0.774558 4 0.653367 5 0.650663 6 0.833809 7 0.659466 8 0.957920 9 1.713701 
cfcontrolregion up_jesHF_2018 0 1.000000 1 0.954850 2 0.772587 3 0.774673 4 0.653464 5 0.650322 6 0.833107 7 0.659824 8 0.956351 9 1.729696 
cfcontrolregion up_jesRelativeBal 0 1.000000 1 1.022905 2 1.058066 3 1.080631 4 1.111253 5 1.153187 6 1.195694 7 1.352316 8 1.211041 9 1.672615 
cfcontrolregion up_jesRelativeSample_2018 0 1.000000 1 0.921679 2 0.791488 3 0.791667 4 0.670129 5 0.671940 6 0.840884 7 0.619373 8 0.966292 9 1.688175 
cfcontrolregion up_lf 0 1.000000 1 0.965271 2 0.968172 3 0.954507 4 0.960361 5 0.983413 6 1.037923 7 1.048916 8 1.001788 9 1.332095 
cfcontrolregion up_lfstats1 0 1.000000 1 1.004167 2 1.025609 3 1.023198 4 1.034728 5 1.052958 6 1.073748 7 1.150845 8 1.025730 9 1.456267 
cfcontrolregion up_lfstats2 0 1.000000 1 1.007866 2 1.030818 3 1.032699 4 1.046588 5 1.066166 6 1.091345 7 1.180170 8 1.049122 9 1.475534 
cfjetscontrolregion central 0 1.000000 3 1.068859 4 1.102059 5 1.142172 6 1.197257 7 1.303517 8 1.197811 9 1.709810 
cfjetscontrolregion down_cferr1 0 1.000000 3 1.007492 4 1.003589 5 1.041654 6 1.088739 7 1.122279 8 1.113964 9 1.709810 
cfjetscontrolregion down_cferr2 0 1.000000 3 1.042234 4 1.057783 5 1.100693 6 1.140671 7 1.134746 8 1.158736 9 1.709810 
cfjetscontrolregion down_hf 0 1.000000 3 1.065045 4 1.119188 5 1.180681 6 1.265067 7 1.329153 8 1.281276 9 1.952642 
cfjetscontrolregion down_hfstats1 0 1.000000 3 1.052063 4 1.081477 5 1.118289 6 1.173738 7 1.258802 8 1.169756 9 1.663922 
cfjetscontrolregion down_hfstats2 0 1.000000 3 1.077609 4 1.111429 5 1.151616 6 1.212306 7 1.313469 8 1.213177 9 1.731074 
cfjetscontrolregion down_jes 0 1.000000 2 0.970423 3 1.093045 4 1.125332 5 1.179815 6 1.283239 7 1.419087 8 1.204541 9 1.695674 
cfjetscontrolregion down_jesAbsolute 0 1.000000 2 0.515264 3 0.783516 4 0.658624 5 0.660276 6 0.840710 7 0.658747 8 0.966814 9 1.685167 
cfjetscontrolregion down_jesAbsolute_2018 0 1.000000 2 1.028310 3 0.779711 4 0.650232 5 0.659137 6 0.845878 7 0.657476 8 0.960916 9 1.729072 
cfjetscontrolregion down_jesBBEC1 0 1.000000 2 1.028751 3 0.778374 4 0.655237 5 0.654890 6 0.844120 7 0.661161 8 0.965026 9 1.669635 
cfjetscontrolregion down_jesBBEC1_2018 0 1.000000 2 1.026171 3 0.778678 4 0.651145 5 0.651746 6 0.836505 7 0.660021 8 0.953996 9 1.706010 
cfjetscontrolregion down_jesEC2 0 1.000000 3 0.775163 4 0.654436 5 0.651547 6 0.833962 7 0.658880 8 0.958555 9 1.746508 
cfjetscontrolregion down_jesEC2_2018 0 1.000000 3 0.775186 4 0.654166 5 0.651384 6 0.834366 7 0.660732 8 0.951035 9 1.737157 
cfjetscontrolregion down_jesFlavorQCD 0 1.000000 2 0.946409 3 1.082264 4 1.112058 5 1.163836 6 1.225038 7 1.322658 8 1.197538 9 1.704042 
cfjetscontrolregion down_jesHF 0 1.000000 3 0.774911 4 0.653973 5 0.650192 6 0.833115 7 0.659376 8 0.954229 9 1.718937 
cfjetscontrolregion down_jesHF_2018 0 1.000000 3 0.774737 4 0.653691 5 0.650134 6 0.833172 7 0.660136 8 0.957335 9 1.711209 
cfjetscontrolregion down_jesRelativeBal 0 1.000000 3 1.060455 4 1.098177 5 1.124234 6 1.169137 7 1.292941 8 1.185016 9 1.722866 
cfjetscontrolregion down_jesRelativeSample_2018 0 1.000000 3 0.763726 4 0.655847 5 0.619809 6 0.758698 7 0.595670 8 0.930082 9 1.674784 
cfjetscontrolregion down_lf 0 1.000000 3 1.186289 4 1.251197 5 1.307613 6 1.357305 7 1.575851 8 1.421156 9 2.134335 
cfjetscontrolregion down_lfstats1 0 1.000000 3 1.117194 4 1.174425 5 1.239997 6 1.336127 7 1.478908 8 1.393516 9 1.988147 
cfjetscontrolregion down_lfstats2 0 1.000000 3 1.107080 4 1.161162 5 1.224907 6 1.314975 7 1.441966 8 1.365261 9 1.973973 
cfjetscontrolregion up_cferr1 0 1.000000 3 1.151456 4 1.236025 5 1.289638 6 1.345242 7 1.571237 8 1.301132 9 1.709810 
cfjetscontrolregion up_cferr2 0 1.000000 3 1.119232 4 1.184831 5 1.230798 6 1.288541 7 1.532450 8 1.258558 9 1.709810 
cfjetscontrolregion up_hf 0 1.000000 3 1.063595 4 1.073162 5 1.087872 6 1.115447 7 1.247283 8 1.088746 9 1.448383 
cfjetscontrolregion up_hfstats1 0 1.000000 3 1.087264 4 1.124365 5 1.167909 6 1.223022 7 1.353854 8 1.228644 9 1.760347 
cfjetscontrolregion up_hfstats2 0 1.000000 3 1.061801 4 1.094462 5 1.134592 6 1.184814 7 1.298055 8 1.185603 9 1.695162 
cfjetscontrolregion up_jes 0 1.000000 3 1.047883 4 1.065905 5 1.092553 6 1.124556 7 1.104696 8 1.462772 9 1.546013 
cfjetscontrolregion up_jesAbsolute 0 1.000000 3 0.772991 4 0.643188 5 0.638503 6 0.788805 7 0.745016 8 0.690337 9 1.663870 
cfjetscontrolregion up_jesAbsolute_2018 0 1.000000 3 0.773909 4 0.651962 5 0.644736 6 0.781792 7 0.743859 8 0.707621 9 1.734385 
cfjetscontrolregion up_jesBBEC1 0 1.000000 3 0.771562 4 0.649245 5 0.664757 6 0.769397 7 0.663037 8 0.943971 9 1.751312 
cfjetscontrolregion up_jesBBEC1_2018 0 1.000000 3 0.770195 4 0.656490 5 0.647508 6 0.829976 7 0.658566 8 0.950207 9 1.696683 
cfjetscontrolregion up_jesEC2 0 1.000000 3 0.774553 4 0.653272 5 0.649107 6 0.832773 7 0.659825 8 0.955776 9 1.710675 
cfjetscontrolregion up_jesEC2_2018 0 1.000000 3 0.774390 4 0.652957 5 0.649582 6 0.832630 7 0.659267 8 0.960158 9 1.730603 
cfjetscontrolregion up_jesFlavorQCD 0 1.000000 3 1.062120 4 1.085390 5 1.120484 6 1.162480 7 1.138233 8 1.465849 9 1.648491 
cfjetscontrolregion up_jesHF 0 1.000000 3 0.774558 4 0.653367 5 0.650663 6 0.833809 7 0.659466 8 0.957920 9 1.713701 
cfjetscontrolregion up_jesHF_2018 0 1.000000 3 0.774673 4 0.653464 5 0.650322 6 0.833107 7 0.659824 8 0.956351 9 1.729696 
cfjetscontrolregion up_jesRelativeBal 0 1.000000 2 0.940416 3 1.080349 4 1.111253 5 1.153187 6 1.195694 7 1.352316 8 1.211041 9 1.672615 
cfjetscontrolregion up_jesRelativeSample_2018 0 1.000000 2 0.915896 3 0.791667 4 0.670129 5 0.671940 6 0.840884 7 0.619373 8 0.966292 9 1.688175 
cfjetscontrolregion up_lf 0 1.000000 3 0.954507 4 0.960361 5 0.983413 6 1.037923 7 1.048916 8 1.001788 9 1.332095 
cfjetscontrolregion up_lfstats1 0 1.000000 3 1.023198 4 1.034728 5 1.052958 6 1.073748 7 1.150845 8 1.025730 9 1.456267 
cfjetscontrolregion up_lfstats2 0 1.000000 3 1.032699 4 1.046588 5 1.066166 6 1.091345 7 1.180170 8 1.049122 9 1.475534 
fourleptoncontrolregion central 0 1.000000 3 1.162833 
fourleptoncontrolregion down_cferr1 0 1.000000 3 1.162833 
fourleptoncontrolregion down_cferr2 0 1.000000 3 1.162833 
fourleptoncontrolregion down_hf 0 1.000000 3 1.190590 
fourleptoncontrolregion down_hfstats1 0 1.000000 3 1.157871 
fourleptoncontrolregion down_hfstats2 0 1.000000 3 1.163765 
fourleptoncontrolregion down_jes 0 1.000000 3 1.133485 
fourleptoncontrolregion down_jesAbsolute 0 1.000000 3 1.143749 
fourleptoncontrolregion down_jesAbsolute_2018 0 1.000000 3 1.150054 
fourleptoncontrolregion down_jesBBEC1 0 1.000000 3 1.155316 
fourleptoncontrolregion down_jesBBEC1_2018 0 1.000000 3 1.158706 
fourleptoncontrolregion down_jesEC2 0 1.000000 3 1.163895 
fourleptoncontrolregion down_jesEC2_2018 0 1.000000 3 1.160104 
fourleptoncontrolregion down_jesFlavorQCD 0 1.000000 3 1.134439 
fourleptoncontrolregion down_jesHF 0 1.000000 3 1.162436 
fourleptoncontrolregion down_jesHF_2018 0 1.000000 3 1.161796 
fourleptoncontrolregion down_jesRelativeBal 0 1.000000 3 1.158987 
fourleptoncontrolregion down_jesRelativeSample_2018 0 1.000000 3 1.167644 
fourleptoncontrolregion down_lf 0 1.000000 3 1.189144 
fourleptoncontrolregion down_lfstats1 0 1.000000 3 1.205446 
fourleptoncontrolregion down_lfstats2 0 1.000000 3 1.198473 
fourleptoncontrolregion up_cferr1 0 1.000000 3 1.162833 
fourleptoncontrolregion up_cferr2 0 1.000000 3 1.162833 
fourleptoncontrolregion up_hf 0 1.000000 3 1.120464 
fourleptoncontrolregion up_hfstats1 0 1.000000 3 1.166890 
fourleptoncontrolregion up_hfstats2 0 1.000000 3 1.160936 
fourleptoncontrolregion up_jes 0 1.000000 3 1.176215 
fourleptoncontrolregion up_jesAbsolute 0 1.000000 3 1.178737 
fourleptoncontrolregion up_jesAbsolute_2018 0 1.000000 3 1.166595 
fourleptoncontrolregion up_jesBBEC1 0 1.000000 3 1.162425 
fourleptoncontrolregion up_jesBBEC1_2018 0 1.000000 3 1.162217 
fourleptoncontrolregion up_jesEC2 0 1.000000 3 1.162202 
fourleptoncontrolregion up_jesEC2_2018 0 1.000000 3 1.161054 
fourleptoncontrolregion up_jesFlavorQCD 0 1.000000 3 1.189184 
fourleptoncontrolregion up_jesHF 0 1.000000 3 1.160923 
fourleptoncontrolregion up_jesHF_2018 0 1.000000 3 1.164798 
fourleptoncontrolregion up_jesRelativeBal 0 1.000000 3 1.144355 
fourleptoncontrolregion up_jesRelativeSample_2018 0 1.000000 3 1.142940 
fourleptoncontrolregion up_lf 0 1.000000 3 1.117325 
fourleptoncontrolregion up_lfstats1 0 1.000000 3 1.120573 
fourleptoncontrolregion up_lfstats2 0 1.000000 3 1.127171 
npcontrolregion_dilepton_ee central 0 1.000000 3 1.084924 4 1.094550 5 1.171386 6 1.261131 7 1.423284 8 1.266681 10 1.529724 
npcontrolregion_dilepton_ee down_cferr1 0 1.000000 3 1.002069 4 1.010055 5 1.009720 6 1.102149 7 1.281133 8 0.960919 10 1.529724 
npcontrolregion_dilepton_ee down_cferr2 0 1.000000 3 1.046825 4 1.056757 5 1.094092 6 1.183433 7 1.376388 8 1.127651 10 1.529724 
npcontrolregion_dilepton_ee down_hf 0 1.000000 3 1.079783 4 1.110413 5 1.204536 6 1.318185 7 1.589777 8 1.317623 10 1.657430 
npcontrolregion_dilepton_ee down_hfstats1 0 1.000000 3 1.065944 4 1.074724 5 1.148591 6 1.234493 7 1.392660 8 1.243486 10 1.480743 
npcontrolregion_dilepton_ee down_hfstats2 0 1.000000 3 1.093378 4 1.103054 5 1.183621 6 1.275019 7 1.441771 8 1.276218 10 1.542148 
npcontrolregion_dilepton_ee down_jes 0 1.000000 2 0.968730 3 1.117428 4 1.119844 5 1.211273 6 1.376602 7 1.476473 8 1.518754 10 1.777845 
npcontrolregion_dilepton_ee down_jesAbsolute 0 1.000000 2 0.782355 3 0.777506 4 0.702992 5 0.552282 6 0.685358 7 0.745779 8 0.000000 10 1.618963 
npcontrolregion_dilepton_ee down_jesAbsolute_2018 0 1.000000 2 1.017854 3 0.766037 4 0.703449 5 0.544466 6 0.662327 7 0.729793 8 0.000000 10 1.587036 
npcontrolregion_dilepton_ee down_jesBBEC1 0 1.000000 2 0.990791 3 0.753592 4 0.710197 5 0.547367 6 0.640723 7 0.729401 8 0.000000 10 1.555258 
npcontrolregion_dilepton_ee down_jesBBEC1_2018 0 1.000000 2 0.964147 3 0.747831 4 0.705679 5 0.548358 6 0.616200 7 0.861727 8 0.000000 10 1.526431 
npcontrolregion_dilepton_ee down_jesEC2 0 1.000000 3 0.748242 4 0.704877 5 0.543709 6 0.648159 7 0.735488 8 0.000000 10 1.523747 
npcontrolregion_dilepton_ee down_jesEC2_2018 0 1.000000 3 0.748160 4 0.704760 5 0.543384 6 0.647076 7 0.735561 8 0.000000 10 1.523458 
npcontrolregion_dilepton_ee down_jesFlavorQCD 0 1.000000 2 0.991567 3 1.101205 4 1.104235 5 1.191923 6 1.318141 7 1.397286 8 1.417713 10 1.676769 
npcontrolregion_dilepton_ee down_jesHF 0 1.000000 3 0.747801 4 0.704099 5 0.543840 6 0.646453 7 0.732779 8 0.000000 10 1.526611 
npcontrolregion_dilepton_ee down_jesHF_2018 0 1.000000 3 0.747553 4 0.704117 5 0.543187 6 0.646729 7 0.730802 8 0.000000 10 1.524845 
npcontrolregion_dilepton_ee down_jesRelativeBal 0 1.000000 3 1.078431 4 1.085378 5 1.161083 6 1.243903 7 1.425341 8 1.279702 10 1.516788 
npcontrolregion_dilepton_ee down_jesRelativeSample_2018 0 1.000000 3 0.733040 4 0.699807 5 0.540791 6 0.610073 7 0.690009 8 0.000000 10 1.455257 
npcontrolregion_dilepton_ee down_lf 0 1.000000 3 1.230879 4 1.251385 5 1.329441 6 1.414376 7 1.746028 8 1.428979 10 1.875600 
npcontrolregion_dilepton_ee down_lfstats1 0 1.000000 3 1.130902 4 1.164991 5 1.261649 6 1.386731 7 1.624874 8 1.435190 10 1.852717 
npcontrolregion_dilepton_ee down_lfstats2 0 1.000000 3 1.121611 4 1.152151 5 1.247517 6 1.366710 7 1.591821 8 1.403625 10 1.792517 
npcontrolregion_dilepton_ee up_cferr1 0 1.000000 3 1.191953 4 1.212122 5 1.388513 6 1.505952 7 1.621940 8 1.782838 10 1.529724 
npcontrolregion_dilepton_ee up_cferr2 0 1.000000 3 1.150060 4 1.167302 5 1.304578 6 1.410546 7 1.531098 8 1.579566 10 1.529724 
npcontrolregion_dilepton_ee up_hf 0 1.000000 3 1.080779 4 1.067320 5 1.122893 6 1.181610 7 1.239932 8 1.189390 10 1.355672 
npcontrolregion_dilepton_ee up_hfstats1 0 1.000000 3 1.105527 4 1.116169 5 1.196502 6 1.290568 7 1.457632 8 1.292109 10 1.584489 
npcontrolregion_dilepton_ee up_hfstats2 0 1.000000 3 1.078191 4 1.087927 5 1.161635 6 1.250198 7 1.409510 8 1.259610 10 1.523656 
npcontrolregion_dilepton_ee up_jes 0 1.000000 3 1.057126 4 1.057245 5 1.138714 6 1.222365 7 1.317931 8 1.288957 10 1.382004 
npcontrolregion_dilepton_ee up_jesAbsolute 0 1.000000 3 0.747263 4 0.678793 5 0.558387 6 0.617063 7 0.702919 8 0.000000 10 1.435097 
npcontrolregion_dilepton_ee up_jesAbsolute_2018 0 1.000000 3 0.746422 4 0.698289 5 0.532047 6 0.642933 7 0.711935 8 0.000000 10 1.461270 
npcontrolregion_dilepton_ee up_jesBBEC1 0 1.000000 3 0.741424 4 0.700534 5 0.556814 6 0.622873 7 0.717651 8 0.000000 10 1.508532 
npcontrolregion_dilepton_ee up_jesBBEC1_2018 0 1.000000 3 0.743449 4 0.705598 5 0.541667 6 0.644768 7 0.725169 8 0.000000 10 1.505753 
npcontrolregion_dilepton_ee up_jesEC2 0 1.000000 3 0.747153 4 0.703175 5 0.542965 6 0.645539 7 0.729524 8 0.000000 10 1.528726 
npcontrolregion_dilepton_ee up_jesEC2_2018 0 1.000000 3 0.747054 4 0.703255 5 0.543188 6 0.645808 7 0.730512 8 0.000000 10 1.526753 
npcontrolregion_dilepton_ee up_jesFlavorQCD 0 1.000000 3 1.073517 4 1.075434 5 1.165369 6 1.240092 7 1.364671 8 1.283634 10 1.423519 
npcontrolregion_dilepton_ee up_jesHF 0 1.000000 3 0.747329 4 0.703842 5 0.542413 6 0.646061 7 0.731624 8 0.000000 10 1.516947 
npcontrolregion_dilepton_ee up_jesHF_2018 0 1.000000 3 0.747534 4 0.703970 5 0.542824 6 0.646340 7 0.731061 8 0.000000 10 1.520869 
npcontrolregion_dilepton_ee up_jesRelativeBal 0 1.000000 2 0.906710 3 1.091740 4 1.108127 5 1.177151 6 1.285402 7 1.382710 8 1.374600 10 1.598951 
npcontrolregion_dilepton_ee up_jesRelativeSample_2018 0 1.000000 2 0.780280 3 0.769768 4 0.719774 5 0.569066 6 0.649410 7 0.777354 8 0.000000 10 1.678028 
npcontrolregion_dilepton_ee up_lf 0 1.000000 3 0.948174 4 0.947210 5 1.021030 6 1.108293 7 1.135736 8 1.103330 10 1.189810 
npcontrolregion_dilepton_ee up_lfstats1 0 1.000000 3 1.041305 4 1.029099 5 1.088059 6 1.146954 7 1.247517 8 1.118720 10 1.258954 
npcontrolregion_dilepton_ee up_lfstats2 0 1.000000 3 1.050123 4 1.040766 5 1.100648 6 1.164311 7 1.274012 8 1.143925 10 1.303241 
npcontrolregion_dilepton_em central 0 1.000000 3 1.065295 4 1.072528 5 1.157469 6 1.095688 7 1.165664 9 1.019494 
npcontrolregion_dilepton_em down_cferr1 0 1.000000 3 1.006268 4 0.973509 5 1.021410 6 0.983462 7 0.994075 9 0.822492 
npcontrolregion_dilepton_em down_cferr2 0 1.000000 3 1.040774 4 1.030271 5 1.093507 6 1.051747 7 1.074655 9 0.938041 
npcontrolregion_dilepton_em down_hf 0 1.000000 3 1.071558 4 1.077322 5 1.195906 6 1.130785 7 1.238529 9 1.096145 
npcontrolregion_dilepton_em down_hfstats1 0 1.000000 3 1.049426 4 1.055257 5 1.134337 6 1.077508 7 1.150241 9 1.004269 
npcontrolregion_dilepton_em down_hfstats2 0 1.000000 3 1.073787 4 1.080619 5 1.167454 6 1.108710 7 1.174860 9 1.026244 
npcontrolregion_dilepton_em down_jes 0 1.000000 2 1.065635 3 1.084327 4 1.094957 5 1.188491 6 1.158602 7 1.173992 9 1.038279 
npcontrolregion_dilepton_em down_jesAbsolute 0 1.000000 2 1.043028 3 0.754365 4 0.587262 5 0.641156 6 0.419289 7 0.741864 9 0.000000 
npcontrolregion_dilepton_em down_jesAbsolute_2018 0 1.000000 2 0.971564 3 0.754824 4 0.586692 5 0.644635 6 0.424970 7 0.748395 9 0.000000 
npcontrolregion_dilepton_em down_jesBBEC1 0 1.000000 3 0.752536 4 0.587242 5 0.643561 6 0.426595 7 0.740884 9 0.000000 
npcontrolregion_dilepton_em down_jesBBEC1_2018 0 1.000000 2 0.965229 3 0.760329 4 0.572805 5 0.637903 6 0.469504 7 0.745825 9 0.000000 
npcontrolregion_dilepton_em down_jesEC2 0 1.000000 3 0.761878 4 0.572925 5 0.640115 6 0.484487 7 0.748091 9 0.000000 
npcontrolregion_dilepton_em down_jesEC2_2018 0 1.000000 3 0.761832 4 0.572888 5 0.639720 6 0.483915 7 0.747703 9 0.000000 
npcontrolregion_dilepton_em down_jesFlavorQCD 0 1.000000 2 1.048470 3 1.077414 4 1.081519 5 1.173393 6 1.114678 7 1.169031 9 1.022722 
npcontrolregion_dilepton_em down_jesHF 0 1.000000 3 0.761317 4 0.572157 5 0.639268 6 0.483439 7 0.746441 9 0.000000 
npcontrolregion_dilepton_em down_jesHF_2018 0 1.000000 3 0.761362 4 0.571822 5 0.638803 6 0.483872 7 0.746361 9 0.000000 
npcontrolregion_dilepton_em down_jesRelativeBal 0 1.000000 3 1.048146 4 1.072282 5 1.140217 6 1.085368 7 1.149204 9 1.053671 
npcontrolregion_dilepton_em down_jesRelativeSample_2018 0 1.000000 3 0.744954 4 0.567186 5 0.604043 6 0.476859 7 0.721687 9 0.000000 
npcontrolregion_dilepton_em down_lf 0 1.000000 3 1.189863 4 1.210956 5 1.325634 6 1.242090 7 1.274143 9 1.145988 
npcontrolregion_dilepton_em down_lfstats1 0 1.000000 3 1.114568 4 1.139809 5 1.260612 6 1.224878 7 1.310919 9 1.192327 
npcontrolregion_dilepton_em down_lfstats2 0 1.000000 3 1.104948 4 1.126617 5 1.243384 6 1.199906 7 1.287230 9 1.159006 
npcontrolregion_dilepton_em up_cferr1 0 1.000000 3 1.147253 4 1.209528 5 1.335509 6 1.275573 7 1.426644 9 1.314567 
npcontrolregion_dilepton_em up_cferr2 0 1.000000 3 1.114861 4 1.157266 5 1.267848 6 1.205921 7 1.321522 9 1.201729 
npcontrolregion_dilepton_em up_hf 0 1.000000 3 1.051098 4 1.055344 5 1.104184 6 1.041684 7 1.071976 9 0.924166 
npcontrolregion_dilepton_em up_hfstats1 0 1.000000 3 1.082820 4 1.091458 5 1.182109 6 1.115588 7 1.180801 9 1.035465 
npcontrolregion_dilepton_em up_hfstats2 0 1.000000 3 1.058665 4 1.066256 5 1.148999 6 1.084804 7 1.156260 9 1.013747 
npcontrolregion_dilepton_em up_jes 0 1.000000 3 1.034816 4 1.044595 5 1.093190 6 1.054277 7 1.160005 9 1.098485 
npcontrolregion_dilepton_em up_jesAbsolute 0 1.000000 3 0.752586 4 0.566575 5 0.603607 6 0.521773 7 0.748419 9 0.000000 
npcontrolregion_dilepton_em up_jesAbsolute_2018 0 1.000000 3 0.756716 4 0.564847 5 0.620215 6 0.485883 7 0.742388 9 0.000000 
npcontrolregion_dilepton_em up_jesBBEC1 0 1.000000 3 0.756088 4 0.570912 5 0.621343 6 0.485265 7 0.745246 9 0.000000 
npcontrolregion_dilepton_em up_jesBBEC1_2018 0 1.000000 3 0.758884 4 0.570287 5 0.638111 6 0.487424 7 0.741538 9 0.000000 
npcontrolregion_dilepton_em up_jesEC2 0 1.000000 3 0.760664 4 0.571595 5 0.637957 6 0.483845 7 0.745653 9 0.000000 
npcontrolregion_dilepton_em up_jesEC2_2018 0 1.000000 3 0.760669 4 0.571486 5 0.638263 6 0.483747 7 0.743799 9 0.000000 
npcontrolregion_dilepton_em up_jesFlavorQCD 0 1.000000 3 1.048262 4 1.067277 5 1.128442 6 1.090757 7 1.167383 9 1.028178 
npcontrolregion_dilepton_em up_jesHF 0 1.000000 3 0.760852 4 0.571925 5 0.638723 6 0.483249 7 0.747220 9 0.000000 
npcontrolregion_dilepton_em up_jesHF_2018 0 1.000000 3 0.761174 4 0.572063 5 0.638830 6 0.483561 7 0.747505 9 0.000000 
npcontrolregion_dilepton_em up_jesRelativeBal 0 1.000000 2 0.967183 3 1.074745 4 1.080430 5 1.173116 6 1.082253 7 1.162270 9 1.016529 
npcontrolregion_dilepton_em up_jesRelativeSample_2018 0 1.000000 2 0.977215 3 0.758244 4 0.594523 5 0.648827 6 0.432351 7 0.746546 9 0.000000 
npcontrolregion_dilepton_em up_lf 0 1.000000 3 0.945889 4 0.938830 5 0.998955 6 0.949326 7 1.034809 9 0.896036 
npcontrolregion_dilepton_em up_lfstats1 0 1.000000 3 1.018890 4 1.009946 5 1.063003 6 0.980856 7 1.035528 9 0.870019 
npcontrolregion_dilepton_em up_lfstats2 0 1.000000 3 1.027940 4 1.021918 5 1.077855 6 1.001196 7 1.054958 9 0.895180 
npcontrolregion_dilepton_inclusive central 0 1.000000 3 1.083797 4 1.099977 5 1.138632 6 1.196772 7 1.169007 8 1.527082 9 1.019494 10 1.529724 
npcontrolregion_dilepton_inclusive down_cferr1 0 1.000000 3 1.011918 4 1.014434 5 1.007085 6 1.066003 7 0.993204 8 1.343625 9 0.822492 10 1.529724 
npcontrolregion_dilepton_inclusive down_cferr2 0 1.000000 3 1.052172 4 1.061696 5 1.077035 6 1.135221 7 1.081188 8 1.443664 9 0.938041 10 1.529724 
npcontrolregion_dilepton_inclusive down_hf 0 1.000000 3 1.081553 4 1.115687 5 1.169260 6 1.256104 7 1.240669 8 1.756938 9 1.096145 10 1.657430 
npcontrolregion_dilepton_inclusive down_hfstats1 0 1.000000 3 1.065116 4 1.080076 5 1.116281 6 1.172317 7 1.148303 8 1.509397 9 1.004269 10 1.480743 
npcontrolregion_dilepton_inclusive down_hfstats2 0 1.000000 3 1.091820 4 1.108047 5 1.149839 6 1.209926 7 1.181353 8 1.536362 9 1.026244 10 1.542148 
npcontrolregion_dilepton_inclusive down_jes 0 1.000000 2 0.996622 3 1.111399 4 1.122096 5 1.178100 6 1.246820 7 1.232040 8 1.844483 9 1.038279 10 1.777845 
npcontrolregion_dilepton_inclusive down_jesAbsolute 0 1.000000 2 0.907517 3 0.766459 4 0.678443 5 0.609220 6 0.656619 7 0.666480 8 0.990453 9 0.000000 10 1.618963 
npcontrolregion_dilepton_inclusive down_jesAbsolute_2018 0 1.000000 2 1.006282 3 0.760738 4 0.682075 5 0.596920 6 0.647813 7 0.630369 8 0.993103 9 0.000000 10 1.587036 
npcontrolregion_dilepton_inclusive down_jesBBEC1 0 1.000000 2 0.990791 3 0.754880 4 0.686457 5 0.594624 6 0.641681 7 0.628533 8 0.983228 9 0.000000 10 1.555258 
npcontrolregion_dilepton_inclusive down_jesBBEC1_2018 0 1.000000 2 0.964688 3 0.752360 4 0.681136 5 0.594296 6 0.638093 7 0.659628 8 0.782526 9 0.000000 10 1.526431 
npcontrolregion_dilepton_inclusive down_jesEC2 0 1.000000 3 0.752448 4 0.680540 5 0.592644 6 0.654775 7 0.632343 8 0.772748 9 0.000000 10 1.523747 
npcontrolregion_dilepton_inclusive down_jesEC2_2018 0 1.000000 3 0.752401 4 0.680327 5 0.592435 6 0.653916 7 0.632223 8 0.774127 9 0.000000 10 1.523458 
npcontrolregion_dilepton_inclusive down_jesFlavorQCD 0 1.000000 2 1.042194 3 1.096089 4 1.110925 5 1.159873 6 1.214993 7 1.174812 8 1.702190 9 1.022722 10 1.676769 
npcontrolregion_dilepton_inclusive down_jesHF 0 1.000000 3 0.752064 4 0.679925 5 0.592336 6 0.653319 7 0.630656 8 0.765802 9 0.000000 10 1.526611 
npcontrolregion_dilepton_inclusive down_jesHF_2018 0 1.000000 3 0.751851 4 0.679696 5 0.591960 6 0.653841 7 0.630102 8 0.768981 9 0.000000 10 1.524845 
npcontrolregion_dilepton_inclusive down_jesRelativeBal 0 1.000000 3 1.074235 4 1.093180 5 1.125049 6 1.187369 7 1.161445 8 1.493359 9 1.053671 10 1.516788 
npcontrolregion_dilepton_inclusive down_jesRelativeSample_2018 0 1.000000 3 0.738778 4 0.674140 5 0.583158 6 0.624513 7 0.607326 8 0.712785 9 0.000000 10 1.455257 
npcontrolregion_dilepton_inclusive down_lf 0 1.000000 3 1.229463 4 1.256993 5 1.294955 6 1.357951 7 1.334209 8 1.657854 9 1.145988 10 1.875600 
npcontrolregion_dilepton_inclusive down_lfstats1 0 1.000000 3 1.131175 4 1.171067 5 1.234446 6 1.325274 7 1.326259 8 1.786106 9 1.192327 10 1.852717 
npcontrolregion_dilepton_inclusive down_lfstats2 0 1.000000 3 1.121728 4 1.158100 5 1.218179 6 1.304577 7 1.297605 8 1.764827 9 1.159006 10 1.792517 
npcontrolregion_dilepton_inclusive up_cferr1 0 1.000000 3 1.181522 4 1.219768 5 1.318318 6 1.394184 7 1.499868 8 1.836776 9 1.314567 10 1.529724 
npcontrolregion_dilepton_inclusive up_cferr2 0 1.000000 3 1.143040 4 1.174837 5 1.249222 6 1.319296 7 1.354855 8 1.714813 9 1.201729 10 1.529724 
npcontrolregion_dilepton_inclusive up_hf 0 1.000000 3 1.076810 4 1.072865 5 1.092526 6 1.117650 7 1.077061 8 1.359448 9 0.924166 10 1.355672 
npcontrolregion_dilepton_inclusive up_hfstats1 0 1.000000 3 1.104185 4 1.121710 5 1.163051 6 1.223568 7 1.191486 8 1.547925 9 1.035465 10 1.584489 
npcontrolregion_dilepton_inclusive up_hfstats2 0 1.000000 3 1.077550 4 1.093779 5 1.129624 6 1.186152 7 1.158956 8 1.518969 9 1.013747 10 1.523656 
npcontrolregion_dilepton_inclusive up_jes 0 1.000000 3 1.057946 4 1.063893 5 1.096108 6 1.156195 7 1.151408 8 1.463442 9 1.098485 10 1.382004 
npcontrolregion_dilepton_inclusive up_jesAbsolute 0 1.000000 3 0.745913 4 0.665889 5 0.585706 6 0.654628 7 0.622697 8 0.753510 9 0.000000 10 1.435097 
npcontrolregion_dilepton_inclusive up_jesAbsolute_2018 0 1.000000 3 0.748287 4 0.676247 5 0.580573 6 0.658355 7 0.623588 8 0.753322 9 0.000000 10 1.461270 
npcontrolregion_dilepton_inclusive up_jesBBEC1 0 1.000000 3 0.747176 4 0.676422 5 0.590817 6 0.658300 7 0.625678 8 0.765534 9 0.000000 10 1.508532 
npcontrolregion_dilepton_inclusive up_jesBBEC1_2018 0 1.000000 3 0.749091 4 0.679525 5 0.589875 6 0.656422 7 0.627103 8 0.751663 9 0.000000 10 1.505753 
npcontrolregion_dilepton_inclusive up_jesEC2 0 1.000000 3 0.751295 4 0.679183 5 0.591430 6 0.653271 7 0.629456 8 0.759963 9 0.000000 10 1.528726 
npcontrolregion_dilepton_inclusive up_jesEC2_2018 0 1.000000 3 0.751303 4 0.679150 5 0.591598 6 0.653366 7 0.629412 8 0.759276 9 0.000000 10 1.526753 
npcontrolregion_dilepton_inclusive up_jesFlavorQCD 0 1.000000 3 1.071590 4 1.084846 5 1.121976 6 1.183864 7 1.157149 8 1.523785 9 1.028178 10 1.423519 
npcontrolregion_dilepton_inclusive up_jesHF 0 1.000000 3 0.751669 4 0.679675 5 0.591556 6 0.653473 7 0.630830 8 0.772232 9 0.000000 10 1.516947 
npcontrolregion_dilepton_inclusive up_jesHF_2018 0 1.000000 3 0.751797 4 0.679692 5 0.591739 6 0.653718 7 0.630590 8 0.772548 9 0.000000 10 1.520869 
npcontrolregion_dilepton_inclusive up_jesRelativeBal 0 1.000000 2 0.913988 3 1.093275 4 1.109771 5 1.147512 6 1.210084 7 1.155413 8 1.710468 9 1.016529 10 1.598951 
npcontrolregion_dilepton_inclusive up_jesRelativeSample_2018 0 1.000000 2 0.861096 3 0.765513 4 0.692694 5 0.609759 6 0.651525 7 0.644245 8 1.044406 9 0.000000 10 1.678028 
npcontrolregion_dilepton_inclusive up_lf 0 1.000000 3 0.948293 4 0.953111 5 0.988589 6 1.037310 7 0.998921 8 1.389416 9 0.896036 10 1.189810 
npcontrolregion_dilepton_inclusive up_lfstats1 0 1.000000 3 1.038953 4 1.034109 5 1.050808 6 1.081114 7 1.031003 8 1.326776 9 0.870019 10 1.258954 
npcontrolregion_dilepton_inclusive up_lfstats2 0 1.000000 3 1.047905 4 1.045855 5 1.064985 6 1.098544 7 1.053912 8 1.345265 9 0.895180 10 1.303241 
npcontrolregion_dilepton_me central 0 1.000000 3 1.090888 4 1.123589 5 1.089295 6 1.187545 7 0.980806 8 1.917684 
npcontrolregion_dilepton_me down_cferr1 0 1.000000 3 1.023817 4 1.045384 5 0.995343 6 1.077704 7 0.776605 8 1.917684 
npcontrolregion_dilepton_me down_cferr2 0 1.000000 3 1.062310 4 1.087267 5 1.047301 6 1.133385 7 0.864687 8 1.917684 
npcontrolregion_dilepton_me down_hf 0 1.000000 3 1.087655 4 1.146040 5 1.112267 6 1.265427 7 0.980443 8 2.415912 
npcontrolregion_dilepton_me down_hfstats1 0 1.000000 3 1.071251 4 1.101933 5 1.067934 6 1.161536 7 0.963582 8 1.908263 
npcontrolregion_dilepton_me down_hfstats2 0 1.000000 3 1.098293 4 1.131148 5 1.100056 6 1.199924 7 0.990909 8 1.926578 
npcontrolregion_dilepton_me down_jes 0 1.000000 2 1.020734 3 1.118039 4 1.141322 5 1.130424 6 1.173498 7 1.045656 8 2.170211 
npcontrolregion_dilepton_me down_jesAbsolute 0 1.000000 2 1.262309 3 0.761252 4 0.707791 5 0.655736 6 0.778637 7 0.533894 8 1.980906 
npcontrolregion_dilepton_me down_jesAbsolute_2018 0 1.000000 3 0.758251 4 0.718500 5 0.628440 6 0.774482 7 0.467280 8 1.986206 
npcontrolregion_dilepton_me down_jesBBEC1 0 1.000000 3 0.757151 4 0.721255 5 0.618832 6 0.776272 7 0.468620 8 1.966457 
npcontrolregion_dilepton_me down_jesBBEC1_2018 0 1.000000 3 0.753183 4 0.721678 5 0.621518 6 0.774215 7 0.468669 8 1.956315 
npcontrolregion_dilepton_me down_jesEC2 0 1.000000 3 0.752301 4 0.720862 5 0.620475 6 0.774101 7 0.468174 8 1.931869 
npcontrolregion_dilepton_me down_jesEC2_2018 0 1.000000 3 0.752289 4 0.720430 5 0.620512 6 0.773316 7 0.468109 8 1.935316 
npcontrolregion_dilepton_me down_jesFlavorQCD 0 1.000000 2 1.282782 3 1.099426 4 1.136875 5 1.114937 6 1.159429 7 0.989076 8 1.986667 
npcontrolregion_dilepton_me down_jesHF 0 1.000000 3 0.752050 4 0.720533 5 0.619985 6 0.772669 7 0.467225 8 1.914504 
npcontrolregion_dilepton_me down_jesHF_2018 0 1.000000 3 0.751757 4 0.720089 5 0.619982 6 0.773537 7 0.467381 8 1.922453 
npcontrolregion_dilepton_me down_jesRelativeBal 0 1.000000 3 1.081772 4 1.115085 5 1.071861 6 1.186136 7 0.972703 8 1.813844 
npcontrolregion_dilepton_me down_jesRelativeSample_2018 0 1.000000 3 0.741534 4 0.709273 5 0.621057 6 0.719107 7 0.459542 8 1.781964 
npcontrolregion_dilepton_me down_lf 0 1.000000 3 1.245593 4 1.292591 5 1.236429 6 1.367707 7 1.070394 8 2.001166 
npcontrolregion_dilepton_me down_lfstats1 0 1.000000 3 1.138768 4 1.197835 5 1.187087 6 1.318997 7 1.113803 8 2.312480 
npcontrolregion_dilepton_me down_lfstats2 0 1.000000 3 1.129248 4 1.184864 5 1.168933 6 1.300308 7 1.084723 8 2.306629 
npcontrolregion_dilepton_me up_cferr1 0 1.000000 3 1.186688 4 1.235016 5 1.226650 6 1.340856 7 1.463232 8 1.917684 
npcontrolregion_dilepton_me up_cferr2 0 1.000000 3 1.148776 4 1.194603 5 1.173858 6 1.286593 7 1.247673 8 1.917684 
npcontrolregion_dilepton_me up_hf 0 1.000000 3 1.084370 4 1.090319 5 1.050309 6 1.092434 7 0.958721 8 1.614535 
npcontrolregion_dilepton_me up_hfstats1 0 1.000000 3 1.112336 4 1.147228 5 1.112775 6 1.215762 7 0.999889 8 1.931649 
npcontrolregion_dilepton_me up_hfstats2 0 1.000000 3 1.085273 4 1.117923 5 1.080822 6 1.177465 7 0.973063 8 1.908008 
npcontrolregion_dilepton_me up_jes 0 1.000000 3 1.068787 4 1.082824 5 1.044176 6 1.147869 7 0.978436 8 1.725171 
npcontrolregion_dilepton_me up_jesAbsolute 0 1.000000 3 0.741736 4 0.711941 5 0.606429 6 0.773657 7 0.468240 8 1.883775 
npcontrolregion_dilepton_me up_jesAbsolute_2018 0 1.000000 3 0.746297 4 0.718218 5 0.611138 6 0.774480 7 0.468229 8 1.883305 
npcontrolregion_dilepton_me up_jesBBEC1 0 1.000000 3 0.748763 4 0.714187 5 0.611155 6 0.799788 7 0.467023 8 1.913834 
npcontrolregion_dilepton_me up_jesBBEC1_2018 0 1.000000 3 0.750106 4 0.718585 5 0.617010 6 0.772784 7 0.467728 8 1.879157 
npcontrolregion_dilepton_me up_jesEC2 0 1.000000 3 0.751113 4 0.719884 5 0.619289 6 0.773338 7 0.467258 8 1.899906 
npcontrolregion_dilepton_me up_jesEC2_2018 0 1.000000 3 0.751224 4 0.719769 5 0.619309 6 0.773358 7 0.467798 8 1.898190 
npcontrolregion_dilepton_me up_jesFlavorQCD 0 1.000000 3 1.080107 4 1.106273 5 1.065720 6 1.180182 7 0.993833 8 1.884012 
npcontrolregion_dilepton_me up_jesHF 0 1.000000 3 0.751761 4 0.720279 5 0.619811 6 0.773687 7 0.467942 8 1.930579 
npcontrolregion_dilepton_me up_jesHF_2018 0 1.000000 3 0.751730 4 0.720093 5 0.619776 6 0.773849 7 0.467551 8 1.931371 
npcontrolregion_dilepton_me up_jesRelativeBal 0 1.000000 2 0.894668 3 1.102986 4 1.129665 5 1.094379 6 1.211465 7 0.979799 8 2.046336 
npcontrolregion_dilepton_me up_jesRelativeSample_2018 0 1.000000 2 0.918689 3 0.764712 4 0.721995 5 0.634819 6 0.794538 7 0.467687 8 2.088812 
npcontrolregion_dilepton_me up_lf 0 1.000000 3 0.949468 4 0.968921 5 0.944756 6 1.011732 7 0.869393 8 1.818546 
npcontrolregion_dilepton_me up_lfstats1 0 1.000000 3 1.045563 4 1.055159 5 1.000298 6 1.069609 7 0.865223 8 1.638861 
npcontrolregion_dilepton_me up_lfstats2 0 1.000000 3 1.054600 4 1.066851 5 1.015904 6 1.085218 7 0.888053 8 1.647275 
npcontrolregion_dilepton_mm central 0 1.000000 
npcontrolregion_dilepton_mm down_cferr1 0 1.000000 
npcontrolregion_dilepton_mm down_cferr2 0 1.000000 
npcontrolregion_dilepton_mm down_hf 0 1.000000 
npcontrolregion_dilepton_mm down_hfstats1 0 1.000000 
npcontrolregion_dilepton_mm down_hfstats2 0 1.000000 
npcontrolregion_dilepton_mm down_jes 0 1.000000 
npcontrolregion_dilepton_mm down_jesAbsolute 0 1.000000 
npcontrolregion_dilepton_mm down_jesAbsolute_2018 0 1.000000 
npcontrolregion_dilepton_mm down_jesBBEC1 0 1.000000 
npcontrolregion_dilepton_mm down_jesBBEC1_2018 0 1.000000 
npcontrolregion_dilepton_mm down_jesEC2 0 1.000000 
npcontrolregion_dilepton_mm down_jesEC2_2018 0 1.000000 
npcontrolregion_dilepton_mm down_jesFlavorQCD 0 1.000000 
npcontrolregion_dilepton_mm down_jesHF 0 1.000000 
npcontrolregion_dilepton_mm down_jesHF_2018 0 1.000000 
npcontrolregion_dilepton_mm down_jesRelativeBal 0 1.000000 
npcontrolregion_dilepton_mm down_jesRelativeSample_2018 0 1.000000 
npcontrolregion_dilepton_mm down_lf 0 1.000000 
npcontrolregion_dilepton_mm down_lfstats1 0 1.000000 
npcontrolregion_dilepton_mm down_lfstats2 0 1.000000 
npcontrolregion_dilepton_mm up_cferr1 0 1.000000 
npcontrolregion_dilepton_mm up_cferr2 0 1.000000 
npcontrolregion_dilepton_mm up_hf 0 1.000000 
npcontrolregion_dilepton_mm up_hfstats1 0 1.000000 
npcontrolregion_dilepton_mm up_hfstats2 0 1.000000 
npcontrolregion_dilepton_mm up_jes 0 1.000000 
npcontrolregion_dilepton_mm up_jesAbsolute 0 1.000000 
npcontrolregion_dilepton_mm up_jesAbsolute_2018 0 1.000000 
npcontrolregion_dilepton_mm up_jesBBEC1 0 1.000000 
npcontrolregion_dilepton_mm up_jesBBEC1_2018 0 1.000000 
npcontrolregion_dilepton_mm up_jesEC2 0 1.000000 
npcontrolregion_dilepton_mm up_jesEC2_2018 0 1.000000 
npcontrolregion_dilepton_mm up_jesFlavorQCD 0 1.000000 
npcontrolregion_dilepton_mm up_jesHF 0 1.000000 
npcontrolregion_dilepton_mm up_jesHF_2018 0 1.000000 
npcontrolregion_dilepton_mm up_jesRelativeBal 0 1.000000 
npcontrolregion_dilepton_mm up_jesRelativeSample_2018 0 1.000000 
npcontrolregion_dilepton_mm up_lf 0 1.000000 
npcontrolregion_dilepton_mm up_lfstats1 0 1.000000 
npcontrolregion_dilepton_mm up_lfstats2 0 1.000000 
nplownjetscontrolregion_dilepton_inclusive central 0 1.000000 1 1.036483 2 1.055222 
nplownjetscontrolregion_dilepton_inclusive down_cferr1 0 1.000000 1 1.017524 2 1.007960 
nplownjetscontrolregion_dilepton_inclusive down_cferr2 0 1.000000 1 1.028385 2 1.034840 
nplownjetscontrolregion_dilepton_inclusive down_hf 0 1.000000 1 1.031118 2 1.050646 
nplownjetscontrolregion_dilepton_inclusive down_hfstats1 0 1.000000 1 1.029155 2 1.042251 
nplownjetscontrolregion_dilepton_inclusive down_hfstats2 0 1.000000 1 1.039075 2 1.060338 
nplownjetscontrolregion_dilepton_inclusive down_jes 0 1.000000 1 1.042618 2 1.069573 
nplownjetscontrolregion_dilepton_inclusive down_jesAbsolute 0 1.000000 1 0.924519 2 0.825621 
nplownjetscontrolregion_dilepton_inclusive down_jesAbsolute_2018 0 1.000000 1 0.923804 2 0.824189 
nplownjetscontrolregion_dilepton_inclusive down_jesBBEC1 0 1.000000 1 0.926948 2 0.822794 
nplownjetscontrolregion_dilepton_inclusive down_jesBBEC1_2018 0 1.000000 1 0.926349 2 0.820930 
nplownjetscontrolregion_dilepton_inclusive down_jesEC2 0 1.000000 1 0.925211 2 0.820467 
nplownjetscontrolregion_dilepton_inclusive down_jesEC2_2018 0 1.000000 1 0.925090 2 0.820408 
nplownjetscontrolregion_dilepton_inclusive down_jesFlavorQCD 0 1.000000 1 1.037853 2 1.061687 
nplownjetscontrolregion_dilepton_inclusive down_jesHF 0 1.000000 1 0.925085 2 0.820319 
nplownjetscontrolregion_dilepton_inclusive down_jesHF_2018 0 1.000000 1 0.924979 2 0.820147 
nplownjetscontrolregion_dilepton_inclusive down_jesRelativeBal 0 1.000000 1 1.034164 2 1.051188 3 1.053269 4 0.782353 
nplownjetscontrolregion_dilepton_inclusive down_jesRelativeSample_2018 0 1.000000 1 0.921779 2 0.810410 3 0.785097 4 0.458163 
nplownjetscontrolregion_dilepton_inclusive down_lf 0 1.000000 1 1.093431 2 1.152241 
nplownjetscontrolregion_dilepton_inclusive down_lfstats1 0 1.000000 1 1.050618 2 1.085807 
nplownjetscontrolregion_dilepton_inclusive down_lfstats2 0 1.000000 1 1.047368 2 1.079587 
nplownjetscontrolregion_dilepton_inclusive up_cferr1 0 1.000000 1 1.064162 2 1.120924 
nplownjetscontrolregion_dilepton_inclusive up_cferr2 0 1.000000 1 1.053981 2 1.095647 
nplownjetscontrolregion_dilepton_inclusive up_hf 0 1.000000 1 1.039012 2 1.054530 
nplownjetscontrolregion_dilepton_inclusive up_hfstats1 0 1.000000 1 1.044483 2 1.069438 
nplownjetscontrolregion_dilepton_inclusive up_hfstats2 0 1.000000 1 1.034617 2 1.051411 
nplownjetscontrolregion_dilepton_inclusive up_jes 0 1.000000 1 1.028107 2 1.037959 3 1.070707 4 1.033852 
nplownjetscontrolregion_dilepton_inclusive up_jesAbsolute 0 1.000000 1 0.921157 2 0.814440 3 0.732602 
nplownjetscontrolregion_dilepton_inclusive up_jesAbsolute_2018 0 1.000000 1 0.921777 2 0.817874 3 0.742039 
nplownjetscontrolregion_dilepton_inclusive up_jesBBEC1 0 1.000000 1 0.922107 2 0.818841 3 0.780986 
nplownjetscontrolregion_dilepton_inclusive up_jesBBEC1_2018 0 1.000000 1 0.923745 2 0.818452 3 0.926131 
nplownjetscontrolregion_dilepton_inclusive up_jesEC2 0 1.000000 1 0.924743 2 0.819808 
nplownjetscontrolregion_dilepton_inclusive up_jesEC2_2018 0 1.000000 1 0.924688 2 0.819677 
nplownjetscontrolregion_dilepton_inclusive up_jesFlavorQCD 0 1.000000 1 1.034166 2 1.048102 3 1.080521 4 0.804955 
nplownjetscontrolregion_dilepton_inclusive up_jesHF 0 1.000000 1 0.924798 2 0.819939 
nplownjetscontrolregion_dilepton_inclusive up_jesHF_2018 0 1.000000 1 0.924889 2 0.820040 
nplownjetscontrolregion_dilepton_inclusive up_jesRelativeBal 0 1.000000 1 1.039531 2 1.060308 3 0.984207 
nplownjetscontrolregion_dilepton_inclusive up_jesRelativeSample_2018 0 1.000000 1 0.929995 2 0.828433 
nplownjetscontrolregion_dilepton_inclusive up_lf 0 1.000000 1 0.980902 2 0.962871 
nplownjetscontrolregion_dilepton_inclusive up_lfstats1 0 1.000000 1 1.022825 2 1.026008 
nplownjetscontrolregion_dilepton_inclusive up_lfstats2 0 1.000000 1 1.026064 2 1.032094 
signalregion_dilepton_ee central 0 1.000000 3 1.084719 4 1.102984 5 1.147622 6 1.148208 7 1.255561 8 1.297699 9 1.232558 10 2.784209 
signalregion_dilepton_ee down_cferr1 0 1.000000 3 1.023779 4 1.024297 5 1.037543 6 1.040966 7 1.084756 8 1.057690 9 1.232558 10 2.784209 
signalregion_dilepton_ee down_cferr2 0 1.000000 3 1.059105 4 1.069323 5 1.096653 6 1.099059 7 1.174943 8 1.183756 9 1.232558 10 2.784209 
signalregion_dilepton_ee down_hf 0 1.000000 3 1.088001 4 1.119282 5 1.184861 6 1.202011 7 1.344574 8 1.389468 9 1.348177 10 3.329711 
signalregion_dilepton_ee down_hfstats1 0 1.000000 3 1.067171 4 1.082836 5 1.125829 6 1.126412 7 1.228360 8 1.253077 9 1.231813 10 2.658784 
signalregion_dilepton_ee down_hfstats2 0 1.000000 3 1.091810 4 1.111945 5 1.157656 6 1.160851 7 1.268720 8 1.307888 9 1.245127 10 2.902113 
signalregion_dilepton_ee down_jes 0 1.000000 2 1.045058 3 1.107695 4 1.128214 5 1.186981 6 1.187565 7 1.327543 8 1.355776 10 2.856165 
signalregion_dilepton_ee down_jesAbsolute 0 1.000000 2 0.801884 3 0.770266 4 0.699093 5 0.669847 6 0.580592 7 0.613804 8 0.555709 9 1.273706 10 2.888375 
signalregion_dilepton_ee down_jesAbsolute_2018 0 1.000000 2 0.830598 3 0.768246 4 0.694045 5 0.668049 6 0.587372 7 0.591178 8 0.579734 9 1.259325 10 2.868062 
signalregion_dilepton_ee down_jesBBEC1 0 1.000000 2 1.009587 3 0.766521 4 0.696133 5 0.666897 6 0.587607 7 0.595594 8 0.550255 9 1.250811 10 2.806033 
signalregion_dilepton_ee down_jesBBEC1_2018 0 1.000000 2 1.164909 3 0.765031 4 0.694013 5 0.662780 6 0.584446 7 0.581706 8 0.573669 9 1.231258 10 2.791924 
signalregion_dilepton_ee down_jesEC2 0 1.000000 3 0.765978 4 0.693643 5 0.658337 6 0.589169 7 0.581318 8 0.573858 9 1.228213 10 2.775785 
signalregion_dilepton_ee down_jesEC2_2018 0 1.000000 3 0.765911 4 0.693521 5 0.658163 6 0.588798 7 0.580826 8 0.574018 9 1.233425 10 2.754212 
signalregion_dilepton_ee down_jesFlavorQCD 0 1.000000 2 1.073304 3 1.092882 4 1.113466 5 1.161237 6 1.169238 7 1.278172 8 1.341995 10 2.858707 
signalregion_dilepton_ee down_jesHF 0 1.000000 3 0.765602 4 0.693284 5 0.657871 6 0.588428 7 0.579281 8 0.574850 9 1.237811 10 2.763903 
signalregion_dilepton_ee down_jesHF_2018 0 1.000000 3 0.765566 4 0.693069 5 0.657835 6 0.588620 7 0.579780 8 0.574256 9 1.234401 10 2.775661 
signalregion_dilepton_ee down_jesRelativeBal 0 1.000000 2 0.916244 3 1.077149 4 1.092758 5 1.136419 6 1.144713 7 1.229468 8 1.268860 9 1.267983 10 2.794222 
signalregion_dilepton_ee down_jesRelativeSample_2018 0 1.000000 3 0.759193 4 0.680236 5 0.634453 6 0.594040 7 0.547157 8 0.520298 9 1.253686 10 2.608927 
signalregion_dilepton_ee down_lf 0 1.000000 3 1.216864 4 1.258877 5 1.316986 6 1.324917 7 1.463904 8 1.613702 9 1.250459 10 3.181663 
signalregion_dilepton_ee down_lfstats1 0 1.000000 3 1.135748 4 1.175972 5 1.250652 6 1.276771 7 1.426721 8 1.532727 9 1.514776 10 3.368427 
signalregion_dilepton_ee down_lfstats2 0 1.000000 3 1.126033 4 1.163153 5 1.233489 6 1.255866 7 1.398826 8 1.491894 9 1.456457 10 3.324193 
signalregion_dilepton_ee up_cferr1 0 1.000000 3 1.171702 4 1.215881 5 1.299980 6 1.319482 7 1.509442 8 1.660676 9 1.232558 10 2.784209 
signalregion_dilepton_ee up_cferr2 0 1.000000 3 1.138005 4 1.172552 5 1.242203 6 1.255143 7 1.408948 8 1.515339 9 1.232558 10 2.784209 
signalregion_dilepton_ee up_hf 0 1.000000 3 1.072604 4 1.074887 5 1.097853 6 1.081436 7 1.142785 8 1.191440 9 1.098152 10 2.271094 
signalregion_dilepton_ee up_hfstats1 0 1.000000 3 1.103837 4 1.125126 5 1.171558 6 1.172178 7 1.285015 8 1.347723 9 1.232337 10 2.918605 
signalregion_dilepton_ee up_hfstats2 0 1.000000 3 1.079207 4 1.096079 5 1.139779 6 1.137914 7 1.244661 8 1.291867 9 1.219305 10 2.676180 
signalregion_dilepton_ee up_jes 0 1.000000 3 1.058273 4 1.073533 5 1.105715 6 1.113446 7 1.165452 8 1.234718 9 1.244961 10 2.557046 
signalregion_dilepton_ee up_jesAbsolute 0 1.000000 3 0.759441 4 0.686487 5 0.648129 6 0.587761 7 0.534942 8 0.516182 9 1.206062 10 2.709611 
signalregion_dilepton_ee up_jesAbsolute_2018 0 1.000000 3 0.765342 4 0.688555 5 0.646067 6 0.592424 7 0.546190 8 0.593661 9 1.219060 10 2.709076 
signalregion_dilepton_ee up_jesBBEC1 0 1.000000 3 0.763189 4 0.690013 5 0.654141 6 0.589825 7 0.561722 8 0.605952 9 1.234064 10 2.734080 
signalregion_dilepton_ee up_jesBBEC1_2018 0 1.000000 3 0.764521 4 0.691511 5 0.655623 6 0.583992 7 0.577126 8 0.562859 9 1.238436 10 2.760978 
signalregion_dilepton_ee up_jesEC2 0 1.000000 3 0.765089 4 0.692585 5 0.656989 6 0.587510 7 0.578899 8 0.573260 9 1.240502 10 2.749865 
signalregion_dilepton_ee up_jesEC2_2018 0 1.000000 3 0.765047 4 0.692704 5 0.657314 6 0.587986 7 0.579877 8 0.571582 9 1.240481 10 2.769418 
signalregion_dilepton_ee up_jesFlavorQCD 0 1.000000 3 1.074539 4 1.091458 5 1.129523 6 1.137313 7 1.223217 8 1.261082 9 1.205126 10 2.700525 
signalregion_dilepton_ee up_jesHF 0 1.000000 3 0.765263 4 0.692900 5 0.657531 6 0.588077 7 0.579799 8 0.573030 9 1.238392 10 2.771141 
signalregion_dilepton_ee up_jesHF_2018 0 1.000000 3 0.765418 4 0.693057 5 0.657759 6 0.588431 7 0.580148 8 0.572668 9 1.235343 10 2.770858 
signalregion_dilepton_ee up_jesRelativeBal 0 1.000000 2 1.069791 3 1.090345 4 1.113310 5 1.157910 6 1.155692 7 1.279612 8 1.337122 10 2.785842 
signalregion_dilepton_ee up_jesRelativeSample_2018 0 1.000000 2 0.922815 3 0.773180 4 0.698822 5 0.686904 6 0.581298 7 0.622932 8 0.614059 10 2.920146 
signalregion_dilepton_ee up_lf 0 1.000000 3 0.960207 4 0.957104 5 0.988747 6 0.983968 7 1.062129 8 1.033000 9 1.183249 10 2.405433 
signalregion_dilepton_ee up_lfstats1 0 1.000000 3 1.036617 4 1.035305 5 1.053990 6 1.033896 7 1.104717 8 1.102290 9 1.003649 10 2.283976 
signalregion_dilepton_ee up_lfstats2 0 1.000000 3 1.045766 4 1.047005 5 1.069067 6 1.051491 7 1.127052 8 1.132498 9 1.043078 10 2.320364 
signalregion_dilepton_em central 0 1.000000 3 1.088174 4 1.116456 5 1.137833 6 1.186702 7 1.201212 8 1.238159 9 0.832393 
signalregion_dilepton_em down_cferr1 0 1.000000 3 1.020833 4 1.019862 5 1.038118 6 1.045092 7 1.003580 8 1.156972 9 0.540324 
signalregion_dilepton_em down_cferr2 0 1.000000 3 1.057827 4 1.074615 5 1.095929 6 1.123094 7 1.112344 8 1.213665 9 0.696279 
signalregion_dilepton_em down_hf 0 1.000000 3 1.088198 4 1.132314 5 1.176504 6 1.244180 7 1.262271 8 1.349541 9 0.862018 
signalregion_dilepton_em down_hfstats1 0 1.000000 3 1.070793 4 1.094855 5 1.114751 6 1.161569 7 1.179258 8 1.211016 9 0.818489 
signalregion_dilepton_em down_hfstats2 0 1.000000 3 1.095404 4 1.125382 5 1.148674 6 1.198726 7 1.214877 8 1.251155 9 0.848526 
signalregion_dilepton_em down_jes 0 1.000000 2 1.072555 3 1.109913 4 1.142969 5 1.183677 6 1.234683 7 1.240968 8 1.370183 9 0.817468 
signalregion_dilepton_em down_jesAbsolute 0 1.000000 2 1.071554 3 0.768490 4 0.647204 5 0.635262 6 0.605255 7 0.631664 8 0.799809 9 0.000000 
signalregion_dilepton_em down_jesAbsolute_2018 0 1.000000 2 1.044878 3 0.765686 4 0.648770 5 0.629971 6 0.601885 7 0.627155 8 0.785251 9 0.000000 
signalregion_dilepton_em down_jesBBEC1 0 1.000000 2 1.028187 3 0.766601 4 0.645653 5 0.626045 6 0.613843 7 0.606887 8 0.765693 9 0.000000 
signalregion_dilepton_em down_jesBBEC1_2018 0 1.000000 2 0.886610 3 0.764878 4 0.642690 5 0.627601 6 0.604290 7 0.608032 8 0.770075 9 0.000000 
signalregion_dilepton_em down_jesEC2 0 1.000000 3 0.764993 4 0.642744 5 0.629389 6 0.601387 7 0.599765 8 0.768057 9 0.000000 
signalregion_dilepton_em down_jesEC2_2018 0 1.000000 3 0.764817 4 0.642539 5 0.629023 6 0.601179 7 0.600138 8 0.768757 9 0.000000 
signalregion_dilepton_em down_jesFlavorQCD 0 1.000000 2 1.098595 3 1.096774 4 1.128970 5 1.155223 6 1.206642 7 1.231159 8 1.339289 9 0.838268 
signalregion_dilepton_em down_jesHF 0 1.000000 3 0.764759 4 0.642209 5 0.628488 6 0.600825 7 0.599665 8 0.765912 9 0.000000 
signalregion_dilepton_em down_jesHF_2018 0 1.000000 3 0.764588 4 0.642145 5 0.628534 6 0.600902 7 0.599847 8 0.768576 9 0.000000 
signalregion_dilepton_em down_jesRelativeBal 0 1.000000 2 0.983258 3 1.081656 4 1.107909 5 1.121475 6 1.170394 7 1.196711 8 1.252188 9 0.840357 
signalregion_dilepton_em down_jesRelativeSample_2018 0 1.000000 3 0.756826 4 0.629299 5 0.602164 6 0.571273 7 0.588989 8 0.729018 9 0.000000 
signalregion_dilepton_em down_lf 0 1.000000 3 1.225819 4 1.275975 5 1.308173 6 1.365070 7 1.370550 8 1.494038 9 0.909406 
signalregion_dilepton_em down_lfstats1 0 1.000000 3 1.136962 4 1.188668 5 1.236846 6 1.321708 7 1.348122 8 1.442219 9 1.006294 
signalregion_dilepton_em down_lfstats2 0 1.000000 3 1.127627 4 1.175670 5 1.219937 6 1.298464 7 1.324869 8 1.409659 9 0.970151 
signalregion_dilepton_em up_cferr1 0 1.000000 3 1.179757 4 1.251397 5 1.290630 6 1.402708 7 1.540778 8 1.352023 9 1.192298 
signalregion_dilepton_em up_cferr2 0 1.000000 3 1.144866 4 1.199188 5 1.230424 6 1.315550 7 1.388045 8 1.298770 9 1.043997 
signalregion_dilepton_em up_hf 0 1.000000 3 1.079756 4 1.089550 5 1.085194 6 1.114709 7 1.118039 8 1.117226 9 0.778506 
signalregion_dilepton_em up_hfstats1 0 1.000000 3 1.107189 4 1.140048 5 1.163157 6 1.214314 7 1.225166 8 1.268073 9 0.846065 
signalregion_dilepton_em up_hfstats2 0 1.000000 3 1.082650 4 1.109521 5 1.129272 6 1.177261 7 1.190022 8 1.227884 9 0.816226 
signalregion_dilepton_em up_jes 0 1.000000 3 1.066841 4 1.082842 5 1.089861 6 1.135868 7 1.152772 8 1.218043 9 0.852827 
signalregion_dilepton_em up_jesAbsolute 0 1.000000 3 0.758262 4 0.630173 5 0.616251 6 0.581107 7 0.613612 8 0.700093 9 0.000000 
signalregion_dilepton_em up_jesAbsolute_2018 0 1.000000 3 0.762402 4 0.634464 5 0.625359 6 0.586314 7 0.602056 8 0.771676 9 0.000000 
signalregion_dilepton_em up_jesBBEC1 0 1.000000 3 0.763078 4 0.635054 5 0.627649 6 0.587786 7 0.602547 8 0.775278 9 0.000000 
signalregion_dilepton_em up_jesBBEC1_2018 0 1.000000 3 0.763931 4 0.639659 5 0.626237 6 0.602917 7 0.597725 8 0.776111 9 0.000000 
signalregion_dilepton_em up_jesEC2 0 1.000000 3 0.764206 4 0.641754 5 0.627820 6 0.600025 7 0.599335 8 0.766799 9 0.000000 
signalregion_dilepton_em up_jesEC2_2018 0 1.000000 3 0.764187 4 0.641799 5 0.628027 6 0.600225 7 0.599412 8 0.765876 9 0.000000 
signalregion_dilepton_em up_jesFlavorQCD 0 1.000000 3 1.079322 4 1.104587 5 1.116196 6 1.164465 7 1.174002 8 1.241434 9 0.835300 
signalregion_dilepton_em up_jesHF 0 1.000000 3 0.764216 4 0.641963 5 0.628358 6 0.600547 7 0.598413 8 0.767903 9 0.000000 
signalregion_dilepton_em up_jesHF_2018 0 1.000000 3 0.764412 4 0.642108 5 0.628522 6 0.600693 7 0.598926 8 0.767153 9 0.000000 
signalregion_dilepton_em up_jesRelativeBal 0 1.000000 2 1.155270 3 1.093313 4 1.124792 5 1.149376 6 1.193221 7 1.215477 8 1.252240 9 0.801602 
signalregion_dilepton_em up_jesRelativeSample_2018 0 1.000000 2 0.994952 3 0.771101 4 0.649615 5 0.642905 6 0.605963 7 0.633290 8 0.784526 9 0.000000 
signalregion_dilepton_em up_lf 0 1.000000 3 0.958991 4 0.968246 5 0.977975 6 1.015986 7 1.033807 8 1.008450 9 0.744214 
signalregion_dilepton_em up_lfstats1 0 1.000000 3 1.042183 4 1.049321 5 1.047727 6 1.066464 7 1.070276 8 1.065482 9 0.687767 
signalregion_dilepton_em up_lfstats2 0 1.000000 3 1.050999 4 1.061200 5 1.062468 6 1.085972 7 1.089223 8 1.090042 9 0.713019 
signalregion_dilepton_inclusive central 0 1.000000 3 1.089338 4 1.110444 5 1.139891 6 1.158448 7 1.238152 8 1.216188 9 1.620956 10 1.739891 
signalregion_dilepton_inclusive down_cferr1 0 1.000000 3 1.028757 4 1.024164 5 1.031312 6 1.036431 7 1.069868 8 1.057751 9 1.466637 10 1.699629 
signalregion_dilepton_inclusive down_cferr2 0 1.000000 3 1.063751 4 1.073501 5 1.091652 6 1.103438 7 1.159956 8 1.145770 9 1.542140 10 1.745715 
signalregion_dilepton_inclusive down_hf 0 1.000000 3 1.090776 4 1.127810 5 1.179132 6 1.212981 7 1.333498 8 1.313135 9 1.958144 10 2.028182 
signalregion_dilepton_inclusive down_hfstats1 0 1.000000 3 1.071351 4 1.089757 5 1.117786 6 1.135411 7 1.213250 8 1.185089 9 1.578134 10 1.670976 
signalregion_dilepton_inclusive down_hfstats2 0 1.000000 3 1.096537 4 1.119252 5 1.150266 6 1.170598 7 1.252145 8 1.229159 9 1.641845 10 1.805978 
signalregion_dilepton_inclusive down_jes 0 1.000000 2 1.073871 3 1.111873 4 1.136399 5 1.182367 6 1.200540 7 1.306169 8 1.330620 9 1.473739 10 2.856165 
signalregion_dilepton_inclusive down_jesAbsolute 0 1.000000 2 0.910362 3 0.771184 4 0.681272 5 0.646211 6 0.586487 7 0.665237 8 0.645407 9 1.024748 10 2.888375 
signalregion_dilepton_inclusive down_jesAbsolute_2018 0 1.000000 2 0.900576 3 0.768323 4 0.677564 5 0.641304 6 0.592057 7 0.651734 8 0.643643 9 1.021172 10 2.868062 
signalregion_dilepton_inclusive down_jesBBEC1 0 1.000000 2 0.869355 3 0.768278 4 0.677305 5 0.639777 6 0.596204 7 0.643020 8 0.635111 9 1.016902 10 2.806033 
signalregion_dilepton_inclusive down_jesBBEC1_2018 0 1.000000 2 1.087209 3 0.765807 4 0.674536 5 0.637758 6 0.589230 7 0.643301 8 0.624792 9 1.003011 10 2.791924 
signalregion_dilepton_inclusive down_jesEC2 0 1.000000 3 0.765869 4 0.674886 5 0.635503 6 0.593154 7 0.635584 8 0.607026 9 1.156964 10 1.387892 
signalregion_dilepton_inclusive down_jesEC2_2018 0 1.000000 3 0.765813 4 0.674751 5 0.635257 6 0.592945 7 0.635388 8 0.606774 9 1.158454 10 1.377106 
signalregion_dilepton_inclusive down_jesFlavorQCD 0 1.000000 2 1.098722 3 1.098252 4 1.122231 5 1.155802 6 1.179500 7 1.269233 8 1.273967 9 1.549300 10 2.858707 
signalregion_dilepton_inclusive down_jesHF 0 1.000000 3 0.765550 4 0.674446 5 0.634858 6 0.592620 7 0.634138 8 0.606216 9 1.154096 10 1.381951 
signalregion_dilepton_inclusive down_jesHF_2018 0 1.000000 3 0.765437 4 0.674318 5 0.634838 6 0.592679 7 0.634513 8 0.606639 9 1.158094 10 1.387830 
signalregion_dilepton_inclusive down_jesRelativeBal 0 1.000000 2 0.949751 3 1.082210 4 1.100271 5 1.130004 6 1.148650 7 1.216742 8 1.212357 9 1.591531 10 1.747408 
signalregion_dilepton_inclusive down_jesRelativeSample_2018 0 1.000000 3 0.756188 4 0.664349 5 0.620168 6 0.573263 7 0.610223 8 0.571459 9 1.114257 10 1.304464 
signalregion_dilepton_inclusive down_lf 0 1.000000 3 1.227494 4 1.267576 5 1.309611 6 1.335866 7 1.427326 8 1.441107 9 1.992496 10 1.984800 
signalregion_dilepton_inclusive down_lfstats1 0 1.000000 3 1.139569 4 1.183600 5 1.241342 6 1.287956 7 1.402547 8 1.423055 9 1.975206 10 2.106732 
signalregion_dilepton_inclusive down_lfstats2 0 1.000000 3 1.129933 4 1.170693 5 1.224291 6 1.266085 7 1.377669 8 1.387783 9 1.933593 10 2.069153 
signalregion_dilepton_inclusive up_cferr1 0 1.000000 3 1.175619 4 1.232185 5 1.295263 6 1.349663 7 1.500873 8 1.446706 9 1.805316 10 1.841896 
signalregion_dilepton_inclusive up_cferr2 0 1.000000 3 1.142441 4 1.184947 5 1.235252 6 1.274740 7 1.392146 8 1.353497 9 1.734523 10 1.798592 
signalregion_dilepton_inclusive up_hf 0 1.000000 3 1.078947 4 1.081743 5 1.088168 6 1.090603 7 1.123875 8 1.104871 9 1.334079 10 1.460389 
signalregion_dilepton_inclusive up_hfstats1 0 1.000000 3 1.108984 4 1.133121 5 1.164156 6 1.183738 7 1.265133 8 1.250246 9 1.669494 10 1.813581 
signalregion_dilepton_inclusive up_hfstats2 0 1.000000 3 1.083828 4 1.103665 5 1.131733 6 1.148697 7 1.226464 8 1.205873 9 1.603662 10 1.679233 
signalregion_dilepton_inclusive up_jes 0 1.000000 3 1.063493 4 1.078627 5 1.098794 6 1.117271 7 1.154733 8 1.177948 9 1.371512 10 1.633855 
signalregion_dilepton_inclusive up_jesAbsolute 0 1.000000 3 0.758157 4 0.667335 5 0.626740 6 0.581806 7 0.610582 8 0.548280 9 1.105407 10 1.354805 
signalregion_dilepton_inclusive up_jesAbsolute_2018 0 1.000000 3 0.762582 4 0.671198 5 0.627957 6 0.587837 7 0.612681 8 0.608832 9 1.121947 10 1.354538 
signalregion_dilepton_inclusive up_jesBBEC1 0 1.000000 3 0.763384 4 0.671338 5 0.632362 6 0.584548 7 0.621214 8 0.614795 9 1.133022 10 1.367040 
signalregion_dilepton_inclusive up_jesBBEC1_2018 0 1.000000 3 0.764346 4 0.672266 5 0.635324 6 0.586332 7 0.628005 8 0.619603 9 1.146396 10 1.380489 
signalregion_dilepton_inclusive up_jesEC2 0 1.000000 3 0.764990 4 0.673821 5 0.634071 6 0.591746 7 0.633466 8 0.604929 9 1.156224 10 1.374932 
signalregion_dilepton_inclusive up_jesEC2_2018 0 1.000000 3 0.764938 4 0.673898 5 0.634380 6 0.591993 7 0.634135 8 0.604615 9 1.156834 10 1.384709 
signalregion_dilepton_inclusive up_jesFlavorQCD 0 1.000000 3 1.079001 4 1.097407 5 1.123253 6 1.143123 7 1.201786 8 1.210581 9 1.587042 10 1.700099 
signalregion_dilepton_inclusive up_jesHF 0 1.000000 3 0.765132 4 0.674101 5 0.634577 6 0.592343 7 0.633873 8 0.606143 9 1.162919 10 1.385571 
signalregion_dilepton_inclusive up_jesHF_2018 0 1.000000 3 0.765292 4 0.674279 5 0.634751 6 0.592477 7 0.634373 8 0.605744 9 1.164418 10 1.385429 
signalregion_dilepton_inclusive up_jesRelativeBal 0 1.000000 2 1.122301 3 1.094570 4 1.119333 5 1.151558 6 1.166460 7 1.261480 8 1.252235 9 1.533829 10 2.785842 
signalregion_dilepton_inclusive up_jesRelativeSample_2018 0 1.000000 2 0.914894 3 0.773515 4 0.682778 5 0.657165 6 0.591188 7 0.673885 8 0.695215 9 0.837259 10 2.920146 
signalregion_dilepton_inclusive up_lf 0 1.000000 3 0.959728 4 0.963233 5 0.980824 6 0.991275 7 1.056768 8 1.012313 9 1.307879 10 1.506199 
signalregion_dilepton_inclusive up_lfstats1 0 1.000000 3 1.041929 4 1.042632 5 1.047654 6 1.043053 7 1.093081 8 1.041475 9 1.345915 10 1.427915 
signalregion_dilepton_inclusive up_lfstats2 0 1.000000 3 1.051022 4 1.054397 5 1.062564 6 1.061379 7 1.113111 8 1.067812 9 1.376649 10 1.457000 
signalregion_dilepton_me central 0 1.000000 3 1.096405 4 1.115001 5 1.131374 6 1.149472 7 1.245264 8 1.124806 9 1.915196 10 0.695574 
signalregion_dilepton_me down_cferr1 0 1.000000 3 1.041463 4 1.027047 5 1.017496 6 1.022590 7 1.109199 8 0.986934 9 1.756735 10 0.615049 
signalregion_dilepton_me down_cferr2 0 1.000000 3 1.074486 4 1.077645 5 1.081536 6 1.093225 7 1.181231 8 1.062000 9 1.831001 10 0.707222 
signalregion_dilepton_me down_hf 0 1.000000 3 1.096456 4 1.134694 5 1.173727 6 1.202583 7 1.383760 8 1.216251 9 2.384667 10 0.726653 
signalregion_dilepton_me down_hfstats1 0 1.000000 3 1.077367 4 1.094324 5 1.109662 6 1.126403 7 1.221272 8 1.103437 9 1.854625 10 0.683169 
signalregion_dilepton_me down_hfstats2 0 1.000000 3 1.103723 4 1.123546 5 1.141817 6 1.161016 7 1.260927 8 1.140343 9 1.939354 10 0.709843 
signalregion_dilepton_me down_jes 0 1.000000 2 1.105183 3 1.118888 4 1.141651 5 1.175241 6 1.187748 7 1.328441 8 1.281828 9 1.692496 
signalregion_dilepton_me down_jesAbsolute 0 1.000000 2 0.901857 3 0.774452 4 0.684340 5 0.623839 6 0.578634 7 0.776749 8 0.619303 9 1.179906 
signalregion_dilepton_me down_jesAbsolute_2018 0 1.000000 2 0.858850 3 0.770411 4 0.678433 5 0.615298 6 0.590341 7 0.770894 8 0.606672 9 1.177775 
signalregion_dilepton_me down_jesBBEC1 0 1.000000 2 0.592981 3 0.771900 4 0.677463 5 0.615692 6 0.593579 7 0.750222 8 0.611148 9 1.173500 
signalregion_dilepton_me down_jesBBEC1_2018 0 1.000000 2 0.977009 3 0.767547 4 0.674036 5 0.613207 6 0.583320 7 0.778539 8 0.564160 9 1.157964 
signalregion_dilepton_me down_jesEC2 0 1.000000 3 0.766391 4 0.675460 5 0.610378 6 0.591984 7 0.758092 8 0.522801 9 1.428392 10 0.000000 
signalregion_dilepton_me down_jesEC2_2018 0 1.000000 3 0.766443 4 0.675358 5 0.610135 6 0.592010 7 0.757831 8 0.521489 9 1.429324 10 0.000000 
signalregion_dilepton_me down_jesFlavorQCD 0 1.000000 2 1.118776 3 1.106518 4 1.127877 5 1.149063 6 1.170635 7 1.289186 8 1.160716 9 1.727058 
signalregion_dilepton_me down_jesHF 0 1.000000 3 0.766084 4 0.674993 5 0.609707 6 0.591774 7 0.756317 8 0.521273 9 1.421691 10 0.000000 
signalregion_dilepton_me down_jesHF_2018 0 1.000000 3 0.765912 4 0.674921 5 0.609654 6 0.591623 7 0.756675 8 0.521040 9 1.428540 10 0.000000 
signalregion_dilepton_me down_jesRelativeBal 0 1.000000 3 1.089416 4 1.103839 5 1.128509 6 1.135932 7 1.215747 8 1.125980 9 1.860212 10 0.700594 
signalregion_dilepton_me down_jesRelativeSample_2018 0 1.000000 3 0.751666 4 0.670870 5 0.615501 6 0.546071 7 0.733135 8 0.507646 9 1.357963 10 0.000000 
signalregion_dilepton_me down_lf 0 1.000000 3 1.242989 4 1.271909 5 1.301055 6 1.327115 7 1.422295 8 1.243031 9 2.448778 10 0.787937 
signalregion_dilepton_me down_lfstats1 0 1.000000 3 1.146670 4 1.189024 5 1.232742 6 1.275720 7 1.415422 8 1.307528 9 2.332541 10 0.845037 
signalregion_dilepton_me down_lfstats2 0 1.000000 3 1.136908 4 1.176078 5 1.215723 6 1.253607 7 1.393888 8 1.275484 9 2.293738 10 0.814113 
signalregion_dilepton_me up_cferr1 0 1.000000 3 1.177701 4 1.237852 5 1.292841 6 1.348644 7 1.448704 8 1.315652 9 2.101760 10 0.899583 
signalregion_dilepton_me up_cferr2 0 1.000000 3 1.146522 4 1.189512 5 1.230039 6 1.268721 7 1.368773 8 1.242305 9 2.032646 10 0.812976 
signalregion_dilepton_me up_hf 0 1.000000 3 1.086813 4 1.084320 5 1.077823 6 1.083565 7 1.098738 8 1.015662 9 1.531955 10 0.649685 
signalregion_dilepton_me up_hfstats1 0 1.000000 3 1.117238 4 1.137664 5 1.155204 6 1.174715 7 1.271127 8 1.146998 9 1.984640 10 0.708557 
signalregion_dilepton_me up_hfstats2 0 1.000000 3 1.090907 4 1.108482 5 1.123132 6 1.140245 7 1.231816 8 1.110298 9 1.896610 10 0.682286 
signalregion_dilepton_me up_jes 0 1.000000 3 1.067894 4 1.081686 5 1.096702 6 1.106999 7 1.139156 8 1.095233 9 1.629607 10 0.710665 
signalregion_dilepton_me up_jesAbsolute 0 1.000000 3 0.756361 4 0.671057 5 0.607329 6 0.573996 7 0.739100 8 0.482145 9 1.356595 10 0.000000 
signalregion_dilepton_me up_jesAbsolute_2018 0 1.000000 3 0.759023 4 0.677257 5 0.605894 6 0.582688 7 0.735068 8 0.521277 9 1.378156 10 0.000000 
signalregion_dilepton_me up_jesBBEC1 0 1.000000 3 0.763881 4 0.675193 5 0.607346 6 0.574140 7 0.737348 8 0.522782 9 1.391017 10 0.000000 
signalregion_dilepton_me up_jesBBEC1_2018 0 1.000000 3 0.764427 4 0.672589 5 0.615864 6 0.575925 7 0.742077 8 0.564444 9 1.409985 10 0.000000 
signalregion_dilepton_me up_jesEC2 0 1.000000 3 0.765455 4 0.674334 5 0.608948 6 0.590901 7 0.754848 8 0.518714 9 1.424211 10 0.000000 
signalregion_dilepton_me up_jesEC2_2018 0 1.000000 3 0.765366 4 0.674385 5 0.609319 6 0.590857 7 0.755579 8 0.520103 9 1.425131 10 0.000000 
signalregion_dilepton_me up_jesFlavorQCD 0 1.000000 3 1.084717 4 1.099392 5 1.120755 6 1.133746 7 1.193941 8 1.141225 9 1.870457 10 0.699672 
signalregion_dilepton_me up_jesHF 0 1.000000 3 0.765655 4 0.674622 5 0.609379 6 0.591605 7 0.755724 8 0.521347 9 1.434781 10 0.000000 
signalregion_dilepton_me up_jesHF_2018 0 1.000000 3 0.765795 4 0.674850 5 0.609489 6 0.591410 7 0.756459 8 0.521166 9 1.437791 10 0.000000 
signalregion_dilepton_me up_jesRelativeBal 0 1.000000 2 1.145709 3 1.101157 4 1.122622 5 1.145036 6 1.159108 7 1.274098 8 1.154284 9 1.716886 
signalregion_dilepton_me up_jesRelativeSample_2018 0 1.000000 2 0.855949 3 0.775799 4 0.686974 5 0.629874 6 0.592525 7 0.790926 8 0.714542 9 1.046573 
signalregion_dilepton_me up_lf 0 1.000000 3 0.959650 4 0.966925 5 0.972706 6 0.981039 7 1.070061 8 0.995861 9 1.479952 10 0.606965 
signalregion_dilepton_me up_lfstats1 0 1.000000 3 1.048839 4 1.046554 5 1.039228 6 1.036586 7 1.096026 8 0.967855 9 1.596019 10 0.571854 
signalregion_dilepton_me up_lfstats2 0 1.000000 3 1.058068 4 1.058315 5 1.054056 6 1.054975 7 1.113349 8 0.991868 9 1.625949 10 0.593637 
signalregion_dilepton_minus central 0 1.000000 3 1.090683 4 1.111965 5 1.143473 6 1.138451 7 1.259795 8 1.298606 9 1.430441 10 1.739891 
signalregion_dilepton_minus down_cferr1 0 1.000000 3 1.027232 4 1.026749 5 1.031777 6 0.997617 7 1.064931 8 1.128527 9 1.198962 10 1.699629 
signalregion_dilepton_minus down_cferr2 0 1.000000 3 1.064000 4 1.075095 5 1.093723 6 1.075233 7 1.165457 8 1.226739 9 1.312216 10 1.745715 
signalregion_dilepton_minus down_hf 0 1.000000 3 1.090115 4 1.129721 5 1.186078 6 1.172700 7 1.349774 8 1.410289 9 1.691193 10 2.028182 
signalregion_dilepton_minus down_hfstats1 0 1.000000 3 1.072037 4 1.090950 5 1.121857 6 1.116553 7 1.234141 8 1.267599 9 1.410146 10 1.670976 
signalregion_dilepton_minus down_hfstats2 0 1.000000 3 1.098040 4 1.120903 5 1.153850 6 1.150182 7 1.273987 8 1.314307 9 1.441564 10 1.805978 
signalregion_dilepton_minus down_jes 0 1.000000 2 1.094863 3 1.113945 4 1.138713 5 1.188148 6 1.160890 7 1.343565 8 1.444305 9 0.787580 10 2.856165 
signalregion_dilepton_minus down_jesAbsolute 0 1.000000 2 0.851917 3 0.755048 4 0.685045 5 0.650308 6 0.519319 7 0.656213 8 0.645256 9 0.618395 10 2.888375 
signalregion_dilepton_minus down_jesAbsolute_2018 0 1.000000 2 0.866479 3 0.749914 4 0.682809 5 0.640833 6 0.531955 7 0.646414 8 0.634064 9 0.605273 10 2.868062 
signalregion_dilepton_minus down_jesBBEC1 0 1.000000 2 0.838907 3 0.749020 4 0.683387 5 0.636061 6 0.543455 7 0.635713 8 0.631361 9 0.606042 10 2.806033 
signalregion_dilepton_minus down_jesBBEC1_2018 0 1.000000 2 1.162167 3 0.745534 4 0.681151 5 0.634375 6 0.536057 7 0.635119 8 0.632918 9 0.597129 10 2.791924 
signalregion_dilepton_minus down_jesEC2 0 1.000000 3 0.746035 4 0.679978 5 0.633369 6 0.541992 7 0.632312 8 0.602913 9 0.739346 10 1.387892 
signalregion_dilepton_minus down_jesEC2_2018 0 1.000000 3 0.745999 4 0.679828 5 0.633194 6 0.541689 7 0.632755 8 0.602476 9 0.736719 10 1.377106 
signalregion_dilepton_minus down_jesFlavorQCD 0 1.000000 2 1.122061 3 1.100122 4 1.124274 5 1.161825 6 1.147714 7 1.297923 8 1.368475 9 1.201281 10 2.858707 
signalregion_dilepton_minus down_jesHF 0 1.000000 3 0.745717 4 0.679570 5 0.632847 6 0.541365 7 0.630545 8 0.601175 9 0.737969 10 1.381951 
signalregion_dilepton_minus down_jesHF_2018 0 1.000000 3 0.745597 4 0.679429 5 0.632852 6 0.541283 7 0.631086 8 0.602389 9 0.738718 10 1.387830 
signalregion_dilepton_minus down_jesRelativeBal 0 1.000000 2 0.949751 3 1.082151 4 1.101821 5 1.135052 6 1.131211 7 1.239886 8 1.279414 9 1.403930 10 1.747408 
signalregion_dilepton_minus down_jesRelativeSample_2018 0 1.000000 3 0.735425 4 0.672403 5 0.617276 6 0.522128 7 0.574185 8 0.597881 9 0.695660 10 1.304464 
signalregion_dilepton_minus down_lf 0 1.000000 3 1.232105 4 1.271052 5 1.309463 6 1.302541 7 1.457817 8 1.536469 9 1.638470 10 1.984800 
signalregion_dilepton_minus down_lfstats1 0 1.000000 3 1.140829 4 1.186214 5 1.245511 6 1.261758 7 1.426190 8 1.504942 9 1.733672 10 2.106732 
signalregion_dilepton_minus down_lfstats2 0 1.000000 3 1.131151 4 1.173080 5 1.228417 6 1.239565 7 1.401366 8 1.472240 9 1.683693 10 2.069153 
signalregion_dilepton_minus up_cferr1 0 1.000000 3 1.181908 4 1.231552 5 1.302622 6 1.359005 7 1.558966 8 1.555884 9 1.706981 10 1.841896 
signalregion_dilepton_minus up_cferr2 0 1.000000 3 1.147033 4 1.185498 5 1.241274 6 1.269758 7 1.437401 8 1.449019 9 1.600792 10 1.798592 
signalregion_dilepton_minus up_hf 0 1.000000 3 1.082102 4 1.082702 5 1.088027 6 1.087047 7 1.149130 8 1.167660 9 1.166867 10 1.460389 
signalregion_dilepton_minus up_hfstats1 0 1.000000 3 1.111071 4 1.135022 5 1.167104 6 1.162305 7 1.287663 8 1.332634 9 1.452147 10 1.813581 
signalregion_dilepton_minus up_hfstats2 0 1.000000 3 1.085081 4 1.105097 5 1.135190 6 1.128910 7 1.248044 8 1.286024 9 1.420757 10 1.679233 
signalregion_dilepton_minus up_jes 0 1.000000 3 1.061094 4 1.080125 5 1.101841 6 1.099877 7 1.173750 8 1.226960 9 1.347805 10 1.633855 
signalregion_dilepton_minus up_jesAbsolute 0 1.000000 3 0.739964 4 0.671790 5 0.627664 6 0.526870 7 0.579523 8 0.611701 9 0.701980 10 1.354805 
signalregion_dilepton_minus up_jesAbsolute_2018 0 1.000000 3 0.743371 4 0.676991 5 0.627015 6 0.533920 7 0.602920 8 0.616924 9 0.707789 10 1.354538 
signalregion_dilepton_minus up_jesBBEC1 0 1.000000 3 0.744729 4 0.677351 5 0.628874 6 0.531041 7 0.616946 8 0.621757 9 0.718747 10 1.367040 
signalregion_dilepton_minus up_jesBBEC1_2018 0 1.000000 3 0.744965 4 0.677399 5 0.632739 6 0.532510 7 0.627245 8 0.602981 9 0.736901 10 1.380489 
signalregion_dilepton_minus up_jesEC2 0 1.000000 3 0.745112 4 0.678949 5 0.632124 6 0.540725 7 0.630048 8 0.599614 9 0.740128 10 1.374932 
signalregion_dilepton_minus up_jesEC2_2018 0 1.000000 3 0.745026 4 0.679052 5 0.632414 6 0.540798 7 0.630165 8 0.599991 9 0.741445 10 1.384709 
signalregion_dilepton_minus up_jesFlavorQCD 0 1.000000 3 1.078645 4 1.098115 5 1.128137 6 1.124984 7 1.226339 8 1.277421 9 1.385492 10 1.700099 
signalregion_dilepton_minus up_jesHF 0 1.000000 3 0.745282 4 0.679195 5 0.632505 6 0.541197 7 0.630731 8 0.602037 9 0.742018 10 1.385571 
signalregion_dilepton_minus up_jesHF_2018 0 1.000000 3 0.745439 4 0.679413 5 0.632651 6 0.541190 7 0.631089 8 0.601334 9 0.743112 10 1.385429 
signalregion_dilepton_minus up_jesRelativeBal 0 1.000000 2 1.105332 3 1.096332 4 1.123641 5 1.151580 6 1.145382 7 1.282777 8 1.341277 9 1.178333 10 2.785842 
signalregion_dilepton_minus up_jesRelativeSample_2018 0 1.000000 2 0.839863 3 0.756601 4 0.690520 5 0.650721 6 0.531643 7 0.667870 8 0.723189 9 0.000000 10 2.920146 
signalregion_dilepton_minus up_lf 0 1.000000 3 0.958816 4 0.963327 5 0.986983 6 0.980956 7 1.071172 8 1.078793 9 1.220209 10 1.506199 
signalregion_dilepton_minus up_lfstats1 0 1.000000 3 1.043340 4 1.043223 5 1.050533 6 1.027719 7 1.112762 8 1.121289 9 1.181434 10 1.427915 
signalregion_dilepton_minus up_lfstats2 0 1.000000 3 1.052488 4 1.055184 5 1.065421 6 1.046296 7 1.132776 8 1.146327 9 1.216373 10 1.457000 
signalregion_dilepton_mm central 0 1.000000 
signalregion_dilepton_mm down_cferr1 0 1.000000 
signalregion_dilepton_mm down_cferr2 0 1.000000 
signalregion_dilepton_mm down_hf 0 1.000000 
signalregion_dilepton_mm down_hfstats1 0 1.000000 
signalregion_dilepton_mm down_hfstats2 0 1.000000 
signalregion_dilepton_mm down_jes 0 1.000000 
signalregion_dilepton_mm down_jesAbsolute 0 1.000000 
signalregion_dilepton_mm down_jesAbsolute_2018 0 1.000000 
signalregion_dilepton_mm down_jesBBEC1 0 1.000000 
signalregion_dilepton_mm down_jesBBEC1_2018 0 1.000000 
signalregion_dilepton_mm down_jesEC2 0 1.000000 
signalregion_dilepton_mm down_jesEC2_2018 0 1.000000 
signalregion_dilepton_mm down_jesFlavorQCD 0 1.000000 
signalregion_dilepton_mm down_jesHF 0 1.000000 
signalregion_dilepton_mm down_jesHF_2018 0 1.000000 
signalregion_dilepton_mm down_jesRelativeBal 0 1.000000 
signalregion_dilepton_mm down_jesRelativeSample_2018 0 1.000000 
signalregion_dilepton_mm down_lf 0 1.000000 
signalregion_dilepton_mm down_lfstats1 0 1.000000 
signalregion_dilepton_mm down_lfstats2 0 1.000000 
signalregion_dilepton_mm up_cferr1 0 1.000000 
signalregion_dilepton_mm up_cferr2 0 1.000000 
signalregion_dilepton_mm up_hf 0 1.000000 
signalregion_dilepton_mm up_hfstats1 0 1.000000 
signalregion_dilepton_mm up_hfstats2 0 1.000000 
signalregion_dilepton_mm up_jes 0 1.000000 
signalregion_dilepton_mm up_jesAbsolute 0 1.000000 
signalregion_dilepton_mm up_jesAbsolute_2018 0 1.000000 
signalregion_dilepton_mm up_jesBBEC1 0 1.000000 
signalregion_dilepton_mm up_jesBBEC1_2018 0 1.000000 
signalregion_dilepton_mm up_jesEC2 0 1.000000 
signalregion_dilepton_mm up_jesEC2_2018 0 1.000000 
signalregion_dilepton_mm up_jesFlavorQCD 0 1.000000 
signalregion_dilepton_mm up_jesHF 0 1.000000 
signalregion_dilepton_mm up_jesHF_2018 0 1.000000 
signalregion_dilepton_mm up_jesRelativeBal 0 1.000000 
signalregion_dilepton_mm up_jesRelativeSample_2018 0 1.000000 
signalregion_dilepton_mm up_lf 0 1.000000 
signalregion_dilepton_mm up_lfstats1 0 1.000000 
signalregion_dilepton_mm up_lfstats2 0 1.000000 
signalregion_dilepton_plus central 0 1.000000 3 1.087786 4 1.108656 5 1.135587 6 1.183738 7 1.214944 8 1.095309 9 2.001987 
signalregion_dilepton_plus down_cferr1 0 1.000000 3 1.030519 4 1.021125 5 1.030754 6 1.085520 7 1.075162 8 0.953946 9 2.001987 
signalregion_dilepton_plus down_cferr2 0 1.000000 3 1.063464 4 1.071626 5 1.089164 6 1.139108 7 1.154058 8 1.027015 9 2.001987 
signalregion_dilepton_plus down_hf 0 1.000000 3 1.091540 4 1.125563 5 1.170787 6 1.263926 7 1.316046 8 1.170643 9 2.492046 
signalregion_dilepton_plus down_hfstats1 0 1.000000 3 1.070558 4 1.088354 5 1.112895 6 1.159260 7 1.190849 8 1.064074 9 1.914109 
signalregion_dilepton_plus down_hfstats2 0 1.000000 3 1.094801 4 1.117312 5 1.145960 6 1.196420 7 1.228724 8 1.104277 9 2.042407 
signalregion_dilepton_plus down_jes 0 1.000000 2 1.051053 3 1.109487 4 1.133682 5 1.175113 6 1.247904 7 1.266855 8 1.129486 9 2.159898 
signalregion_dilepton_plus down_jesAbsolute 0 1.000000 2 0.968807 3 0.789921 4 0.676855 5 0.641181 6 0.666976 7 0.675050 8 0.645638 9 2.040630 
signalregion_dilepton_plus down_jesAbsolute_2018 0 1.000000 2 0.939218 3 0.789588 4 0.671417 5 0.641881 6 0.665039 7 0.657587 8 0.657328 9 2.060918 
signalregion_dilepton_plus down_jesBBEC1 0 1.000000 2 0.915027 3 0.790538 4 0.670241 5 0.644350 6 0.661262 7 0.650860 8 0.641168 9 2.044050 
signalregion_dilepton_plus down_jesBBEC1_2018 0 1.000000 2 0.937294 3 0.789147 4 0.666756 5 0.641860 6 0.654758 7 0.652404 8 0.613417 9 2.017717 
signalregion_dilepton_plus down_jesEC2 0 1.000000 3 0.788765 4 0.668899 5 0.638067 6 0.657858 7 0.639091 8 0.613057 9 1.992199 
signalregion_dilepton_plus down_jesEC2_2018 0 1.000000 3 0.788687 4 0.668781 5 0.637735 6 0.657768 7 0.638210 8 0.613078 9 2.001923 
signalregion_dilepton_plus down_jesFlavorQCD 0 1.000000 2 1.072467 3 1.096083 4 1.119850 5 1.148371 6 1.217698 7 1.238032 8 1.114031 9 2.071328 
signalregion_dilepton_plus down_jesHF 0 1.000000 3 0.788446 4 0.668423 5 0.637274 6 0.657442 7 0.637991 8 0.613610 9 1.986350 
signalregion_dilepton_plus down_jesHF_2018 0 1.000000 3 0.788340 4 0.668309 5 0.637225 6 0.657679 7 0.638187 8 0.612873 9 1.996844 
signalregion_dilepton_plus down_jesRelativeBal 0 1.000000 3 1.082278 4 1.098443 5 1.124035 6 1.170748 7 1.189391 8 1.138913 9 1.966735 
signalregion_dilepton_plus down_jesRelativeSample_2018 0 1.000000 3 0.780287 4 0.654903 5 0.623582 6 0.639363 7 0.651036 8 0.541261 9 1.951449 
signalregion_dilepton_plus down_lf 0 1.000000 3 1.222170 4 1.263489 5 1.309788 6 1.378013 7 1.394630 8 1.301241 9 2.700549 
signalregion_dilepton_plus down_lfstats1 0 1.000000 3 1.138115 4 1.180528 5 1.236332 6 1.321089 7 1.377196 8 1.302954 9 2.458274 
signalregion_dilepton_plus down_lfstats2 0 1.000000 3 1.128526 4 1.167888 5 1.219333 6 1.299626 7 1.352259 8 1.263914 9 2.433394 
signalregion_dilepton_plus up_cferr1 0 1.000000 3 1.168360 4 1.232928 5 1.286421 6 1.337848 7 1.438579 8 1.286579 9 2.001987 
signalregion_dilepton_plus up_cferr2 0 1.000000 3 1.137140 4 1.184299 5 1.228016 6 1.281042 7 1.343619 8 1.213397 9 2.001987 
signalregion_dilepton_plus up_hf 0 1.000000 3 1.075305 4 1.080616 5 1.088337 6 1.095100 7 1.096794 8 1.012782 9 1.668504 
signalregion_dilepton_plus up_hfstats1 0 1.000000 3 1.106574 4 1.130887 5 1.160614 6 1.210845 7 1.240975 8 1.129410 9 2.104187 
signalregion_dilepton_plus up_hfstats2 0 1.000000 3 1.082381 4 1.101982 5 1.127580 6 1.173722 7 1.203323 8 1.088317 9 1.969472 
signalregion_dilepton_plus up_jes 0 1.000000 3 1.066261 4 1.076852 5 1.095268 6 1.140324 7 1.131957 8 1.126707 9 1.401147 
signalregion_dilepton_plus up_jesAbsolute 0 1.000000 3 0.779215 4 0.662118 5 0.625642 6 0.651625 7 0.648011 8 0.475799 9 1.912260 
signalregion_dilepton_plus up_jesAbsolute_2018 0 1.000000 3 0.784753 4 0.664386 5 0.629081 6 0.656439 7 0.623514 8 0.597407 9 1.950264 
signalregion_dilepton_plus up_jesBBEC1 0 1.000000 3 0.784835 4 0.664236 5 0.636530 6 0.652748 7 0.625848 8 0.604965 9 1.961572 
signalregion_dilepton_plus up_jesBBEC1_2018 0 1.000000 3 0.786741 4 0.666218 5 0.638403 6 0.654732 7 0.628829 8 0.642460 9 1.965387 
signalregion_dilepton_plus up_jesEC2 0 1.000000 3 0.787937 4 0.667793 5 0.636411 6 0.656271 7 0.637132 8 0.612724 9 1.988416 
signalregion_dilepton_plus up_jesEC2_2018 0 1.000000 3 0.787925 4 0.667840 5 0.636742 6 0.656740 7 0.638391 8 0.611399 9 1.987611 
signalregion_dilepton_plus up_jesFlavorQCD 0 1.000000 3 1.079412 4 1.096576 5 1.117452 6 1.166103 7 1.171567 8 1.140834 9 1.990143 
signalregion_dilepton_plus up_jesHF 0 1.000000 3 0.788046 4 0.668111 5 0.637067 6 0.657028 7 0.637242 8 0.612165 9 2.004723 
signalregion_dilepton_plus up_jesHF_2018 0 1.000000 3 0.788211 4 0.668245 5 0.637274 6 0.657339 7 0.637895 8 0.612213 9 2.007030 
signalregion_dilepton_plus up_jesRelativeBal 0 1.000000 2 1.147102 3 1.092543 4 1.114301 5 1.151531 6 1.192423 7 1.238320 8 1.099590 9 2.067073 
signalregion_dilepton_plus up_jesRelativeSample_2018 0 1.000000 2 1.005449 3 0.793005 4 0.673766 5 0.665145 6 0.664575 7 0.680425 8 0.647875 9 2.093147 
signalregion_dilepton_plus up_lf 0 1.000000 3 0.960781 4 0.963123 5 0.973425 6 1.004325 7 1.041324 8 0.914808 9 1.483217 
signalregion_dilepton_plus up_lfstats1 0 1.000000 3 1.040299 4 1.041938 5 1.044194 6 1.062446 7 1.071976 8 0.924414 9 1.674876 
signalregion_dilepton_plus up_lfstats2 0 1.000000 3 1.049329 4 1.053472 5 1.059130 6 1.080456 7 1.092025 8 0.952657 9 1.697201 
signalregion_trilepton central 0 1.000000 2 1.058448 3 1.164858 4 1.141743 5 1.049298 
signalregion_trilepton down_cferr1 0 1.000000 2 0.975564 3 1.081264 4 1.013694 5 1.049298 
signalregion_trilepton down_cferr2 0 1.000000 2 1.017945 3 1.134857 4 1.100015 5 1.049298 
signalregion_trilepton down_hf 0 1.000000 2 1.066591 3 1.154151 4 1.137423 5 1.096956 
signalregion_trilepton down_hfstats1 0 1.000000 2 1.052331 3 1.139605 4 1.120494 5 1.040004 
signalregion_trilepton down_hfstats2 0 1.000000 2 1.064863 3 1.177029 4 1.152828 5 1.061631 
signalregion_trilepton down_jes 0 1.000000 2 1.068241 3 1.184422 4 1.158713 5 1.064244 
signalregion_trilepton down_jesAbsolute 0 1.000000 2 0.745589 3 0.727526 4 0.600708 5 1.061464 
signalregion_trilepton down_jesAbsolute_2018 0 1.000000 2 0.740547 3 0.726648 4 0.598227 5 1.054364 
signalregion_trilepton down_jesBBEC1 0 1.000000 2 0.746634 3 0.729390 4 0.599016 5 1.052601 
signalregion_trilepton down_jesBBEC1_2018 0 1.000000 2 0.743460 3 0.729187 4 0.597489 5 1.050005 
signalregion_trilepton down_jesEC2 0 1.000000 2 0.742709 3 0.728540 4 0.595346 5 1.050721 
signalregion_trilepton down_jesEC2_2018 0 1.000000 2 0.743512 3 0.728892 4 0.596247 5 1.050191 
signalregion_trilepton down_jesFlavorQCD 0 1.000000 2 1.055031 3 1.171081 4 1.147153 5 1.058876 
signalregion_trilepton down_jesHF 0 1.000000 2 0.742804 3 0.729277 4 0.595360 5 1.052399 
signalregion_trilepton down_jesHF_2018 0 1.000000 2 0.742428 3 0.729183 4 0.595051 5 1.050697 
signalregion_trilepton down_jesRelativeBal 0 1.000000 2 1.042437 3 1.160695 4 1.128131 5 1.058478 
signalregion_trilepton down_jesRelativeSample_2018 0 1.000000 2 0.726219 3 0.728202 4 0.580238 5 1.057583 
signalregion_trilepton down_lf 0 1.000000 2 1.102430 3 1.322962 4 1.274118 5 1.118768 
signalregion_trilepton down_lfstats1 0 1.000000 2 1.091044 3 1.222200 4 1.212907 5 1.146452 
signalregion_trilepton down_lfstats2 0 1.000000 2 1.085552 3 1.211601 4 1.200145 5 1.134078 
signalregion_trilepton up_cferr1 0 1.000000 2 1.165646 3 1.295935 4 1.335879 5 1.049298 
signalregion_trilepton up_cferr2 0 1.000000 2 1.125397 3 1.242835 4 1.249904 5 1.049298 
signalregion_trilepton up_hf 0 1.000000 2 1.044413 3 1.164665 4 1.132119 5 0.985179 
signalregion_trilepton up_hfstats1 0 1.000000 2 1.064860 3 1.192932 4 1.164436 5 1.059976 
signalregion_trilepton up_hfstats2 0 1.000000 2 1.052487 3 1.155205 4 1.131978 5 1.038781 
signalregion_trilepton up_jes 0 1.000000 2 1.026443 3 1.192902 4 1.086430 5 1.037840 
signalregion_trilepton up_jesAbsolute 0 1.000000 2 0.729277 3 0.713523 4 0.627916 5 1.039762 
signalregion_trilepton up_jesAbsolute_2018 0 1.000000 2 0.735571 3 0.738998 4 0.591762 5 1.047918 
signalregion_trilepton up_jesBBEC1 0 1.000000 2 0.738358 3 0.728590 4 0.592389 5 1.049898 
signalregion_trilepton up_jesBBEC1_2018 0 1.000000 2 0.740660 3 0.727549 4 0.594105 5 1.054121 
signalregion_trilepton up_jesEC2 0 1.000000 2 0.742377 3 0.728401 4 0.594452 5 1.050338 
signalregion_trilepton up_jesEC2_2018 0 1.000000 2 0.741214 3 0.728759 4 0.593755 5 1.051274 
signalregion_trilepton up_jesFlavorQCD 0 1.000000 2 1.043313 3 1.185641 4 1.123094 5 1.033413 
signalregion_trilepton up_jesHF 0 1.000000 2 0.743017 3 0.729893 4 0.594997 5 1.050039 
signalregion_trilepton up_jesHF_2018 0 1.000000 2 0.742613 3 0.729182 4 0.595287 5 1.049872 
signalregion_trilepton up_jesRelativeBal 0 1.000000 2 1.056852 3 1.170943 4 1.150212 5 1.050839 
signalregion_trilepton up_jesRelativeSample_2018 0 1.000000 2 0.736785 3 0.735354 4 0.610669 5 1.051296 
signalregion_trilepton up_lf 0 1.000000 2 1.014009 3 1.017973 4 1.011681 5 0.971096 
signalregion_trilepton up_lfstats1 0 1.000000 2 1.026874 3 1.111006 4 1.075166 5 0.960854 
signalregion_trilepton up_lfstats2 0 1.000000 2 1.032031 3 1.120813 4 1.086586 5 0.971609 
trileptoncontrolregion central 0 1.000000 3 1.537899 
trileptoncontrolregion down_cferr1 0 1.000000 3 1.618188 
trileptoncontrolregion down_cferr2 0 1.000000 3 1.658632 
trileptoncontrolregion down_hf 0 1.000000 3 1.533908 
trileptoncontrolregion down_hfstats1 0 1.000000 3 1.500089 
trileptoncontrolregion down_hfstats2 0 1.000000 3 1.537916 
trileptoncontrolregion down_jes 0 1.000000 3 1.555685 
trileptoncontrolregion down_jesAbsolute 0 1.000000 3 0.000000 
trileptoncontrolregion down_jesAbsolute_2018 0 1.000000 3 0.000000 
trileptoncontrolregion down_jesBBEC1 0 1.000000 3 0.000000 
trileptoncontrolregion down_jesBBEC1_2018 0 1.000000 3 0.000000 
trileptoncontrolregion down_jesEC2 0 1.000000 3 0.000000 
trileptoncontrolregion down_jesEC2_2018 0 1.000000 3 0.000000 
trileptoncontrolregion down_jesFlavorQCD 0 1.000000 3 1.513561 
trileptoncontrolregion down_jesHF 0 1.000000 3 0.000000 
trileptoncontrolregion down_jesHF_2018 0 1.000000 3 0.000000 
trileptoncontrolregion down_jesRelativeBal 0 1.000000 3 1.508573 
trileptoncontrolregion down_jesRelativeSample_2018 0 1.000000 3 0.000000 
trileptoncontrolregion down_lf 0 1.000000 3 1.925181 
trileptoncontrolregion down_lfstats1 0 1.000000 3 1.598233 
trileptoncontrolregion down_lfstats2 0 1.000000 3 1.585252 
trileptoncontrolregion up_cferr1 0 1.000000 3 1.608594 
trileptoncontrolregion up_cferr2 0 1.000000 3 1.569487 
trileptoncontrolregion up_hf 0 1.000000 3 1.538743 
trileptoncontrolregion up_hfstats1 0 1.000000 3 1.581824 
trileptoncontrolregion up_hfstats2 0 1.000000 3 1.544232 
trileptoncontrolregion up_jes 0 1.000000 3 1.463690 
trileptoncontrolregion up_jesAbsolute 0 1.000000 3 0.000000 
trileptoncontrolregion up_jesAbsolute_2018 0 1.000000 3 0.000000 
trileptoncontrolregion up_jesBBEC1 0 1.000000 3 0.000000 
trileptoncontrolregion up_jesBBEC1_2018 0 1.000000 3 0.000000 
trileptoncontrolregion up_jesEC2 0 1.000000 3 0.000000 
trileptoncontrolregion up_jesEC2_2018 0 1.000000 3 0.000000 
trileptoncontrolregion up_jesFlavorQCD 0 1.000000 3 1.492275 
trileptoncontrolregion up_jesHF 0 1.000000 3 0.000000 
trileptoncontrolregion up_jesHF_2018 0 1.000000 3 0.000000 
trileptoncontrolregion up_jesRelativeBal 0 1.000000 3 1.563915 
trileptoncontrolregion up_jesRelativeSample_2018 0 1.000000 3 0.000000 
trileptoncontrolregion up_lf 0 1.000000 3 1.199407 
trileptoncontrolregion up_lfstats1 0 1.000000 3 1.481928 
trileptoncontrolregion up_lfstats2 0 1.000000 3 1.494991 
wzcontrolregion central 0 1.000000 3 1.537899 
wzcontrolregion down_cferr1 0 1.000000 3 1.618188 
wzcontrolregion down_cferr2 0 1.000000 3 1.658632 
wzcontrolregion down_hf 0 1.000000 3 1.533908 
wzcontrolregion down_hfstats1 0 1.000000 3 1.500089 
wzcontrolregion down_hfstats2 0 1.000000 3 1.537916 
wzcontrolregion down_jes 0 1.000000 3 1.555685 
wzcontrolregion down_jesAbsolute 0 1.000000 3 0.000000 
wzcontrolregion down_jesAbsolute_2018 0 1.000000 3 0.000000 
wzcontrolregion down_jesBBEC1 0 1.000000 3 0.000000 
wzcontrolregion down_jesBBEC1_2018 0 1.000000 3 0.000000 
wzcontrolregion down_jesEC2 0 1.000000 3 0.000000 
wzcontrolregion down_jesEC2_2018 0 1.000000 3 0.000000 
wzcontrolregion down_jesFlavorQCD 0 1.000000 3 1.513561 
wzcontrolregion down_jesHF 0 1.000000 3 0.000000 
wzcontrolregion down_jesHF_2018 0 1.000000 3 0.000000 
wzcontrolregion down_jesRelativeBal 0 1.000000 3 1.508573 
wzcontrolregion down_jesRelativeSample_2018 0 1.000000 3 0.000000 
wzcontrolregion down_lf 0 1.000000 3 1.925181 
wzcontrolregion down_lfstats1 0 1.000000 3 1.598233 
wzcontrolregion down_lfstats2 0 1.000000 3 1.585252 
wzcontrolregion up_cferr1 0 1.000000 3 1.608594 
wzcontrolregion up_cferr2 0 1.000000 3 1.569487 
wzcontrolregion up_hf 0 1.000000 3 1.538743 
wzcontrolregion up_hfstats1 0 1.000000 3 1.581824 
wzcontrolregion up_hfstats2 0 1.000000 3 1.544232 
wzcontrolregion up_jes 0 1.000000 3 1.463690 
wzcontrolregion up_jesAbsolute 0 1.000000 3 0.000000 
wzcontrolregion up_jesAbsolute_2018 0 1.000000 3 0.000000 
wzcontrolregion up_jesBBEC1 0 1.000000 3 0.000000 
wzcontrolregion up_jesBBEC1_2018 0 1.000000 3 0.000000 
wzcontrolregion up_jesEC2 0 1.000000 3 0.000000 
wzcontrolregion up_jesEC2_2018 0 1.000000 3 0.000000 
wzcontrolregion up_jesFlavorQCD 0 1.000000 3 1.492275 
wzcontrolregion up_jesHF 0 1.000000 3 0.000000 
wzcontrolregion up_jesHF_2018 0 1.000000 3 0.000000 
wzcontrolregion up_jesRelativeBal 0 1.000000 3 1.563915 
wzcontrolregion up_jesRelativeSample_2018 0 1.000000 3 0.000000 
wzcontrolregion up_lf 0 1.000000 3 1.199407 
wzcontrolregion up_lfstats1 0 1.000000 3 1.481928 
wzcontrolregion up_lfstats2 0 1.000000 3 1.494991 
zgcontrolregion central 0 1.000000 3 1.717219 
zgcontrolregion down_cferr1 0 1.000000 3 1.717219 
zgcontrolregion down_cferr2 0 1.000000 3 1.717219 
zgcontrolregion down_hf 0 1.000000 3 1.696214 
zgcontrolregion down_hfstats1 0 1.000000 3 1.646697 
zgcontrolregion down_hfstats2 0 1.000000 3 1.776105 
zgcontrolregion down_jes 0 1.000000 3 1.765394 
zgcontrolregion down_jesAbsolute 0 1.000000 3 1.726109 
zgcontrolregion down_jesAbsolute_2018 0 1.000000 3 1.724875 
zgcontrolregion down_jesBBEC1 0 1.000000 3 1.726542 
zgcontrolregion down_jesBBEC1_2018 0 1.000000 3 1.719631 
zgcontrolregion down_jesEC2 0 1.000000 3 1.717225 
zgcontrolregion down_jesEC2_2018 0 1.000000 3 1.715935 
zgcontrolregion down_jesFlavorQCD 0 1.000000 3 1.742050 
zgcontrolregion down_jesHF 0 1.000000 3 1.721531 
zgcontrolregion down_jesHF_2018 0 1.000000 3 1.715546 
zgcontrolregion down_jesRelativeBal 0 1.000000 3 1.696892 
zgcontrolregion down_jesRelativeSample_2018 0 1.000000 3 1.677993 
zgcontrolregion down_lf 0 1.000000 3 2.190496 
zgcontrolregion down_lfstats1 0 1.000000 3 1.810044 
zgcontrolregion down_lfstats2 0 1.000000 3 1.786935 
zgcontrolregion up_cferr1 0 1.000000 3 1.717219 
zgcontrolregion up_cferr2 0 1.000000 3 1.717219 
zgcontrolregion up_hf 0 1.000000 3 1.729957 
zgcontrolregion up_hfstats1 0 1.000000 3 1.796976 
zgcontrolregion up_hfstats2 0 1.000000 3 1.666820 
zgcontrolregion up_jes 0 1.000000 3 1.654368 
zgcontrolregion up_jesAbsolute 0 1.000000 3 1.683417 
zgcontrolregion up_jesAbsolute_2018 0 1.000000 3 1.700817 
zgcontrolregion up_jesBBEC1 0 1.000000 3 1.720063 
zgcontrolregion up_jesBBEC1_2018 0 1.000000 3 1.701546 
zgcontrolregion up_jesEC2 0 1.000000 3 1.707019 
zgcontrolregion up_jesEC2_2018 0 1.000000 3 1.705270 
zgcontrolregion up_jesFlavorQCD 0 1.000000 3 1.698178 
zgcontrolregion up_jesHF 0 1.000000 3 1.708452 
zgcontrolregion up_jesHF_2018 0 1.000000 3 1.710921 
zgcontrolregion up_jesRelativeBal 0 1.000000 3 1.748805 
zgcontrolregion up_jesRelativeSample_2018 0 1.000000 3 1.745329 
zgcontrolregion up_lf 0 1.000000 3 1.318828 
zgcontrolregion up_lfstats1 0 1.000000 3 1.631314 
zgcontrolregion up_lfstats2 0 1.000000 3 1.653464 
zzcontrolregion central 0 1.000000 
zzcontrolregion down_cferr1 0 1.000000 
zzcontrolregion down_cferr2 0 1.000000 
zzcontrolregion down_hf 0 1.000000 
zzcontrolregion down_hfstats1 0 1.000000 
zzcontrolregion down_hfstats2 0 1.000000 
zzcontrolregion down_jes 0 1.000000 
zzcontrolregion down_jesAbsolute 0 1.000000 
zzcontrolregion down_jesAbsolute_2018 0 1.000000 
zzcontrolregion down_jesBBEC1 0 1.000000 
zzcontrolregion down_jesBBEC1_2018 0 1.000000 
zzcontrolregion down_jesEC2 0 1.000000 
zzcontrolregion down_jesEC2_2018 0 1.000000 
zzcontrolregion down_jesFlavorQCD 0 1.000000 
zzcontrolregion down_jesHF 0 1.000000 
zzcontrolregion down_jesHF_2018 0 1.000000 
zzcontrolregion down_jesRelativeBal 0 1.000000 
zzcontrolregion down_jesRelativeSample_2018 0 1.000000 
zzcontrolregion down_lf 0 1.000000 
zzcontrolregion down_lfstats1 0 1.000000 
zzcontrolregion down_lfstats2 0 1.000000 
zzcontrolregion up_cferr1 0 1.000000 
zzcontrolregion up_cferr2 0 1.000000 
zzcontrolregion up_hf 0 1.000000 
zzcontrolregion up_hfstats1 0 1.000000 
zzcontrolregion up_hfstats2 0 1.000000 
zzcontrolregion up_jes 0 1.000000 
zzcontrolregion up_jesAbsolute 0 1.000000 
zzcontrolregion up_jesAbsolute_2018 0 1.000000 
zzcontrolregion up_jesBBEC1 0 1.000000 
zzcontrolregion up_jesBBEC1_2018 0 1.000000 
zzcontrolregion up_jesEC2 0 1.000000 
zzcontrolregion up_jesEC2_2018 0 1.000000 
zzcontrolregion up_jesFlavorQCD 0 1.000000 
zzcontrolregion up_jesHF 0 1.000000 
zzcontrolregion up_jesHF_2018 0 1.000000 
zzcontrolregion up_jesRelativeBal 0 1.000000 
zzcontrolregion up_jesRelativeSample_2018 0 1.000000 
zzcontrolregion up_lf 0 1.000000 
zzcontrolregion up_lfstats1 0 1.000000 
zzcontrolregion up_lfstats2 0 1.000000 
