cfcontrolregion cfjetscontrolregion fourleptoncontrolregion npcontrolregion_dilepton_ee npcontrolregion_dilepton_em npcontrolregion_dilepton_inclusive npcontrolregion_dilepton_me npcontrolregion_dilepton_mm nplownjetscontrolregion_dilepton_inclusive signalregion_dilepton_ee signalregion_dilepton_em signalregion_dilepton_inclusive signalregion_dilepton_me signalregion_dilepton_minus signalregion_dilepton_mm signalregion_dilepton_plus signalregion_trilepton trileptoncontrolregion wzcontrolregion zgcontrolregion zzcontrolregion 
central down_cferr1 down_cferr2 down_hf down_hfstats1 down_hfstats2 down_jes down_jesAbsolute down_jesAbsolute_2018 down_jesBBEC1 down_jesBBEC1_2018 down_jesEC2 down_jesEC2_2018 down_jesFlavorQCD down_jesHF down_jesHF_2018 down_jesRelativeBal down_jesRelativeSample_2018 down_lf down_lfstats1 down_lfstats2 up_cferr1 up_cferr2 up_hf up_hfstats1 up_hfstats2 up_jes up_jesAbsolute up_jesAbsolute_2018 up_jesBBEC1 up_jesBBEC1_2018 up_jesEC2 up_jesEC2_2018 up_jesFlavorQCD up_jesHF up_jesHF_2018 up_jesRelativeBal up_jesRelativeSample_2018 up_lf up_lfstats1 up_lfstats2 
cfcontrolregion central 0 1.000000 1 1.045338 2 1.040281 3 1.076818 4 1.137120 5 1.062211 6 1.305064 7 1.164994 8 1.347862 9 0.669962 
cfcontrolregion down_cferr1 0 1.000000 1 1.044371 2 0.979583 3 1.003604 4 1.042408 5 0.994382 6 1.229473 7 1.150092 8 1.007855 9 0.669962 
cfcontrolregion down_cferr2 0 1.000000 1 1.049026 2 1.013791 3 1.048621 4 1.091690 5 1.028993 6 1.293063 7 1.169594 8 1.202294 9 0.669962 
cfcontrolregion down_hf 0 1.000000 1 1.038423 2 1.048681 3 1.093873 4 1.173670 5 1.097304 6 1.400134 7 1.245394 8 1.398924 9 0.723521 
cfcontrolregion down_hfstats1 0 1.000000 1 1.039625 2 1.031688 3 1.064622 4 1.119975 5 1.043161 6 1.278138 7 1.150449 8 1.307702 9 0.666498 
cfcontrolregion down_hfstats2 0 1.000000 1 1.047626 2 1.043528 3 1.080849 4 1.145198 5 1.067355 6 1.318892 7 1.175320 8 1.350415 9 0.673027 
cfcontrolregion down_jes 0 1.000000 1 1.028431 2 1.064683 3 1.092441 4 1.172114 5 1.123041 6 1.395242 7 1.162549 8 1.596216 9 0.643642 
cfcontrolregion down_jesAbsolute 0 1.000000 1 0.930396 2 0.757528 3 0.640890 4 0.719409 5 0.791802 6 0.716236 7 1.035474 8 0.000000 9 0.663177 
cfcontrolregion down_jesAbsolute_2018 0 1.000000 1 0.929026 2 0.752688 3 0.639393 4 0.730706 5 0.770876 6 0.711108 7 1.025256 8 0.000000 9 0.662045 
cfcontrolregion down_jesBBEC1 0 1.000000 1 0.927774 2 0.751453 3 0.633025 4 0.735172 5 0.774224 6 0.707472 7 1.026540 8 0.000000 9 0.673013 
cfcontrolregion down_jesBBEC1_2018 0 1.000000 1 0.925454 2 0.743813 3 0.635795 4 0.733551 5 0.765160 6 0.705654 7 1.018145 8 0.000000 9 0.664422 
cfcontrolregion down_jesEC2 0 1.000000 1 0.924766 2 0.749998 3 0.636273 4 0.731274 5 0.764956 6 0.702662 7 1.015687 8 0.000000 9 0.666755 
cfcontrolregion down_jesEC2_2018 0 1.000000 1 0.924824 2 0.749848 3 0.636239 4 0.732018 5 0.765125 6 0.702941 7 1.018034 8 0.000000 9 0.665951 
cfcontrolregion down_jesFlavorQCD 0 1.000000 1 1.035451 2 1.046485 3 1.086713 4 1.154013 5 1.080880 6 1.325497 7 1.183417 8 1.445698 9 0.659394 
cfcontrolregion down_jesHF 0 1.000000 1 0.925008 2 0.749641 3 0.635788 4 0.730607 5 0.764798 6 0.702693 7 1.017394 8 0.000000 9 0.669860 
cfcontrolregion down_jesHF_2018 0 1.000000 1 0.924754 2 0.749466 3 0.635942 4 0.730528 5 0.764436 6 0.701734 7 1.016859 8 0.000000 9 0.668941 
cfcontrolregion down_jesRelativeBal 0 1.000000 1 1.037703 2 1.036197 3 1.068241 4 1.122675 5 1.052505 6 1.316525 7 1.120787 8 1.271939 9 0.683386 
cfcontrolregion down_jesRelativeSample_2018 0 1.000000 1 0.919155 2 0.736058 3 0.648202 4 0.694568 5 0.738756 6 0.573748 7 1.115467 8 0.452405 9 0.690327 
cfcontrolregion down_lf 0 1.000000 1 1.097428 2 1.109622 3 1.182101 4 1.264677 5 1.234166 6 1.503165 7 1.266719 8 1.867689 9 0.709045 
cfcontrolregion down_lfstats1 0 1.000000 1 1.059214 2 1.073471 3 1.129680 4 1.213833 5 1.172401 6 1.457364 7 1.339418 8 1.585578 9 0.852132 
cfcontrolregion down_lfstats2 0 1.000000 1 1.055757 2 1.067701 3 1.120222 4 1.200692 5 1.150766 6 1.435694 7 1.307892 8 1.542434 9 0.815328 
cfcontrolregion up_cferr1 0 1.000000 1 1.056770 2 1.121219 3 1.186088 4 1.273697 5 1.149234 6 1.472917 7 1.203691 8 1.828785 9 0.669962 
cfcontrolregion up_cferr2 0 1.000000 1 1.052402 2 1.089615 3 1.143457 4 1.223255 5 1.119879 6 1.395764 7 1.183390 8 1.639678 9 0.669962 
cfcontrolregion up_hf 0 1.000000 1 1.049198 2 1.027494 3 1.050844 4 1.089612 5 1.014336 6 1.212748 7 1.066547 8 1.268828 9 0.598721 
cfcontrolregion up_hfstats1 0 1.000000 1 1.051689 2 1.049618 3 1.090230 4 1.155789 5 1.083069 6 1.334778 7 1.180438 8 1.395030 9 0.673519 
cfcontrolregion up_hfstats2 0 1.000000 1 1.043809 2 1.037805 3 1.074130 4 1.130598 5 1.058831 6 1.294298 7 1.155849 8 1.352725 9 0.667272 
cfcontrolregion up_jes 0 1.000000 1 1.035406 2 1.019389 3 1.050439 4 1.093718 5 1.026769 6 1.193795 7 1.226364 8 0.995401 9 0.689070 
cfcontrolregion up_jesAbsolute 0 1.000000 1 0.920827 2 0.727211 3 0.654583 4 0.698890 5 0.774469 6 0.513879 7 1.116885 8 0.444420 9 0.672904 
cfcontrolregion up_jesAbsolute_2018 0 1.000000 1 0.922366 2 0.730472 3 0.655348 4 0.699728 5 0.783990 6 0.519434 7 1.107110 8 0.000000 9 0.671422 
cfcontrolregion up_jesBBEC1 0 1.000000 1 0.923549 2 0.742871 3 0.645201 4 0.719982 5 0.771948 6 0.629787 7 0.995504 8 0.000000 9 0.664041 
cfcontrolregion up_jesBBEC1_2018 0 1.000000 1 0.924325 2 0.744248 3 0.643869 4 0.709481 5 0.777443 6 0.696794 7 1.012370 8 0.000000 9 0.671739 
cfcontrolregion up_jesEC2 0 1.000000 1 0.924696 2 0.748982 3 0.635372 4 0.729945 5 0.763982 6 0.699881 7 1.015648 8 0.000000 9 0.672489 
cfcontrolregion up_jesEC2_2018 0 1.000000 1 0.924384 2 0.749204 3 0.635613 4 0.729233 5 0.763990 6 0.700577 7 1.013777 8 0.000000 9 0.671946 
cfcontrolregion up_jesFlavorQCD 0 1.000000 1 1.040901 2 1.026457 3 1.068602 4 1.121140 5 1.051575 6 1.229219 7 1.252815 8 1.073682 9 0.677656 
cfcontrolregion up_jesHF 0 1.000000 1 0.924616 2 0.749420 3 0.635698 4 0.730490 5 0.763524 6 0.699665 7 1.015360 8 0.000000 9 0.668249 
cfcontrolregion up_jesHF_2018 0 1.000000 1 0.924694 2 0.749621 3 0.635799 4 0.730543 5 0.763918 6 0.700934 7 1.015331 8 0.000000 9 0.668218 
cfcontrolregion up_jesRelativeBal 0 1.000000 1 1.036491 2 1.050834 3 1.082146 4 1.147961 5 1.074099 6 1.309888 7 1.178454 8 1.438410 9 0.654003 
cfcontrolregion up_jesRelativeSample_2018 0 1.000000 1 0.930876 2 0.747827 3 0.643057 4 0.731228 5 0.800008 6 0.737252 7 1.042248 8 0.000000 9 0.650923 
cfcontrolregion up_lf 0 1.000000 1 0.992775 2 0.971887 3 0.975251 4 1.016306 5 0.906411 6 1.119933 7 1.059925 8 0.913485 9 0.624934 
cfcontrolregion up_lfstats1 0 1.000000 1 1.031978 2 1.009068 3 1.026843 4 1.065694 5 0.962852 6 1.171426 7 1.012291 8 1.148888 9 0.526029 
cfcontrolregion up_lfstats2 0 1.000000 1 1.035377 2 1.014600 3 1.035657 4 1.077455 5 0.981057 6 1.189225 7 1.036868 8 1.180280 9 0.549578 
cfjetscontrolregion central 0 1.000000 3 1.076818 4 1.137120 5 1.062211 6 1.305064 7 1.164994 8 1.347862 9 0.669962 
cfjetscontrolregion down_cferr1 0 1.000000 3 1.003604 4 1.042408 5 0.994382 6 1.229473 7 1.150092 8 1.007855 9 0.669962 
cfjetscontrolregion down_cferr2 0 1.000000 3 1.048621 4 1.091690 5 1.028993 6 1.293063 7 1.169594 8 1.202294 9 0.669962 
cfjetscontrolregion down_hf 0 1.000000 3 1.093873 4 1.173670 5 1.097304 6 1.400134 7 1.245394 8 1.398924 9 0.723521 
cfjetscontrolregion down_hfstats1 0 1.000000 3 1.064622 4 1.119975 5 1.043161 6 1.278138 7 1.150449 8 1.307702 9 0.666498 
cfjetscontrolregion down_hfstats2 0 1.000000 3 1.080849 4 1.145198 5 1.067355 6 1.318892 7 1.175320 8 1.350415 9 0.673027 
cfjetscontrolregion down_jes 0 1.000000 1 0.930195 2 1.283211 3 1.092441 4 1.172114 5 1.123041 6 1.395242 7 1.162549 8 1.596216 9 0.643642 
cfjetscontrolregion down_jesAbsolute 0 1.000000 2 1.066342 3 0.640890 4 0.719409 5 0.791802 6 0.716236 7 1.035474 8 0.000000 9 0.663177 
cfjetscontrolregion down_jesAbsolute_2018 0 1.000000 2 1.208849 3 0.639393 4 0.730706 5 0.770876 6 0.711108 7 1.025256 8 0.000000 9 0.662045 
cfjetscontrolregion down_jesBBEC1 0 1.000000 2 1.542960 3 0.633025 4 0.735172 5 0.774224 6 0.707472 7 1.026540 8 0.000000 9 0.673013 
cfjetscontrolregion down_jesBBEC1_2018 0 1.000000 3 0.635795 4 0.733551 5 0.765160 6 0.705654 7 1.018145 8 0.000000 9 0.664422 
cfjetscontrolregion down_jesEC2 0 1.000000 3 0.636273 4 0.731274 5 0.764956 6 0.702662 7 1.015687 8 0.000000 9 0.666755 
cfjetscontrolregion down_jesEC2_2018 0 1.000000 3 0.636239 4 0.732018 5 0.765125 6 0.702941 7 1.018034 8 0.000000 9 0.665951 
cfjetscontrolregion down_jesFlavorQCD 0 1.000000 2 1.067952 3 1.086713 4 1.154013 5 1.080880 6 1.325497 7 1.183417 8 1.445698 9 0.659394 
cfjetscontrolregion down_jesHF 0 1.000000 3 0.635788 4 0.730607 5 0.764798 6 0.702693 7 1.017394 8 0.000000 9 0.669860 
cfjetscontrolregion down_jesHF_2018 0 1.000000 3 0.635942 4 0.730528 5 0.764436 6 0.701734 7 1.016859 8 0.000000 9 0.668941 
cfjetscontrolregion down_jesRelativeBal 0 1.000000 3 1.068514 4 1.122675 5 1.052505 6 1.316525 7 1.120787 8 1.271939 9 0.683386 
cfjetscontrolregion down_jesRelativeSample_2018 0 1.000000 3 0.635411 4 0.702936 5 0.738756 6 0.573748 7 1.115467 8 0.452405 9 0.690327 
cfjetscontrolregion down_lf 0 1.000000 3 1.182101 4 1.264677 5 1.234166 6 1.503165 7 1.266719 8 1.867689 9 0.709045 
cfjetscontrolregion down_lfstats1 0 1.000000 3 1.129680 4 1.213833 5 1.172401 6 1.457364 7 1.339418 8 1.585578 9 0.852132 
cfjetscontrolregion down_lfstats2 0 1.000000 3 1.120222 4 1.200692 5 1.150766 6 1.435694 7 1.307892 8 1.542434 9 0.815328 
cfjetscontrolregion up_cferr1 0 1.000000 3 1.186088 4 1.273697 5 1.149234 6 1.472917 7 1.203691 8 1.828785 9 0.669962 
cfjetscontrolregion up_cferr2 0 1.000000 3 1.143457 4 1.223255 5 1.119879 6 1.395764 7 1.183390 8 1.639678 9 0.669962 
cfjetscontrolregion up_hf 0 1.000000 3 1.050844 4 1.089612 5 1.014336 6 1.212748 7 1.066547 8 1.268828 9 0.598721 
cfjetscontrolregion up_hfstats1 0 1.000000 3 1.090230 4 1.155789 5 1.083069 6 1.334778 7 1.180438 8 1.395030 9 0.673519 
cfjetscontrolregion up_hfstats2 0 1.000000 3 1.074130 4 1.130598 5 1.058831 6 1.294298 7 1.155849 8 1.352725 9 0.667272 
cfjetscontrolregion up_jes 0 1.000000 3 1.048824 4 1.094448 5 1.026769 6 1.193795 7 1.226364 8 0.995401 9 0.689070 
cfjetscontrolregion up_jesAbsolute 0 1.000000 3 0.639102 4 0.698890 5 0.774469 6 0.513879 7 1.116885 8 0.444420 9 0.672904 
cfjetscontrolregion up_jesAbsolute_2018 0 1.000000 3 0.641138 4 0.699728 5 0.783990 6 0.519434 7 1.107110 8 0.000000 9 0.671422 
cfjetscontrolregion up_jesBBEC1 0 1.000000 3 0.638060 4 0.719982 5 0.771948 6 0.629787 7 0.995504 8 0.000000 9 0.664041 
cfjetscontrolregion up_jesBBEC1_2018 0 1.000000 3 0.638919 4 0.709481 5 0.777443 6 0.696794 7 1.012370 8 0.000000 9 0.671739 
cfjetscontrolregion up_jesEC2 0 1.000000 3 0.635372 4 0.729945 5 0.763982 6 0.699881 7 1.015648 8 0.000000 9 0.672489 
cfjetscontrolregion up_jesEC2_2018 0 1.000000 3 0.635613 4 0.729233 5 0.763990 6 0.700577 7 1.013777 8 0.000000 9 0.671946 
cfjetscontrolregion up_jesFlavorQCD 0 1.000000 3 1.064302 4 1.121140 5 1.051575 6 1.229219 7 1.252815 8 1.073682 9 0.677656 
cfjetscontrolregion up_jesHF 0 1.000000 3 0.635698 4 0.730490 5 0.763524 6 0.699665 7 1.015360 8 0.000000 9 0.668249 
cfjetscontrolregion up_jesHF_2018 0 1.000000 3 0.635799 4 0.730543 5 0.763918 6 0.700934 7 1.015331 8 0.000000 9 0.668218 
cfjetscontrolregion up_jesRelativeBal 0 1.000000 2 1.287767 3 1.082146 4 1.147961 5 1.074099 6 1.309888 7 1.178454 8 1.438410 9 0.654003 
cfjetscontrolregion up_jesRelativeSample_2018 0 1.000000 1 0.940714 2 0.894051 3 0.643057 4 0.731228 5 0.800008 6 0.737252 7 1.042248 8 0.000000 9 0.650923 
cfjetscontrolregion up_lf 0 1.000000 3 0.975251 4 1.016306 5 0.906411 6 1.119933 7 1.059925 8 0.913485 9 0.624934 
cfjetscontrolregion up_lfstats1 0 1.000000 3 1.026843 4 1.065694 5 0.962852 6 1.171426 7 1.012291 8 1.148888 9 0.526029 
cfjetscontrolregion up_lfstats2 0 1.000000 3 1.035657 4 1.077455 5 0.981057 6 1.189225 7 1.036868 8 1.180280 9 0.549578 
fourleptoncontrolregion central 0 1.000000 
fourleptoncontrolregion down_cferr1 0 1.000000 
fourleptoncontrolregion down_cferr2 0 1.000000 
fourleptoncontrolregion down_hf 0 1.000000 
fourleptoncontrolregion down_hfstats1 0 1.000000 
fourleptoncontrolregion down_hfstats2 0 1.000000 
fourleptoncontrolregion down_jes 0 1.000000 
fourleptoncontrolregion down_jesAbsolute 0 1.000000 
fourleptoncontrolregion down_jesAbsolute_2018 0 1.000000 
fourleptoncontrolregion down_jesBBEC1 0 1.000000 
fourleptoncontrolregion down_jesBBEC1_2018 0 1.000000 
fourleptoncontrolregion down_jesEC2 0 1.000000 
fourleptoncontrolregion down_jesEC2_2018 0 1.000000 
fourleptoncontrolregion down_jesFlavorQCD 0 1.000000 
fourleptoncontrolregion down_jesHF 0 1.000000 
fourleptoncontrolregion down_jesHF_2018 0 1.000000 
fourleptoncontrolregion down_jesRelativeBal 0 1.000000 
fourleptoncontrolregion down_jesRelativeSample_2018 0 1.000000 
fourleptoncontrolregion down_lf 0 1.000000 
fourleptoncontrolregion down_lfstats1 0 1.000000 
fourleptoncontrolregion down_lfstats2 0 1.000000 
fourleptoncontrolregion up_cferr1 0 1.000000 
fourleptoncontrolregion up_cferr2 0 1.000000 
fourleptoncontrolregion up_hf 0 1.000000 
fourleptoncontrolregion up_hfstats1 0 1.000000 
fourleptoncontrolregion up_hfstats2 0 1.000000 
fourleptoncontrolregion up_jes 0 1.000000 
fourleptoncontrolregion up_jesAbsolute 0 1.000000 
fourleptoncontrolregion up_jesAbsolute_2018 0 1.000000 
fourleptoncontrolregion up_jesBBEC1 0 1.000000 
fourleptoncontrolregion up_jesBBEC1_2018 0 1.000000 
fourleptoncontrolregion up_jesEC2 0 1.000000 
fourleptoncontrolregion up_jesEC2_2018 0 1.000000 
fourleptoncontrolregion up_jesFlavorQCD 0 1.000000 
fourleptoncontrolregion up_jesHF 0 1.000000 
fourleptoncontrolregion up_jesHF_2018 0 1.000000 
fourleptoncontrolregion up_jesRelativeBal 0 1.000000 
fourleptoncontrolregion up_jesRelativeSample_2018 0 1.000000 
fourleptoncontrolregion up_lf 0 1.000000 
fourleptoncontrolregion up_lfstats1 0 1.000000 
fourleptoncontrolregion up_lfstats2 0 1.000000 
npcontrolregion_dilepton_ee central 0 1.000000 3 1.087930 4 1.130090 5 1.143045 6 1.282325 7 1.219787 8 1.040471 
npcontrolregion_dilepton_ee down_cferr1 0 1.000000 3 0.985983 4 1.027806 5 1.033205 6 1.237941 7 1.036159 8 0.903419 
npcontrolregion_dilepton_ee down_cferr2 0 1.000000 3 1.037740 4 1.088377 5 1.090391 6 1.272025 7 1.122571 8 0.991171 
npcontrolregion_dilepton_ee down_hf 0 1.000000 3 1.105677 4 1.161855 5 1.213626 6 1.450343 7 1.400530 8 1.152676 
npcontrolregion_dilepton_ee down_hfstats1 0 1.000000 3 1.073801 4 1.117062 5 1.123999 6 1.266111 7 1.192710 8 1.029186 
npcontrolregion_dilepton_ee down_hfstats2 0 1.000000 3 1.093253 4 1.136269 5 1.151834 6 1.289013 7 1.232590 8 1.055412 
npcontrolregion_dilepton_ee down_jes 0 1.000000 2 1.091294 3 1.097911 4 1.147104 5 1.232031 6 1.246681 7 1.340580 8 1.145569 
npcontrolregion_dilepton_ee down_jesAbsolute 0 1.000000 3 0.712305 4 0.606139 5 0.804082 6 0.763207 7 0.874633 8 0.000000 
npcontrolregion_dilepton_ee down_jesAbsolute_2018 0 1.000000 3 0.709785 4 0.607622 5 0.796716 6 0.755174 7 0.842121 8 0.000000 
npcontrolregion_dilepton_ee down_jesBBEC1 0 1.000000 3 0.708964 4 0.607919 5 0.796699 6 0.750609 7 0.841430 8 0.000000 
npcontrolregion_dilepton_ee down_jesBBEC1_2018 0 1.000000 3 0.705577 4 0.610638 5 0.765393 6 0.812807 7 0.829521 8 0.000000 
npcontrolregion_dilepton_ee down_jesEC2 0 1.000000 3 0.700970 4 0.621844 5 0.764847 6 0.812441 7 0.815507 8 0.317142 
npcontrolregion_dilepton_ee down_jesEC2_2018 0 1.000000 3 0.700951 4 0.622106 5 0.765003 6 0.811957 7 0.815810 8 0.316636 
npcontrolregion_dilepton_ee down_jesFlavorQCD 0 1.000000 2 1.234188 3 1.090167 4 1.139315 5 1.184374 6 1.255892 7 1.282304 8 1.111636 
npcontrolregion_dilepton_ee down_jesHF 0 1.000000 3 0.700585 4 0.622248 5 0.764065 6 0.811988 7 0.813024 8 0.314057 
npcontrolregion_dilepton_ee down_jesHF_2018 0 1.000000 3 0.700674 4 0.622161 5 0.763239 6 0.810586 7 0.813549 8 0.313945 
npcontrolregion_dilepton_ee down_jesRelativeBal 0 1.000000 3 1.082381 4 1.121197 5 1.134450 6 1.280642 7 1.205313 8 1.011382 
npcontrolregion_dilepton_ee down_jesRelativeSample_2018 0 1.000000 3 0.691606 4 0.610497 5 0.754752 6 0.727030 7 0.789943 8 0.294918 
npcontrolregion_dilepton_ee down_lf 0 1.000000 3 1.194490 4 1.231538 5 1.290034 6 1.412088 7 1.368393 8 1.138111 
npcontrolregion_dilepton_ee down_lfstats1 0 1.000000 3 1.141225 4 1.203792 5 1.245076 6 1.438228 7 1.370321 8 1.224580 
npcontrolregion_dilepton_ee down_lfstats2 0 1.000000 3 1.132509 4 1.192174 5 1.232007 6 1.418453 7 1.345752 8 1.192335 
npcontrolregion_dilepton_ee up_cferr1 0 1.000000 3 1.217987 4 1.280769 5 1.310824 6 1.394312 7 1.476997 8 1.300707 
npcontrolregion_dilepton_ee up_cferr2 0 1.000000 3 1.169789 4 1.219484 5 1.243358 6 1.351093 7 1.372474 8 1.196166 
npcontrolregion_dilepton_ee up_hf 0 1.000000 3 1.063520 4 1.086741 5 1.066218 6 1.107597 7 1.024081 8 0.917509 
npcontrolregion_dilepton_ee up_hfstats1 0 1.000000 3 1.103232 4 1.144876 5 1.163241 6 1.299962 7 1.248044 8 1.052489 
npcontrolregion_dilepton_ee up_hfstats2 0 1.000000 3 1.083816 4 1.125903 5 1.135287 6 1.277185 7 1.207992 8 1.026879 
npcontrolregion_dilepton_ee up_jes 0 1.000000 3 1.070795 4 1.090059 5 1.109034 6 1.194783 7 1.133419 8 0.988351 
npcontrolregion_dilepton_ee up_jesAbsolute 0 1.000000 3 0.692639 4 0.607746 5 0.763481 6 0.732149 7 0.792469 8 0.300250 
npcontrolregion_dilepton_ee up_jesAbsolute_2018 0 1.000000 3 0.696687 4 0.607246 5 0.789557 6 0.745642 7 0.812963 8 0.308659 
npcontrolregion_dilepton_ee up_jesBBEC1 0 1.000000 3 0.696680 4 0.618401 5 0.770950 6 0.748953 7 0.816416 8 0.311462 
npcontrolregion_dilepton_ee up_jesBBEC1_2018 0 1.000000 3 0.697186 4 0.620282 5 0.760768 6 0.807330 7 0.807086 8 0.312756 
npcontrolregion_dilepton_ee up_jesEC2 0 1.000000 3 0.700361 4 0.621819 5 0.763950 6 0.809494 7 0.813240 8 0.312110 
npcontrolregion_dilepton_ee up_jesEC2_2018 0 1.000000 3 0.700142 4 0.621545 5 0.763523 6 0.811664 7 0.812889 8 0.312073 
npcontrolregion_dilepton_ee up_jesFlavorQCD 0 1.000000 3 1.079698 4 1.110274 5 1.139155 6 1.248298 7 1.193490 8 1.042593 
npcontrolregion_dilepton_ee up_jesHF 0 1.000000 3 0.700606 4 0.621349 5 0.763430 6 0.810299 7 0.814507 8 0.314353 
npcontrolregion_dilepton_ee up_jesHF_2018 0 1.000000 3 0.700734 4 0.621595 5 0.763491 6 0.810261 7 0.814025 8 0.314269 
npcontrolregion_dilepton_ee up_jesRelativeBal 0 1.000000 2 1.118359 3 1.094851 4 1.130336 5 1.160089 6 1.227660 7 1.260056 8 1.110633 
npcontrolregion_dilepton_ee up_jesRelativeSample_2018 0 1.000000 2 1.126047 3 0.707907 4 0.605280 5 0.842986 6 0.686869 7 0.880245 8 0.000000 
npcontrolregion_dilepton_ee up_lf 0 1.000000 3 0.983310 4 1.027970 5 1.015027 6 1.155355 7 1.072366 8 0.937529 
npcontrolregion_dilepton_ee up_lfstats1 0 1.000000 3 1.037988 4 1.061218 5 1.049517 6 1.144584 7 1.085181 8 0.885389 
npcontrolregion_dilepton_ee up_lfstats2 0 1.000000 3 1.046114 4 1.071820 5 1.060776 6 1.159998 7 1.105117 8 0.908915 
npcontrolregion_dilepton_em central 0 1.000000 3 1.070236 4 1.064734 5 1.135290 6 1.252158 7 1.196281 8 0.732792 9 0.771131 
npcontrolregion_dilepton_em down_cferr1 0 1.000000 3 0.992098 4 0.963201 5 1.082874 6 1.117974 7 1.009022 8 0.732792 9 0.771131 
npcontrolregion_dilepton_em down_cferr2 0 1.000000 3 1.038981 4 1.024741 5 1.099008 6 1.194844 7 1.111855 8 0.732792 9 0.771131 
npcontrolregion_dilepton_em down_hf 0 1.000000 3 1.090824 4 1.086757 5 1.205271 6 1.357506 7 1.242520 8 0.779924 9 0.761962 
npcontrolregion_dilepton_em down_hfstats1 0 1.000000 3 1.059101 4 1.052290 5 1.122326 6 1.236234 7 1.156221 8 0.734161 9 0.763679 
npcontrolregion_dilepton_em down_hfstats2 0 1.000000 3 1.073321 4 1.071033 5 1.144558 6 1.258325 7 1.205920 8 0.735925 9 0.798187 
npcontrolregion_dilepton_em down_jes 0 1.000000 2 1.048961 3 1.107711 4 1.075374 5 1.239091 6 1.230980 7 1.389840 8 0.627322 
npcontrolregion_dilepton_em down_jesAbsolute 0 1.000000 2 0.729496 3 0.630614 4 0.485438 5 0.772938 6 0.677184 7 0.476315 8 0.708238 
npcontrolregion_dilepton_em down_jesAbsolute_2018 0 1.000000 3 0.627474 4 0.490386 5 0.703659 6 0.738715 7 0.476134 8 0.717252 
npcontrolregion_dilepton_em down_jesBBEC1 0 1.000000 2 1.410435 3 0.621257 4 0.495570 5 0.709387 6 0.667892 7 0.474782 8 0.724108 
npcontrolregion_dilepton_em down_jesBBEC1_2018 0 1.000000 3 0.619317 4 0.501884 5 0.694759 6 0.680528 7 0.434596 8 0.735083 
npcontrolregion_dilepton_em down_jesEC2 0 1.000000 3 0.618707 4 0.508178 5 0.663125 6 0.678873 7 0.433837 8 0.735224 9 0.769568 
npcontrolregion_dilepton_em down_jesEC2_2018 0 1.000000 3 0.618631 4 0.508012 5 0.662542 6 0.678710 7 0.431622 8 0.735797 9 0.771943 
npcontrolregion_dilepton_em down_jesFlavorQCD 0 1.000000 2 1.198123 3 1.082273 4 1.072319 5 1.196946 6 1.250562 7 1.187498 8 0.702594 
npcontrolregion_dilepton_em down_jesHF 0 1.000000 3 0.618011 4 0.507798 5 0.662670 6 0.680263 7 0.432904 8 0.731783 9 0.771985 
npcontrolregion_dilepton_em down_jesHF_2018 0 1.000000 3 0.618037 4 0.507685 5 0.662493 6 0.679059 7 0.433242 8 0.733226 9 0.771733 
npcontrolregion_dilepton_em down_jesRelativeBal 0 1.000000 3 1.065946 4 1.055882 5 1.123514 6 1.248466 7 1.170349 8 0.727843 9 0.808772 
npcontrolregion_dilepton_em down_jesRelativeSample_2018 0 1.000000 3 0.603430 4 0.522328 5 0.622070 6 0.679655 7 0.492037 8 0.370540 9 0.856523 
npcontrolregion_dilepton_em down_lf 0 1.000000 3 1.160869 4 1.162262 5 1.255629 6 1.400868 7 1.416823 8 0.742058 9 0.756038 
npcontrolregion_dilepton_em down_lfstats1 0 1.000000 3 1.120873 4 1.135070 5 1.248188 6 1.392051 7 1.357184 8 0.884836 9 0.939968 
npcontrolregion_dilepton_em down_lfstats2 0 1.000000 3 1.112399 4 1.122326 5 1.230289 6 1.369210 7 1.327195 8 0.852116 9 0.898754 
npcontrolregion_dilepton_em up_cferr1 0 1.000000 3 1.184076 4 1.207209 5 1.226744 6 1.458853 7 1.554744 8 0.732792 9 0.771131 
npcontrolregion_dilepton_em up_cferr2 0 1.000000 3 1.140969 4 1.150310 5 1.214975 6 1.371794 7 1.401195 8 0.732792 9 0.771131 
npcontrolregion_dilepton_em up_hf 0 1.000000 3 1.043173 4 1.031160 5 1.055113 6 1.138702 7 1.133054 8 0.671838 9 0.755377 
npcontrolregion_dilepton_em up_hfstats1 0 1.000000 3 1.082109 4 1.078386 5 1.149643 6 1.269530 7 1.238872 8 0.730888 9 0.788795 
npcontrolregion_dilepton_em up_hfstats2 0 1.000000 3 1.067941 4 1.059762 5 1.127862 6 1.247698 7 1.187578 8 0.729386 9 0.756708 
npcontrolregion_dilepton_em up_jes 0 1.000000 3 1.040953 4 1.049293 5 1.047830 6 1.182981 7 1.170747 8 0.993087 9 0.887725 
npcontrolregion_dilepton_em up_jesAbsolute 0 1.000000 3 0.618252 4 0.498613 5 0.623519 6 0.676397 7 0.485361 8 0.376488 9 0.837587 
npcontrolregion_dilepton_em up_jesAbsolute_2018 0 1.000000 3 0.616235 4 0.507186 5 0.632131 6 0.685781 7 0.493382 8 0.370889 9 0.807049 
npcontrolregion_dilepton_em up_jesBBEC1 0 1.000000 3 0.613234 4 0.517620 5 0.656952 6 0.670773 7 0.491451 8 0.378622 9 0.803689 
npcontrolregion_dilepton_em up_jesBBEC1_2018 0 1.000000 3 0.618611 4 0.509624 5 0.662703 6 0.677353 7 0.434215 8 0.730070 9 0.779755 
npcontrolregion_dilepton_em up_jesEC2 0 1.000000 3 0.617328 4 0.507674 5 0.661771 6 0.679021 7 0.432191 8 0.729981 9 0.770755 
npcontrolregion_dilepton_em up_jesEC2_2018 0 1.000000 3 0.617357 4 0.507717 5 0.662245 6 0.679682 7 0.433917 8 0.731397 9 0.769710 
npcontrolregion_dilepton_em up_jesFlavorQCD 0 1.000000 3 1.061848 4 1.055839 5 1.111141 6 1.230336 7 1.134729 8 1.032838 9 0.840056 
npcontrolregion_dilepton_em up_jesHF 0 1.000000 3 0.617735 4 0.507562 5 0.661518 6 0.678293 7 0.433117 8 0.732584 9 0.768496 
npcontrolregion_dilepton_em up_jesHF_2018 0 1.000000 3 0.617816 4 0.507804 5 0.662048 6 0.678512 7 0.433463 8 0.733057 9 0.770092 
npcontrolregion_dilepton_em up_jesRelativeBal 0 1.000000 2 0.931626 3 1.084067 4 1.066610 5 1.174697 6 1.252859 7 1.166026 8 0.678777 
npcontrolregion_dilepton_em up_jesRelativeSample_2018 0 1.000000 2 0.830738 3 0.630475 4 0.493074 5 0.738777 6 0.678968 7 0.441753 8 0.659636 
npcontrolregion_dilepton_em up_lf 0 1.000000 3 0.980162 4 0.968485 5 1.013860 6 1.104225 7 1.001997 8 0.704581 9 0.745741 
npcontrolregion_dilepton_em up_lfstats1 0 1.000000 3 1.022433 4 0.999311 5 1.033404 6 1.126274 7 1.053731 8 0.606904 9 0.635435 
npcontrolregion_dilepton_em up_lfstats2 0 1.000000 3 1.030235 4 1.010652 5 1.048495 6 1.145364 7 1.078247 8 0.629393 9 0.665517 
npcontrolregion_dilepton_inclusive central 0 1.000000 3 1.072899 4 1.101865 5 1.117772 6 1.201386 7 1.220125 8 1.217423 9 0.971662 
npcontrolregion_dilepton_inclusive down_cferr1 0 1.000000 3 0.994354 4 0.986040 5 1.002998 6 1.110304 7 0.981718 8 1.072251 9 0.971662 
npcontrolregion_dilepton_inclusive down_cferr2 0 1.000000 3 1.036594 4 1.051524 5 1.064468 6 1.164714 7 1.098195 8 1.159959 9 0.971662 
npcontrolregion_dilepton_inclusive down_hf 0 1.000000 3 1.091513 4 1.132333 5 1.171490 6 1.296905 7 1.321740 8 1.335836 9 1.031902 
npcontrolregion_dilepton_inclusive down_hfstats1 0 1.000000 3 1.061114 4 1.087788 5 1.103420 6 1.184445 7 1.190000 8 1.195558 9 0.969020 
npcontrolregion_dilepton_inclusive down_hfstats2 0 1.000000 3 1.077772 4 1.107988 5 1.126008 6 1.208292 7 1.229042 8 1.227110 9 0.987455 
npcontrolregion_dilepton_inclusive down_jes 0 1.000000 2 1.063514 3 1.094988 4 1.128879 5 1.171824 6 1.208784 7 1.336711 8 1.306220 9 1.184849 
npcontrolregion_dilepton_inclusive down_jesAbsolute 0 1.000000 2 0.713236 3 0.683687 4 0.564640 5 0.618251 6 0.701590 7 0.596595 8 0.478357 9 1.190035 
npcontrolregion_dilepton_inclusive down_jesAbsolute_2018 0 1.000000 2 0.775085 3 0.678227 4 0.565614 5 0.600995 6 0.712685 7 0.596938 8 0.476314 9 1.154593 
npcontrolregion_dilepton_inclusive down_jesBBEC1 0 1.000000 2 1.176409 3 0.675699 4 0.568273 5 0.602929 6 0.692116 7 0.595627 8 0.475645 9 1.150550 
npcontrolregion_dilepton_inclusive down_jesBBEC1_2018 0 1.000000 3 0.674851 4 0.571672 5 0.580779 6 0.710084 7 0.581315 8 0.517382 9 1.181113 
npcontrolregion_dilepton_inclusive down_jesEC2 0 1.000000 3 0.673578 4 0.574014 5 0.575544 6 0.716214 7 0.562835 8 0.551513 9 0.971848 
npcontrolregion_dilepton_inclusive down_jesEC2_2018 0 1.000000 3 0.673532 4 0.573733 5 0.575370 6 0.716130 7 0.561916 8 0.552373 9 0.973696 
npcontrolregion_dilepton_inclusive down_jesFlavorQCD 0 1.000000 2 1.062120 3 1.080982 4 1.114204 5 1.148982 6 1.210078 7 1.243011 8 1.304087 9 1.177242 
npcontrolregion_dilepton_inclusive down_jesHF 0 1.000000 3 0.673122 4 0.573341 5 0.575098 6 0.716569 7 0.561278 8 0.550767 9 0.975569 
npcontrolregion_dilepton_inclusive down_jesHF_2018 0 1.000000 3 0.673171 4 0.573388 5 0.574748 6 0.715680 7 0.561648 8 0.550159 9 0.972625 
npcontrolregion_dilepton_inclusive down_jesRelativeBal 0 1.000000 3 1.067669 4 1.091499 5 1.111620 6 1.186809 7 1.196604 8 1.197662 9 0.987801 
npcontrolregion_dilepton_inclusive down_jesRelativeSample_2018 0 1.000000 3 0.659830 4 0.575559 5 0.578442 6 0.649757 7 0.582096 8 0.455608 9 0.996545 
npcontrolregion_dilepton_inclusive down_lf 0 1.000000 3 1.163854 4 1.212228 5 1.235080 6 1.335546 7 1.411955 8 1.438669 9 0.957714 
npcontrolregion_dilepton_inclusive down_lfstats1 0 1.000000 3 1.125233 4 1.176690 5 1.219842 6 1.345388 7 1.376543 8 1.416901 9 1.203875 
npcontrolregion_dilepton_inclusive down_lfstats2 0 1.000000 3 1.116416 4 1.164123 5 1.203698 6 1.322708 7 1.351205 8 1.385830 9 1.154281 
npcontrolregion_dilepton_inclusive up_cferr1 0 1.000000 3 1.182652 4 1.265005 5 1.296363 6 1.348053 7 1.606760 8 1.455953 9 0.971662 
npcontrolregion_dilepton_inclusive up_cferr2 0 1.000000 3 1.143235 4 1.199775 5 1.229782 6 1.290946 7 1.446631 8 1.361053 9 0.971662 
npcontrolregion_dilepton_inclusive up_hf 0 1.000000 3 1.046607 4 1.060811 5 1.054220 6 1.093856 7 1.098288 8 1.083956 9 0.888033 
npcontrolregion_dilepton_inclusive up_hfstats1 0 1.000000 3 1.085652 4 1.117325 5 1.133533 6 1.219872 7 1.252125 8 1.242158 9 0.979226 
npcontrolregion_dilepton_inclusive up_hfstats2 0 1.000000 3 1.069099 4 1.097217 5 1.111187 6 1.196094 7 1.212443 8 1.211037 9 0.962150 
npcontrolregion_dilepton_inclusive up_jes 0 1.000000 3 1.052506 4 1.067199 5 1.079185 6 1.139096 7 1.162552 8 1.141894 9 0.992031 
npcontrolregion_dilepton_inclusive up_jesAbsolute 0 1.000000 3 0.664966 4 0.577766 5 0.564143 6 0.650570 7 0.579833 8 0.464727 9 0.989903 
npcontrolregion_dilepton_inclusive up_jesAbsolute_2018 0 1.000000 3 0.668113 4 0.576374 5 0.575455 6 0.672531 7 0.591462 8 0.467571 9 0.984574 
npcontrolregion_dilepton_inclusive up_jesBBEC1 0 1.000000 3 0.669869 4 0.575786 5 0.580112 6 0.670151 7 0.592967 8 0.472738 9 0.988287 
npcontrolregion_dilepton_inclusive up_jesBBEC1_2018 0 1.000000 3 0.669233 4 0.577097 5 0.577583 6 0.700253 7 0.559830 8 0.548576 9 0.979188 
npcontrolregion_dilepton_inclusive up_jesEC2 0 1.000000 3 0.672683 4 0.573057 5 0.574641 6 0.714845 7 0.561021 8 0.548761 9 0.972117 
npcontrolregion_dilepton_inclusive up_jesEC2_2018 0 1.000000 3 0.672636 4 0.573237 5 0.574794 6 0.715429 7 0.561658 8 0.549339 9 0.972859 
npcontrolregion_dilepton_inclusive up_jesFlavorQCD 0 1.000000 3 1.065241 4 1.087329 5 1.102172 6 1.185062 7 1.178324 8 1.205511 9 0.991671 
npcontrolregion_dilepton_inclusive up_jesHF 0 1.000000 3 0.672967 4 0.573157 5 0.574455 6 0.714954 7 0.561903 8 0.550386 9 0.971261 
npcontrolregion_dilepton_inclusive up_jesHF_2018 0 1.000000 3 0.673057 4 0.573376 5 0.574655 6 0.715088 7 0.561868 8 0.550034 9 0.971992 
npcontrolregion_dilepton_inclusive up_jesRelativeBal 0 1.000000 2 0.995617 3 1.079660 4 1.107858 5 1.135373 6 1.192358 7 1.220622 8 1.254340 9 1.167639 
npcontrolregion_dilepton_inclusive up_jesRelativeSample_2018 0 1.000000 2 0.952652 3 0.678426 4 0.571965 5 0.613767 6 0.694749 7 0.589448 8 0.470645 9 1.175595 
npcontrolregion_dilepton_inclusive up_lf 0 1.000000 3 0.982069 4 0.995709 5 1.003624 6 1.071808 7 1.039970 8 1.010926 9 0.958415 
npcontrolregion_dilepton_inclusive up_lfstats1 0 1.000000 3 1.023626 4 1.032207 5 1.024998 6 1.073300 7 1.080564 8 1.045919 9 0.785519 
npcontrolregion_dilepton_inclusive up_lfstats2 0 1.000000 3 1.031753 4 1.043491 5 1.038799 6 1.091643 7 1.101291 8 1.069957 9 0.819342 
npcontrolregion_dilepton_me central 0 1.000000 3 1.083067 4 1.137248 5 1.074532 6 1.140007 7 0.735556 8 1.823053 
npcontrolregion_dilepton_me down_cferr1 0 1.000000 3 1.017220 4 1.011784 5 0.950825 6 1.048519 7 0.735556 8 1.363176 
npcontrolregion_dilepton_me down_cferr2 0 1.000000 3 1.051261 4 1.078070 5 1.023006 6 1.104678 7 0.735556 8 1.626165 
npcontrolregion_dilepton_me down_hf 0 1.000000 3 1.103519 4 1.178381 5 1.111227 6 1.197190 7 0.782970 8 2.078169 
npcontrolregion_dilepton_me down_hfstats1 0 1.000000 3 1.071232 4 1.119881 5 1.063669 6 1.124300 7 0.733176 8 1.783330 
npcontrolregion_dilepton_me down_hfstats2 0 1.000000 3 1.089062 4 1.143376 5 1.084678 6 1.149823 7 0.737708 8 1.825195 
npcontrolregion_dilepton_me down_jes 0 1.000000 2 1.090553 3 1.109622 4 1.168014 5 1.102317 6 1.201317 7 0.756560 8 1.868096 
npcontrolregion_dilepton_me down_jesAbsolute 0 1.000000 2 0.474533 3 0.738463 4 0.610927 5 0.537562 6 0.698477 7 0.754840 8 0.000000 
npcontrolregion_dilepton_me down_jesAbsolute_2018 0 1.000000 2 0.469941 3 0.731709 4 0.608795 5 0.528678 6 0.695437 7 0.738863 8 0.000000 
npcontrolregion_dilepton_me down_jesBBEC1 0 1.000000 2 0.942383 3 0.725476 4 0.613421 5 0.515359 6 0.694303 7 0.741814 8 0.000000 
npcontrolregion_dilepton_me down_jesBBEC1_2018 0 1.000000 3 0.729246 4 0.614398 5 0.501557 6 0.688585 7 0.736727 8 0.000000 
npcontrolregion_dilepton_me down_jesEC2 0 1.000000 3 0.728545 4 0.614144 5 0.487483 6 0.714984 7 0.737824 8 0.000000 
npcontrolregion_dilepton_me down_jesEC2_2018 0 1.000000 3 0.728575 4 0.613614 5 0.487342 6 0.715286 7 0.736155 8 0.000000 
npcontrolregion_dilepton_me down_jesFlavorQCD 0 1.000000 2 0.996893 3 1.094178 4 1.151088 5 1.087617 6 1.186519 7 0.742148 8 1.898268 
npcontrolregion_dilepton_me down_jesHF 0 1.000000 3 0.728337 4 0.612584 5 0.486401 6 0.715720 7 0.735522 8 0.000000 
npcontrolregion_dilepton_me down_jesHF_2018 0 1.000000 3 0.728219 4 0.612859 5 0.486961 6 0.715394 7 0.735607 8 0.000000 
npcontrolregion_dilepton_me down_jesRelativeBal 0 1.000000 3 1.076068 4 1.125954 5 1.074630 6 1.122865 7 0.738903 8 1.818720 
npcontrolregion_dilepton_me down_jesRelativeSample_2018 0 1.000000 3 0.713872 4 0.604250 5 0.534887 6 0.622989 7 0.731295 8 0.000000 
npcontrolregion_dilepton_me down_lf 0 1.000000 3 1.181562 4 1.270350 5 1.167953 6 1.249278 7 0.748371 8 2.394318 
npcontrolregion_dilepton_me down_lfstats1 0 1.000000 3 1.134684 4 1.215756 5 1.174223 6 1.275968 7 0.868427 8 2.018590 
npcontrolregion_dilepton_me down_lfstats2 0 1.000000 3 1.126359 4 1.203562 5 1.156055 6 1.253510 7 0.845160 8 2.023910 
npcontrolregion_dilepton_me up_cferr1 0 1.000000 3 1.176439 4 1.307597 5 1.263444 6 1.267190 7 0.735556 8 2.473526 
npcontrolregion_dilepton_me up_cferr2 0 1.000000 3 1.145038 4 1.242684 5 1.190363 6 1.214028 7 0.735556 8 2.217748 
npcontrolregion_dilepton_me up_hf 0 1.000000 3 1.054193 4 1.085702 5 1.032491 6 1.067447 7 0.675543 8 1.557807 
npcontrolregion_dilepton_me up_hfstats1 0 1.000000 3 1.096089 4 1.156171 5 1.088040 6 1.157284 7 0.737268 8 1.871178 
npcontrolregion_dilepton_me up_hfstats2 0 1.000000 3 1.078439 4 1.132598 5 1.067617 6 1.132031 7 0.732759 8 1.830457 
npcontrolregion_dilepton_me up_jes 0 1.000000 3 1.065511 4 1.084655 5 1.068813 6 1.103629 7 0.718659 8 1.506496 
npcontrolregion_dilepton_me up_jesAbsolute 0 1.000000 3 0.713619 4 0.621358 5 0.498681 6 0.618162 7 0.719764 8 0.000000 
npcontrolregion_dilepton_me up_jesAbsolute_2018 0 1.000000 3 0.716606 4 0.619426 5 0.499663 6 0.664504 7 0.728658 8 0.000000 
npcontrolregion_dilepton_me up_jesBBEC1 0 1.000000 3 0.723393 4 0.612345 5 0.498820 6 0.666182 7 0.730925 8 0.000000 
npcontrolregion_dilepton_me up_jesBBEC1_2018 0 1.000000 3 0.726557 4 0.611017 5 0.486235 6 0.713495 7 0.738115 8 0.000000 
npcontrolregion_dilepton_me up_jesEC2 0 1.000000 3 0.727651 4 0.612280 5 0.486697 6 0.714109 7 0.736016 8 0.000000 
npcontrolregion_dilepton_me up_jesEC2_2018 0 1.000000 3 0.727680 4 0.612993 5 0.486522 6 0.713835 7 0.736137 8 0.000000 
npcontrolregion_dilepton_me up_jesFlavorQCD 0 1.000000 3 1.077094 4 1.113537 5 1.057090 6 1.155502 7 0.727840 8 1.643728 
npcontrolregion_dilepton_me up_jesHF 0 1.000000 3 0.727906 4 0.612854 5 0.487205 6 0.713831 7 0.735687 8 0.000000 
npcontrolregion_dilepton_me up_jesHF_2018 0 1.000000 3 0.728060 4 0.613096 5 0.487096 6 0.714248 7 0.735299 8 0.000000 
npcontrolregion_dilepton_me up_jesRelativeBal 0 1.000000 2 0.942105 3 1.086695 4 1.149296 5 1.085053 6 1.146151 7 0.732950 8 1.686579 
npcontrolregion_dilepton_me up_jesRelativeSample_2018 0 1.000000 2 0.949183 3 0.728219 4 0.620307 5 0.506245 6 0.749848 7 0.738225 8 0.000000 
npcontrolregion_dilepton_me up_lf 0 1.000000 3 0.984866 4 1.014899 5 0.975830 6 1.025646 7 0.705821 8 1.303885 
npcontrolregion_dilepton_me up_lfstats1 0 1.000000 3 1.034609 4 1.063925 5 0.985535 6 1.019275 7 0.623055 8 1.633419 
npcontrolregion_dilepton_me up_lfstats2 0 1.000000 3 1.042331 4 1.075007 5 1.001048 6 1.037472 7 0.639984 8 1.638434 
npcontrolregion_dilepton_mm central 0 1.000000 3 1.054211 4 1.068366 5 1.123797 6 1.099982 7 1.446019 8 1.627281 9 1.172192 
npcontrolregion_dilepton_mm down_cferr1 0 1.000000 3 0.978531 4 0.938797 5 0.969877 6 1.008817 7 0.863932 8 1.627281 9 1.172192 
npcontrolregion_dilepton_mm down_cferr2 0 1.000000 3 1.018511 4 1.011814 5 1.056362 6 1.054300 7 1.125773 8 1.627281 9 1.172192 
npcontrolregion_dilepton_mm down_hf 0 1.000000 3 1.069790 4 1.091723 5 1.166846 6 1.134494 7 1.528738 8 1.698896 9 1.301842 
npcontrolregion_dilepton_mm down_hfstats1 0 1.000000 3 1.043542 4 1.056369 5 1.109541 6 1.078018 7 1.426028 8 1.568298 9 1.174362 
npcontrolregion_dilepton_mm down_hfstats2 0 1.000000 3 1.059182 4 1.074234 5 1.128936 6 1.103281 7 1.446199 8 1.635303 9 1.176723 
npcontrolregion_dilepton_mm down_jes 0 1.000000 2 1.018522 3 1.067126 4 1.119381 5 1.133788 6 1.117143 7 1.467938 8 1.744547 9 1.184849 
npcontrolregion_dilepton_mm down_jesAbsolute 0 1.000000 2 1.020666 3 0.653330 4 0.555812 5 0.407272 6 0.645835 7 0.255931 8 1.683546 9 1.190035 
npcontrolregion_dilepton_mm down_jesAbsolute_2018 0 1.000000 2 1.080230 3 0.645209 4 0.554807 5 0.405445 6 0.639572 7 0.258215 8 1.664317 9 1.154593 
npcontrolregion_dilepton_mm down_jesBBEC1 0 1.000000 3 0.648077 4 0.553210 5 0.423021 6 0.638967 7 0.253956 8 1.654117 9 1.150550 
npcontrolregion_dilepton_mm down_jesBBEC1_2018 0 1.000000 3 0.645784 4 0.557388 5 0.404344 6 0.635387 7 0.258880 8 1.634124 9 1.181113 
npcontrolregion_dilepton_mm down_jesEC2 0 1.000000 3 0.645883 4 0.549805 5 0.421120 6 0.630950 7 0.258928 8 1.622429 9 1.174128 
npcontrolregion_dilepton_mm down_jesEC2_2018 0 1.000000 3 0.645766 4 0.549300 5 0.420884 6 0.630933 7 0.258868 8 1.628531 9 1.175449 
npcontrolregion_dilepton_mm down_jesFlavorQCD 0 1.000000 2 1.022807 3 1.059728 4 1.088851 5 1.142742 6 1.116980 7 1.484818 8 1.696301 9 1.177242 
npcontrolregion_dilepton_mm down_jesHF 0 1.000000 3 0.645331 4 0.549186 5 0.421617 6 0.630159 7 0.258117 8 1.630649 9 1.179152 
npcontrolregion_dilepton_mm down_jesHF_2018 0 1.000000 3 0.645546 4 0.549197 5 0.420713 6 0.629592 7 0.258309 8 1.625890 9 1.173517 
npcontrolregion_dilepton_mm down_jesRelativeBal 0 1.000000 3 1.049789 4 1.056871 5 1.116165 6 1.078055 7 1.398860 8 1.605264 9 1.166829 
npcontrolregion_dilepton_mm down_jesRelativeSample_2018 0 1.000000 3 0.629794 4 0.566725 5 0.431701 6 0.537185 7 0.257523 8 1.563427 9 1.136567 
npcontrolregion_dilepton_mm down_lf 0 1.000000 3 1.126735 4 1.167570 5 1.234124 6 1.260978 7 1.721811 8 2.081304 9 1.159390 
npcontrolregion_dilepton_mm down_lfstats1 0 1.000000 3 1.108109 4 1.143879 5 1.220729 6 1.246612 7 1.612059 8 1.924239 9 1.467782 
npcontrolregion_dilepton_mm down_lfstats2 0 1.000000 3 1.098411 4 1.130158 5 1.204853 6 1.219286 7 1.596640 8 1.861949 9 1.409809 
npcontrolregion_dilepton_mm up_cferr1 0 1.000000 3 1.163116 4 1.255233 5 1.362915 6 1.235187 7 2.338653 8 1.627281 9 1.172192 
npcontrolregion_dilepton_mm up_cferr2 0 1.000000 3 1.124796 4 1.176609 5 1.265561 6 1.199382 7 1.977854 8 1.627281 9 1.172192 
npcontrolregion_dilepton_mm up_hf 0 1.000000 3 1.029954 4 1.036131 5 1.063392 6 1.044686 7 1.319642 8 1.521566 9 1.020688 
npcontrolregion_dilepton_mm up_hfstats1 0 1.000000 3 1.065677 4 1.081377 5 1.138521 6 1.123790 7 1.468607 8 1.693413 9 1.169656 
npcontrolregion_dilepton_mm up_hfstats2 0 1.000000 3 1.050161 4 1.063705 5 1.119232 6 1.097835 7 1.449030 8 1.625742 9 1.167591 
npcontrolregion_dilepton_mm up_jes 0 1.000000 3 1.036079 4 1.044114 5 1.084236 6 1.063809 7 1.356637 8 1.535534 9 1.096337 
npcontrolregion_dilepton_mm up_jesAbsolute 0 1.000000 3 0.635353 4 0.580395 5 0.393054 6 0.547795 7 0.257472 8 1.599360 9 1.142218 
npcontrolregion_dilepton_mm up_jesAbsolute_2018 0 1.000000 3 0.643420 4 0.565608 5 0.407846 6 0.556637 7 0.257748 8 1.605241 9 1.162100 
npcontrolregion_dilepton_mm up_jesBBEC1 0 1.000000 3 0.645467 4 0.554004 5 0.418092 6 0.557764 7 0.262471 8 1.617533 9 1.172886 
npcontrolregion_dilepton_mm up_jesBBEC1_2018 0 1.000000 3 0.634473 4 0.568115 5 0.430086 6 0.563509 7 0.258440 8 1.623115 9 1.178622 
npcontrolregion_dilepton_mm up_jesEC2 0 1.000000 3 0.645210 4 0.548869 5 0.420410 6 0.628624 7 0.257726 8 1.626256 9 1.173479 
npcontrolregion_dilepton_mm up_jesEC2_2018 0 1.000000 3 0.645140 4 0.548811 5 0.421209 6 0.628140 7 0.257931 8 1.628419 9 1.176009 
npcontrolregion_dilepton_mm up_jesFlavorQCD 0 1.000000 3 1.045068 4 1.067029 5 1.102434 6 1.075505 7 1.394821 8 1.601394 9 1.143286 
npcontrolregion_dilepton_mm up_jesHF 0 1.000000 3 0.645443 4 0.549000 5 0.419911 6 0.629740 7 0.257993 8 1.626674 9 1.174025 
npcontrolregion_dilepton_mm up_jesHF_2018 0 1.000000 3 0.645451 4 0.549136 5 0.420315 6 0.629495 7 0.258107 8 1.624340 9 1.173891 
npcontrolregion_dilepton_mm up_jesRelativeBal 0 1.000000 3 1.057869 4 1.078468 5 1.132522 6 1.120344 7 1.454953 8 1.685078 9 1.167639 
npcontrolregion_dilepton_mm up_jesRelativeSample_2018 0 1.000000 2 1.089245 3 0.646709 4 0.565996 5 0.375318 6 0.644971 7 0.255184 8 1.693592 9 1.175595 
npcontrolregion_dilepton_mm up_lf 0 1.000000 3 0.979984 4 0.971246 5 1.012800 6 0.969885 7 1.177025 8 1.244506 9 1.171089 
npcontrolregion_dilepton_mm up_lfstats1 0 1.000000 3 1.003268 4 0.998576 5 1.034368 6 0.970171 7 1.293850 8 1.379026 9 0.935603 
npcontrolregion_dilepton_mm up_lfstats2 0 1.000000 3 1.012099 4 1.010672 5 1.048020 6 0.992082 7 1.307584 8 1.425170 9 0.973167 
nplownjetscontrolregion_dilepton_inclusive central 0 1.000000 1 1.037812 2 1.046907 
nplownjetscontrolregion_dilepton_inclusive down_cferr1 0 1.000000 1 1.014133 2 0.995466 
nplownjetscontrolregion_dilepton_inclusive down_cferr2 0 1.000000 1 1.028567 2 1.025914 
nplownjetscontrolregion_dilepton_inclusive down_hf 0 1.000000 1 1.040795 2 1.055358 
nplownjetscontrolregion_dilepton_inclusive down_hfstats1 0 1.000000 1 1.032373 2 1.038553 
nplownjetscontrolregion_dilepton_inclusive down_hfstats2 0 1.000000 1 1.039904 2 1.050664 
nplownjetscontrolregion_dilepton_inclusive down_jes 0 1.000000 1 1.048599 2 1.058149 
nplownjetscontrolregion_dilepton_inclusive down_jesAbsolute 0 1.000000 1 0.896223 2 0.758533 
nplownjetscontrolregion_dilepton_inclusive down_jesAbsolute_2018 0 1.000000 1 0.895585 2 0.755925 
nplownjetscontrolregion_dilepton_inclusive down_jesBBEC1 0 1.000000 1 0.893114 2 0.756017 
nplownjetscontrolregion_dilepton_inclusive down_jesBBEC1_2018 0 1.000000 1 0.892392 2 0.755095 
nplownjetscontrolregion_dilepton_inclusive down_jesEC2 0 1.000000 1 0.890928 2 0.755356 
nplownjetscontrolregion_dilepton_inclusive down_jesEC2_2018 0 1.000000 1 0.890898 2 0.755313 
nplownjetscontrolregion_dilepton_inclusive down_jesFlavorQCD 0 1.000000 1 1.044370 2 1.051816 
nplownjetscontrolregion_dilepton_inclusive down_jesHF 0 1.000000 1 0.890837 2 0.755032 
nplownjetscontrolregion_dilepton_inclusive down_jesHF_2018 0 1.000000 1 0.890654 2 0.754964 
nplownjetscontrolregion_dilepton_inclusive down_jesRelativeBal 0 1.000000 1 1.036698 2 1.043139 3 1.066759 
nplownjetscontrolregion_dilepton_inclusive down_jesRelativeSample_2018 0 1.000000 1 0.882721 2 0.748894 3 0.652274 4 0.000000 
nplownjetscontrolregion_dilepton_inclusive down_lf 0 1.000000 1 1.078858 2 1.109458 
nplownjetscontrolregion_dilepton_inclusive down_lfstats1 0 1.000000 1 1.052760 2 1.079136 
nplownjetscontrolregion_dilepton_inclusive down_lfstats2 0 1.000000 1 1.050210 2 1.073616 
nplownjetscontrolregion_dilepton_inclusive up_cferr1 0 1.000000 1 1.073350 2 1.121727 
nplownjetscontrolregion_dilepton_inclusive up_cferr2 0 1.000000 1 1.059758 2 1.092980 
nplownjetscontrolregion_dilepton_inclusive up_hf 0 1.000000 1 1.032356 2 1.033033 
nplownjetscontrolregion_dilepton_inclusive up_hfstats1 0 1.000000 1 1.043766 2 1.055991 
nplownjetscontrolregion_dilepton_inclusive up_hfstats2 0 1.000000 1 1.036293 2 1.043972 
nplownjetscontrolregion_dilepton_inclusive up_jes 0 1.000000 1 1.030889 2 1.034096 3 1.033909 4 0.962090 
nplownjetscontrolregion_dilepton_inclusive up_jesAbsolute 0 1.000000 1 0.888287 2 0.750370 3 0.655461 4 0.000000 
nplownjetscontrolregion_dilepton_inclusive up_jesAbsolute_2018 0 1.000000 1 0.888835 2 0.752851 3 0.572279 4 0.000000 
nplownjetscontrolregion_dilepton_inclusive up_jesBBEC1 0 1.000000 1 0.889043 2 0.753786 3 0.580348 4 0.000000 
nplownjetscontrolregion_dilepton_inclusive up_jesBBEC1_2018 0 1.000000 1 0.890163 2 0.754754 3 0.330286 
nplownjetscontrolregion_dilepton_inclusive up_jesEC2 0 1.000000 1 0.890572 2 0.754647 
nplownjetscontrolregion_dilepton_inclusive up_jesEC2_2018 0 1.000000 1 0.890526 2 0.754637 
nplownjetscontrolregion_dilepton_inclusive up_jesFlavorQCD 0 1.000000 1 1.034680 2 1.041361 3 1.044774 4 0.991940 
nplownjetscontrolregion_dilepton_inclusive up_jesHF 0 1.000000 1 0.890510 2 0.754905 
nplownjetscontrolregion_dilepton_inclusive up_jesHF_2018 0 1.000000 1 0.890609 2 0.754919 
nplownjetscontrolregion_dilepton_inclusive up_jesRelativeBal 0 1.000000 1 1.040619 2 1.050747 3 0.988486 
nplownjetscontrolregion_dilepton_inclusive up_jesRelativeSample_2018 0 1.000000 1 0.897429 2 0.760331 
nplownjetscontrolregion_dilepton_inclusive up_lf 0 1.000000 1 0.997371 2 0.984158 
nplownjetscontrolregion_dilepton_inclusive up_lfstats1 0 1.000000 1 1.023268 2 1.015949 
nplownjetscontrolregion_dilepton_inclusive up_lfstats2 0 1.000000 1 1.025845 2 1.021262 
signalregion_dilepton_ee central 0 1.000000 3 1.086017 4 1.089072 5 1.126117 6 1.254932 7 1.251952 8 1.310106 9 1.548690 
signalregion_dilepton_ee down_cferr1 0 1.000000 3 1.009781 4 0.996904 5 1.012340 6 1.125989 7 1.062757 8 1.141172 9 1.252530 
signalregion_dilepton_ee down_cferr2 0 1.000000 3 1.053503 4 1.049770 5 1.075706 6 1.201420 7 1.154015 8 1.222348 9 1.386534 
signalregion_dilepton_ee down_hf 0 1.000000 3 1.111523 4 1.117626 5 1.159780 6 1.398904 7 1.439673 8 1.586996 9 1.779826 
signalregion_dilepton_ee down_hfstats1 0 1.000000 3 1.073026 4 1.074642 5 1.108807 6 1.237383 7 1.232658 8 1.290408 9 1.508392 
signalregion_dilepton_ee down_hfstats2 0 1.000000 3 1.090954 4 1.095841 5 1.135731 6 1.268080 7 1.269411 8 1.327237 9 1.568665 
signalregion_dilepton_ee down_jes 0 1.000000 2 1.070075 3 1.104776 4 1.113646 5 1.194539 6 1.237449 7 1.309514 8 1.419227 9 1.620473 
signalregion_dilepton_ee down_jesAbsolute 0 1.000000 2 0.661309 3 0.724266 4 0.621896 5 0.607679 6 0.686081 7 0.610559 8 0.845637 9 0.920072 
signalregion_dilepton_ee down_jesAbsolute_2018 0 1.000000 2 0.592584 3 0.718903 4 0.625986 5 0.607265 6 0.685260 7 0.591096 8 0.855461 9 0.911903 
signalregion_dilepton_ee down_jesBBEC1 0 1.000000 2 0.611336 3 0.716760 4 0.622219 5 0.609171 6 0.687419 7 0.587433 8 0.857791 9 0.897450 
signalregion_dilepton_ee down_jesBBEC1_2018 0 1.000000 2 0.870703 3 0.711156 4 0.623975 5 0.614912 6 0.658385 7 0.583950 8 0.844241 9 0.908007 
signalregion_dilepton_ee down_jesEC2 0 1.000000 3 0.709796 4 0.624047 5 0.614103 6 0.664779 7 0.584525 8 0.844608 9 0.908626 
signalregion_dilepton_ee down_jesEC2_2018 0 1.000000 3 0.709792 4 0.623954 5 0.613719 6 0.663882 7 0.584927 8 0.841070 9 0.906740 
signalregion_dilepton_ee down_jesFlavorQCD 0 1.000000 2 1.046926 3 1.093651 4 1.097295 5 1.151638 6 1.276915 7 1.256669 8 1.383540 9 1.581586 
signalregion_dilepton_ee down_jesHF 0 1.000000 3 0.709327 4 0.623347 5 0.613568 6 0.663319 7 0.584484 8 0.841117 9 0.906119 
signalregion_dilepton_ee down_jesHF_2018 0 1.000000 3 0.709238 4 0.623309 5 0.613568 6 0.664186 7 0.583715 8 0.839359 9 0.904061 
signalregion_dilepton_ee down_jesRelativeBal 0 1.000000 3 1.078173 4 1.085605 5 1.109576 6 1.247317 7 1.247663 8 1.277948 9 1.538414 
signalregion_dilepton_ee down_jesRelativeSample_2018 0 1.000000 3 0.699266 4 0.614754 5 0.590273 6 0.673465 7 0.587083 8 0.785055 9 0.889120 
signalregion_dilepton_ee down_lf 0 1.000000 3 1.192012 4 1.194072 5 1.246855 6 1.358262 7 1.399097 8 1.468152 9 1.854117 
signalregion_dilepton_ee down_lfstats1 0 1.000000 3 1.140858 4 1.165928 5 1.229497 6 1.403043 7 1.416122 8 1.554427 9 1.841022 
signalregion_dilepton_ee down_lfstats2 0 1.000000 3 1.132054 4 1.152846 5 1.211627 6 1.389824 7 1.398774 8 1.520339 9 1.804831 
signalregion_dilepton_ee up_cferr1 0 1.000000 3 1.190653 4 1.222727 5 1.291016 6 1.447371 7 1.504897 8 1.567504 9 2.051572 
signalregion_dilepton_ee up_cferr2 0 1.000000 3 1.149859 4 1.169747 5 1.226673 6 1.369204 7 1.409174 8 1.462290 9 1.854520 
signalregion_dilepton_ee up_hf 0 1.000000 3 1.052341 4 1.050193 5 1.075658 6 1.119391 7 1.067119 8 1.052972 9 1.312677 
signalregion_dilepton_ee up_hfstats1 0 1.000000 3 1.100090 4 1.104752 5 1.144919 6 1.274193 7 1.271899 8 1.331363 9 1.592942 
signalregion_dilepton_ee up_hfstats2 0 1.000000 3 1.082284 4 1.083675 5 1.118238 6 1.243593 7 1.235739 8 1.295061 9 1.533099 
signalregion_dilepton_ee up_jes 0 1.000000 3 1.062376 4 1.062333 5 1.083518 6 1.185136 7 1.204395 8 1.138043 9 1.427595 
signalregion_dilepton_ee up_jesAbsolute 0 1.000000 3 0.701286 4 0.626400 5 0.582578 6 0.683893 7 0.544014 8 0.801603 9 0.892221 
signalregion_dilepton_ee up_jesAbsolute_2018 0 1.000000 3 0.706689 4 0.623734 5 0.593124 6 0.674483 7 0.570865 8 0.821202 9 0.899859 
signalregion_dilepton_ee up_jesBBEC1 0 1.000000 3 0.710598 4 0.616807 5 0.600064 6 0.685698 7 0.555812 8 0.830814 9 0.927103 
signalregion_dilepton_ee up_jesBBEC1_2018 0 1.000000 3 0.706777 4 0.625405 5 0.605298 6 0.671392 7 0.583298 8 0.834691 9 0.902945 
signalregion_dilepton_ee up_jesEC2 0 1.000000 3 0.708763 4 0.622909 5 0.613022 6 0.663822 7 0.584933 8 0.836641 9 0.898463 
signalregion_dilepton_ee up_jesEC2_2018 0 1.000000 3 0.708863 4 0.622952 5 0.612981 6 0.665019 7 0.585092 8 0.838991 9 0.898143 
signalregion_dilepton_ee up_jesFlavorQCD 0 1.000000 3 1.074951 4 1.082013 5 1.104967 6 1.228707 7 1.213309 8 1.263043 9 1.516738 
signalregion_dilepton_ee up_jesHF 0 1.000000 3 0.708900 4 0.623216 5 0.613380 6 0.664513 7 0.582930 8 0.840999 9 0.903036 
signalregion_dilepton_ee up_jesHF_2018 0 1.000000 3 0.709144 4 0.623379 5 0.613357 6 0.665193 7 0.583556 8 0.841538 9 0.901978 
signalregion_dilepton_ee up_jesRelativeBal 0 1.000000 2 0.955864 3 1.092482 4 1.094664 5 1.142175 6 1.261959 7 1.253278 8 1.394664 9 1.568634 
signalregion_dilepton_ee up_jesRelativeSample_2018 0 1.000000 2 0.454092 3 0.732768 4 0.626448 5 0.617691 6 0.686226 7 0.589981 8 1.032023 9 0.940147 
signalregion_dilepton_ee up_lf 0 1.000000 3 0.982890 4 0.985178 5 1.005790 6 1.142054 7 1.098504 8 1.155453 9 1.266560 
signalregion_dilepton_ee up_lfstats1 0 1.000000 3 1.034152 4 1.017751 5 1.031557 6 1.125904 7 1.105830 8 1.104772 9 1.302147 
signalregion_dilepton_ee up_lfstats2 0 1.000000 3 1.042368 4 1.029389 5 1.046903 6 1.137540 7 1.120119 8 1.129996 9 1.330014 
signalregion_dilepton_em central 0 1.000000 3 1.063494 4 1.116217 5 1.127904 6 1.115366 7 1.046888 8 1.164146 9 1.606697 10 1.372328 11 2.142812 
signalregion_dilepton_em down_cferr1 0 1.000000 3 0.986647 4 1.022497 5 1.008927 6 0.989475 7 0.879439 8 1.065625 9 1.080693 10 0.999879 11 0.803252 
signalregion_dilepton_em down_cferr2 0 1.000000 3 1.029878 4 1.077392 5 1.077324 6 1.061513 7 0.961262 8 1.165754 9 1.324507 10 1.191407 11 1.323741 
signalregion_dilepton_em down_hf 0 1.000000 3 1.079149 4 1.152498 5 1.193205 6 1.188981 7 1.113056 8 1.252439 9 2.069879 10 1.491810 11 2.913621 
signalregion_dilepton_em down_hfstats1 0 1.000000 3 1.052718 4 1.101413 5 1.114145 6 1.099527 7 1.033353 8 1.145957 9 1.556356 10 1.379026 11 2.114392 
signalregion_dilepton_em down_hfstats2 0 1.000000 3 1.068322 4 1.122819 5 1.135037 6 1.123759 7 1.053069 8 1.179540 9 1.627234 10 1.384153 11 2.160862 
signalregion_dilepton_em down_jes 0 1.000000 1 1.041239 2 1.028125 3 1.082777 4 1.147146 5 1.164468 6 1.104618 7 1.097880 8 1.354302 9 1.682564 10 1.914317 
signalregion_dilepton_em down_jesAbsolute 0 1.000000 2 0.848770 3 0.671268 4 0.662949 5 0.635220 6 0.493231 7 0.513336 8 0.738025 9 0.510445 10 0.000000 11 0.000000 
signalregion_dilepton_em down_jesAbsolute_2018 0 1.000000 2 0.834822 3 0.672124 4 0.653080 5 0.614747 6 0.526149 7 0.527204 8 0.732152 9 0.499932 10 0.000000 11 0.000000 
signalregion_dilepton_em down_jesBBEC1 0 1.000000 2 0.924240 3 0.672102 4 0.651878 5 0.630601 6 0.495110 7 0.519857 8 0.686032 9 0.492012 10 0.000000 11 0.000000 
signalregion_dilepton_em down_jesBBEC1_2018 0 1.000000 2 0.885579 3 0.674059 4 0.649333 5 0.602672 6 0.537497 7 0.509441 8 0.680846 9 0.488258 10 0.000000 11 0.000000 
signalregion_dilepton_em down_jesEC2 0 1.000000 3 0.673857 4 0.651809 5 0.597764 6 0.540265 7 0.509527 8 0.680190 9 0.490037 10 0.000000 11 0.000000 
signalregion_dilepton_em down_jesEC2_2018 0 1.000000 3 0.673737 4 0.652142 5 0.597798 6 0.540118 7 0.508906 8 0.679017 9 0.490295 10 0.000000 11 0.000000 
signalregion_dilepton_em down_jesFlavorQCD 0 1.000000 2 1.059589 3 1.070993 4 1.130132 5 1.148258 6 1.103152 7 1.068968 8 1.254767 9 1.643099 10 1.742268 
signalregion_dilepton_em down_jesHF 0 1.000000 3 0.673628 4 0.651329 5 0.597276 6 0.539049 7 0.508160 8 0.678493 9 0.491077 10 0.000000 11 0.000000 
signalregion_dilepton_em down_jesHF_2018 0 1.000000 3 0.673480 4 0.651190 5 0.597214 6 0.539352 7 0.508035 8 0.679740 9 0.488719 10 0.000000 11 0.000000 
signalregion_dilepton_em down_jesRelativeBal 0 1.000000 2 1.573753 3 1.057571 4 1.109528 5 1.113974 6 1.105178 7 1.020810 8 1.179264 9 1.601182 10 1.345670 11 2.271558 
signalregion_dilepton_em down_jesRelativeSample_2018 0 1.000000 3 0.660231 4 0.653475 5 0.580202 6 0.496031 7 0.505923 8 0.636981 9 0.464233 10 0.000000 11 0.000000 
signalregion_dilepton_em down_lf 0 1.000000 3 1.143658 4 1.223642 5 1.236498 6 1.235281 7 1.172726 8 1.342581 9 1.941097 10 1.420683 11 2.457925 
signalregion_dilepton_em down_lfstats1 0 1.000000 3 1.116842 4 1.194740 5 1.236186 6 1.244598 7 1.198863 8 1.361216 9 1.953942 10 1.640873 11 2.537982 
signalregion_dilepton_em down_lfstats2 0 1.000000 3 1.107387 4 1.182749 5 1.219939 6 1.224690 7 1.173297 8 1.329996 9 1.920492 10 1.590389 11 2.570993 
signalregion_dilepton_em up_cferr1 0 1.000000 3 1.173153 4 1.253178 5 1.300886 6 1.306602 7 1.317085 8 1.291873 9 2.354493 10 1.903936 11 3.399213 
signalregion_dilepton_em up_cferr2 0 1.000000 3 1.131458 4 1.199042 5 1.230869 6 1.229089 7 1.205929 8 1.198074 9 2.021601 10 1.814852 11 2.977955 
signalregion_dilepton_em up_hf 0 1.000000 3 1.039393 4 1.070223 5 1.050116 6 1.027635 7 0.962874 8 1.056629 9 1.235541 10 1.227589 11 1.530700 
signalregion_dilepton_em up_hfstats1 0 1.000000 3 1.075162 4 1.132304 5 1.142770 6 1.132331 7 1.061086 8 1.186833 9 1.662271 10 1.364998 11 2.172655 
signalregion_dilepton_em up_hfstats2 0 1.000000 3 1.059689 4 1.110982 5 1.122073 6 1.108104 7 1.041659 8 1.154308 9 1.590683 10 1.361147 11 2.127022 
signalregion_dilepton_em up_jes 0 1.000000 3 1.048126 4 1.084615 5 1.088063 6 1.082053 7 0.993244 8 1.104358 9 1.597829 10 1.216124 11 1.915176 
signalregion_dilepton_em up_jesAbsolute 0 1.000000 3 0.666006 4 0.647828 5 0.597783 6 0.486674 7 0.509624 8 0.653737 9 0.506702 10 0.000000 11 0.000000 
signalregion_dilepton_em up_jesAbsolute_2018 0 1.000000 3 0.668396 4 0.647531 5 0.602767 6 0.488300 7 0.515053 8 0.727683 9 0.485320 10 0.000000 11 0.000000 
signalregion_dilepton_em up_jesBBEC1 0 1.000000 3 0.670699 4 0.647534 5 0.601583 6 0.516086 7 0.502718 8 0.698244 9 0.486544 10 0.000000 11 0.000000 
signalregion_dilepton_em up_jesBBEC1_2018 0 1.000000 3 0.671752 4 0.649188 5 0.603029 6 0.528641 7 0.491891 8 0.731359 9 0.490141 10 0.000000 11 0.000000 
signalregion_dilepton_em up_jesEC2 0 1.000000 3 0.673051 4 0.650438 5 0.596854 6 0.538031 7 0.507230 8 0.679188 9 0.487359 10 0.000000 11 0.000000 
signalregion_dilepton_em up_jesEC2_2018 0 1.000000 3 0.673103 4 0.650307 5 0.597099 6 0.538852 7 0.507175 8 0.680716 9 0.484299 10 0.000000 11 0.000000 
signalregion_dilepton_em up_jesFlavorQCD 0 1.000000 3 1.057860 4 1.101484 5 1.111451 6 1.095071 7 1.033809 8 1.130626 9 1.659830 10 1.299580 11 1.964320 
signalregion_dilepton_em up_jesHF 0 1.000000 3 0.673173 4 0.651012 5 0.597037 6 0.538953 7 0.507325 8 0.680460 9 0.487010 10 0.000000 11 0.000000 
signalregion_dilepton_em up_jesHF_2018 0 1.000000 3 0.673281 4 0.651170 5 0.597133 6 0.539297 7 0.507616 8 0.680193 9 0.486771 10 0.000000 11 0.000000 
signalregion_dilepton_em up_jesRelativeBal 0 1.000000 2 1.055874 3 1.068712 4 1.123132 5 1.134446 6 1.116100 7 1.059883 8 1.156668 9 1.622227 10 1.413435 11 2.239396 
signalregion_dilepton_em up_jesRelativeSample_2018 0 1.000000 2 0.827342 3 0.671369 4 0.670927 5 0.639462 6 0.495547 7 0.516998 8 0.882148 9 0.243489 10 0.000000 11 0.000000 
signalregion_dilepton_em up_lf 0 1.000000 3 0.982016 4 1.010958 5 1.019349 6 0.996330 7 0.922061 8 0.991394 9 1.315470 10 1.303268 11 1.814359 
signalregion_dilepton_em up_lfstats1 0 1.000000 3 1.013121 4 1.043567 5 1.029594 6 1.000054 7 0.914348 8 0.996488 9 1.321279 10 1.148758 11 1.809509 
signalregion_dilepton_em up_lfstats2 0 1.000000 3 1.021823 4 1.054277 5 1.043422 6 1.016462 7 0.934255 8 1.021137 9 1.346626 10 1.184393 11 1.788801 
signalregion_dilepton_inclusive central 0 1.000000 3 1.072538 4 1.106805 5 1.125384 6 1.218940 7 1.189682 8 1.315692 9 1.402104 10 1.004093 11 2.142812 
signalregion_dilepton_inclusive down_cferr1 0 1.000000 3 0.993428 4 1.008197 5 1.006094 6 1.078554 7 1.009761 8 1.190546 9 1.018686 10 0.817868 11 0.803252 
signalregion_dilepton_inclusive down_cferr2 0 1.000000 3 1.038931 4 1.063648 5 1.074211 6 1.156889 7 1.104864 8 1.279092 9 1.193017 10 0.913633 11 1.323741 
signalregion_dilepton_inclusive down_hf 0 1.000000 3 1.092304 4 1.146493 5 1.178332 6 1.330599 7 1.307375 8 1.497375 9 1.727076 10 1.091570 11 2.913621 
signalregion_dilepton_inclusive down_hfstats1 0 1.000000 3 1.061181 4 1.093056 5 1.111028 6 1.200966 7 1.172238 8 1.293421 9 1.365685 10 1.005190 11 2.114392 
signalregion_dilepton_inclusive down_hfstats2 0 1.000000 3 1.077394 4 1.113133 5 1.133158 6 1.229095 7 1.199527 8 1.331347 9 1.419773 10 1.011965 11 2.160862 
signalregion_dilepton_inclusive down_jes 0 1.000000 1 0.945433 2 1.048062 3 1.091223 4 1.132610 5 1.172094 6 1.228550 7 1.239961 8 1.405757 9 1.517090 10 1.481075 
signalregion_dilepton_inclusive down_jesAbsolute 0 1.000000 1 0.913537 2 0.741050 3 0.668031 4 0.645520 5 0.583175 6 0.629617 7 0.530511 8 0.670072 9 0.587082 10 0.315732 11 0.000000 
signalregion_dilepton_inclusive down_jesAbsolute_2018 0 1.000000 2 0.731656 3 0.664444 4 0.641884 5 0.581377 6 0.630828 7 0.523937 8 0.679729 9 0.577094 10 0.316418 11 0.000000 
signalregion_dilepton_inclusive down_jesBBEC1 0 1.000000 2 0.838580 3 0.663655 4 0.638406 5 0.589219 6 0.621554 7 0.521544 8 0.668526 9 0.570504 10 0.319296 11 0.000000 
signalregion_dilepton_inclusive down_jesBBEC1_2018 0 1.000000 2 0.877240 3 0.661866 4 0.637328 5 0.582834 6 0.617367 7 0.525821 8 0.663061 9 0.568807 10 0.317081 11 0.000000 
signalregion_dilepton_inclusive down_jesEC2 0 1.000000 3 0.662039 4 0.637319 5 0.580119 6 0.618134 7 0.525720 8 0.662175 9 0.569514 10 0.316963 11 0.000000 
signalregion_dilepton_inclusive down_jesEC2_2018 0 1.000000 3 0.661998 4 0.637325 5 0.580060 6 0.617801 7 0.525508 8 0.661043 9 0.568951 10 0.316712 11 0.000000 
signalregion_dilepton_inclusive down_jesFlavorQCD 0 1.000000 1 0.912299 2 1.039368 3 1.080148 4 1.119119 5 1.147546 6 1.226185 7 1.201727 8 1.382049 9 1.440758 10 1.371348 
signalregion_dilepton_inclusive down_jesHF 0 1.000000 3 0.661599 4 0.636832 5 0.579572 6 0.617092 7 0.525303 8 0.660332 9 0.569850 10 0.316815 11 0.000000 
signalregion_dilepton_inclusive down_jesHF_2018 0 1.000000 3 0.661573 4 0.636770 5 0.579503 6 0.617391 7 0.525317 8 0.660047 9 0.567946 10 0.317281 11 0.000000 
signalregion_dilepton_inclusive down_jesRelativeBal 0 1.000000 2 1.131691 3 1.066496 4 1.100221 5 1.114243 6 1.207564 7 1.173472 8 1.286068 9 1.392101 10 0.993224 11 2.271558 
signalregion_dilepton_inclusive down_jesRelativeSample_2018 0 1.000000 3 0.651470 4 0.625080 5 0.570930 6 0.597842 7 0.534174 8 0.599767 9 0.549304 10 0.323470 11 0.000000 
signalregion_dilepton_inclusive down_lf 0 1.000000 3 1.160173 4 1.210427 5 1.229236 6 1.345170 7 1.327188 8 1.498514 9 1.658003 10 1.045196 11 2.457925 
signalregion_dilepton_inclusive down_lfstats1 0 1.000000 3 1.125946 4 1.185885 5 1.230718 6 1.363942 7 1.355172 8 1.542470 9 1.700989 10 1.235904 11 2.537982 
signalregion_dilepton_inclusive down_lfstats2 0 1.000000 3 1.117033 4 1.173588 5 1.214021 6 1.345681 7 1.330928 8 1.513086 9 1.666066 10 1.189890 11 2.570993 
signalregion_dilepton_inclusive up_cferr1 0 1.000000 3 1.186335 4 1.247873 5 1.297747 6 1.426118 7 1.459739 8 1.515772 9 1.965428 10 1.269897 11 3.399213 
signalregion_dilepton_inclusive up_cferr2 0 1.000000 3 1.142377 4 1.192578 5 1.228681 6 1.342981 7 1.349733 8 1.428185 9 1.726360 10 1.225355 11 2.977955 
signalregion_dilepton_inclusive up_hf 0 1.000000 3 1.044629 4 1.057800 5 1.059208 6 1.101730 7 1.060413 8 1.125548 9 1.121169 10 0.895307 11 1.530700 
signalregion_dilepton_inclusive up_hfstats1 0 1.000000 3 1.084889 4 1.121800 5 1.140918 6 1.238595 7 1.208084 8 1.341099 9 1.442098 10 1.002652 11 2.172655 
signalregion_dilepton_inclusive up_hfstats2 0 1.000000 3 1.068802 4 1.101827 5 1.118992 6 1.210543 7 1.181110 8 1.303965 9 1.387972 10 0.996671 11 2.127022 
signalregion_dilepton_inclusive up_jes 0 1.000000 3 1.052112 4 1.076203 5 1.091099 6 1.159056 7 1.137763 8 1.207818 9 1.347078 10 1.216124 11 1.270991 
signalregion_dilepton_inclusive up_jesAbsolute 0 1.000000 3 0.655147 4 0.626961 5 0.573173 6 0.604224 7 0.525181 8 0.615018 9 0.570495 10 0.000000 11 0.315765 
signalregion_dilepton_inclusive up_jesAbsolute_2018 0 1.000000 3 0.657676 4 0.632037 5 0.578550 6 0.604393 7 0.534684 8 0.643846 9 0.565139 10 0.319354 11 0.000000 
signalregion_dilepton_inclusive up_jesBBEC1 0 1.000000 3 0.660740 4 0.631909 5 0.575891 6 0.610156 7 0.528072 8 0.637668 9 0.568192 10 0.316345 11 0.000000 
signalregion_dilepton_inclusive up_jesBBEC1_2018 0 1.000000 3 0.659926 4 0.636507 5 0.578686 6 0.611916 7 0.522588 8 0.675567 9 0.568703 10 0.318229 11 0.000000 
signalregion_dilepton_inclusive up_jesEC2 0 1.000000 3 0.661152 4 0.636223 5 0.579022 6 0.616113 7 0.524842 8 0.658335 9 0.566063 10 0.318901 11 0.000000 
signalregion_dilepton_inclusive up_jesEC2_2018 0 1.000000 3 0.661189 4 0.636288 5 0.579213 6 0.617306 7 0.525283 8 0.659457 9 0.564879 10 0.318481 11 0.000000 
signalregion_dilepton_inclusive up_jesFlavorQCD 0 1.000000 3 1.063818 4 1.093155 5 1.114278 6 1.195466 7 1.164662 8 1.267732 9 1.411118 10 1.299580 11 1.298815 
signalregion_dilepton_inclusive up_jesHF 0 1.000000 3 0.661369 4 0.636553 5 0.579358 6 0.617262 7 0.524918 8 0.660638 9 0.566892 10 0.317601 11 0.000000 
signalregion_dilepton_inclusive up_jesHF_2018 0 1.000000 3 0.661511 4 0.636735 5 0.579408 6 0.617527 7 0.525004 8 0.660983 9 0.566454 10 0.317438 11 0.000000 
signalregion_dilepton_inclusive up_jesRelativeBal 0 1.000000 2 0.995834 3 1.077641 4 1.113813 5 1.137727 6 1.226833 7 1.199436 8 1.343220 9 1.416731 10 1.020088 11 2.239396 
signalregion_dilepton_inclusive up_jesRelativeSample_2018 0 1.000000 2 0.709008 3 0.670276 4 0.647768 5 0.597516 6 0.624089 7 0.534178 8 0.758413 9 0.476390 10 0.310216 11 0.000000 
signalregion_dilepton_inclusive up_lf 0 1.000000 3 0.985060 4 1.005086 5 1.020092 6 1.092166 7 1.049868 8 1.134663 9 1.169448 10 0.948763 11 1.814359 
signalregion_dilepton_inclusive up_lfstats1 0 1.000000 3 1.022035 4 1.033556 5 1.029348 6 1.090898 7 1.044103 8 1.123241 9 1.155944 10 0.816984 11 1.809509 
signalregion_dilepton_inclusive up_lfstats2 0 1.000000 3 1.030321 4 1.044545 5 1.043601 6 1.106128 7 1.063363 8 1.145749 9 1.181469 10 0.847451 11 1.788801 
signalregion_dilepton_me central 0 1.000000 3 1.080713 4 1.103050 5 1.114090 6 1.306036 7 1.130523 8 1.407804 9 0.989257 10 0.635858 
signalregion_dilepton_me down_cferr1 0 1.000000 3 1.003730 4 1.007617 5 0.995453 6 1.164400 7 0.913144 8 1.257728 9 0.989257 10 0.635858 
signalregion_dilepton_me down_cferr2 0 1.000000 3 1.049139 4 1.059716 5 1.060155 6 1.244705 7 1.034088 8 1.361650 9 0.989257 10 0.635858 
signalregion_dilepton_me down_hf 0 1.000000 3 1.097356 4 1.140411 5 1.157098 6 1.415938 7 1.227415 8 1.476121 9 1.039930 10 0.691331 
signalregion_dilepton_me down_hfstats1 0 1.000000 3 1.068515 4 1.089600 5 1.099749 6 1.281629 7 1.118297 8 1.375894 9 0.980720 10 0.631353 
signalregion_dilepton_me down_hfstats2 0 1.000000 3 1.086161 4 1.109525 5 1.122062 6 1.317020 7 1.138606 8 1.427621 9 1.021107 10 0.639777 
signalregion_dilepton_me down_jes 0 1.000000 1 0.897531 2 1.083258 3 1.096876 4 1.120001 5 1.174710 6 1.333770 7 1.169445 8 1.516736 9 1.136344 10 0.614591 
signalregion_dilepton_me down_jesAbsolute 0 1.000000 1 0.913537 2 0.829881 3 0.671906 4 0.657736 5 0.561857 6 0.720797 7 0.356215 8 0.362991 9 1.044594 10 0.631464 
signalregion_dilepton_me down_jesAbsolute_2018 0 1.000000 2 0.612042 3 0.670626 4 0.652874 5 0.579395 6 0.698122 7 0.353495 8 0.353143 9 1.022556 10 0.632836 
signalregion_dilepton_me down_jesBBEC1 0 1.000000 2 0.725042 3 0.668016 4 0.652841 5 0.576311 6 0.698396 7 0.352903 8 0.350589 9 1.008043 10 0.638591 
signalregion_dilepton_me down_jesBBEC1_2018 0 1.000000 2 0.838606 3 0.663089 4 0.654300 5 0.575211 6 0.692210 7 0.350673 8 0.348125 9 0.994650 10 0.634161 
signalregion_dilepton_me down_jesEC2 0 1.000000 3 0.664325 4 0.652958 5 0.574762 6 0.689432 7 0.350271 8 0.348537 9 0.991042 10 0.633926 
signalregion_dilepton_me down_jesEC2_2018 0 1.000000 3 0.664317 4 0.652897 5 0.574740 6 0.689545 7 0.349762 8 0.347879 9 0.989891 10 0.633423 
signalregion_dilepton_me down_jesFlavorQCD 0 1.000000 1 0.912299 2 1.132916 3 1.085268 4 1.116685 5 1.142445 6 1.313675 7 1.142261 8 1.461678 9 1.059807 10 0.629507 
signalregion_dilepton_me down_jesHF 0 1.000000 3 0.663871 4 0.652627 5 0.574463 6 0.688610 7 0.350342 8 0.347908 9 0.992569 10 0.633629 
signalregion_dilepton_me down_jesHF_2018 0 1.000000 3 0.664010 4 0.652493 5 0.574469 6 0.688736 7 0.349800 8 0.347234 9 0.988167 10 0.634562 
signalregion_dilepton_me down_jesRelativeBal 0 1.000000 3 1.072992 4 1.097475 5 1.107997 6 1.296985 7 1.118960 8 1.386024 9 0.973196 10 0.640778 
signalregion_dilepton_me down_jesRelativeSample_2018 0 1.000000 3 0.654408 4 0.631894 5 0.582527 6 0.664866 7 0.409777 8 0.283080 9 0.930988 10 0.646941 
signalregion_dilepton_me down_lf 0 1.000000 3 1.175155 4 1.210828 5 1.215444 6 1.468025 7 1.241883 8 1.678220 9 1.073529 10 0.669710 
signalregion_dilepton_me down_lfstats1 0 1.000000 3 1.134637 4 1.181197 5 1.217833 6 1.465178 7 1.283346 8 1.596241 9 1.259529 10 0.830934 
signalregion_dilepton_me down_lfstats2 0 1.000000 3 1.125566 4 1.168880 5 1.200207 6 1.442126 7 1.260507 8 1.568279 9 1.202182 10 0.789390 
signalregion_dilepton_me up_cferr1 0 1.000000 3 1.193169 4 1.238956 5 1.285190 6 1.522653 7 1.471873 8 1.685558 9 0.989257 10 0.635858 
signalregion_dilepton_me up_cferr2 0 1.000000 3 1.148894 4 1.186702 5 1.219440 6 1.433691 7 1.329488 8 1.603585 9 0.989257 10 0.635858 
signalregion_dilepton_me up_hf 0 1.000000 3 1.055710 4 1.054834 5 1.057228 6 1.184723 7 1.017576 8 1.302020 9 0.909105 10 0.563025 
signalregion_dilepton_me up_hfstats1 0 1.000000 3 1.094217 4 1.117771 5 1.129980 6 1.333060 7 1.143395 8 1.445712 9 0.998051 10 0.640305 
signalregion_dilepton_me up_hfstats2 0 1.000000 3 1.076718 4 1.097966 5 1.107900 6 1.297641 7 1.123469 8 1.394807 9 0.959854 10 0.632194 
signalregion_dilepton_me up_jes 0 1.000000 3 1.058023 4 1.071337 5 1.100767 6 1.231940 7 1.068976 8 1.266269 9 0.857913 11 0.626807 
signalregion_dilepton_me up_jesAbsolute 0 1.000000 3 0.657682 4 0.631189 5 0.581594 6 0.684482 7 0.382244 8 0.286578 9 0.930288 11 0.631529 
signalregion_dilepton_me up_jesAbsolute_2018 0 1.000000 3 0.659819 4 0.640159 5 0.587430 6 0.690707 7 0.386291 8 0.289685 9 0.959143 10 0.638708 
signalregion_dilepton_me up_jesBBEC1 0 1.000000 3 0.664609 4 0.647449 5 0.568300 6 0.676208 7 0.398660 8 0.292428 9 0.965599 10 0.632690 
signalregion_dilepton_me up_jesBBEC1_2018 0 1.000000 3 0.662405 4 0.649562 5 0.578484 6 0.683391 7 0.365436 8 0.346957 9 0.990171 10 0.636457 
signalregion_dilepton_me up_jesEC2 0 1.000000 3 0.663506 4 0.652146 5 0.574037 6 0.686762 7 0.349416 8 0.345479 9 0.985055 10 0.637802 
signalregion_dilepton_me up_jesEC2_2018 0 1.000000 3 0.663407 4 0.652324 5 0.574175 6 0.688203 7 0.350309 8 0.346643 9 0.989152 10 0.636962 
signalregion_dilepton_me up_jesFlavorQCD 0 1.000000 3 1.070936 4 1.087564 5 1.107581 6 1.286421 7 1.105349 8 1.348345 9 0.918959 11 0.633310 
signalregion_dilepton_me up_jesHF 0 1.000000 3 0.663810 4 0.652307 5 0.574121 6 0.688552 7 0.349444 8 0.344844 9 0.989947 10 0.635201 
signalregion_dilepton_me up_jesHF_2018 0 1.000000 3 0.663958 4 0.652453 5 0.574369 6 0.688476 7 0.349560 8 0.345532 9 0.988349 10 0.634876 
signalregion_dilepton_me up_jesRelativeBal 0 1.000000 2 1.042862 3 1.085476 4 1.109805 5 1.130810 6 1.319195 7 1.136600 8 1.436146 9 0.995445 10 0.626742 
signalregion_dilepton_me up_jesRelativeSample_2018 0 1.000000 2 0.840979 3 0.676640 4 0.651685 5 0.589402 6 0.713159 7 0.372498 8 0.370387 9 1.062164 10 0.620433 
signalregion_dilepton_me up_lf 0 1.000000 3 0.987657 4 0.997826 5 1.010813 6 1.150287 7 1.012145 8 1.154127 9 0.888059 10 0.594258 
signalregion_dilepton_me up_lfstats1 0 1.000000 3 1.029830 4 1.030522 5 1.019497 6 1.165706 7 0.996045 8 1.242017 9 0.774178 10 0.485209 
signalregion_dilepton_me up_lfstats2 0 1.000000 3 1.038290 4 1.041592 5 1.034591 6 1.184661 7 1.014111 8 1.265278 9 0.811294 10 0.510508 
signalregion_dilepton_minus central 0 1.000000 3 1.071903 4 1.104218 5 1.112291 6 1.198652 7 1.199152 8 1.369365 9 1.431285 10 0.635858 11 2.142812 
signalregion_dilepton_minus down_cferr1 0 1.000000 3 0.986736 4 1.012986 5 0.990148 6 1.058779 7 1.024033 8 1.251458 9 0.980689 10 0.635858 11 0.803252 
signalregion_dilepton_minus down_cferr2 0 1.000000 3 1.034979 4 1.064809 5 1.060213 6 1.135748 7 1.119883 8 1.330045 9 1.169509 10 0.635858 11 1.323741 
signalregion_dilepton_minus down_hf 0 1.000000 3 1.092616 4 1.140014 5 1.161251 6 1.294259 7 1.303401 8 1.546797 9 2.002299 10 0.691331 11 2.913621 
signalregion_dilepton_minus down_hfstats1 0 1.000000 3 1.060742 4 1.090391 5 1.097477 6 1.180898 7 1.178786 8 1.342455 9 1.385264 10 0.631353 11 2.114392 
signalregion_dilepton_minus down_hfstats2 0 1.000000 3 1.076866 4 1.110705 5 1.120119 6 1.208822 7 1.209724 8 1.381829 9 1.452853 10 0.639777 11 2.160862 
signalregion_dilepton_minus down_jes 0 1.000000 2 1.050278 3 1.087926 4 1.131675 5 1.162866 6 1.210179 7 1.232580 8 1.504230 9 1.607016 10 1.446620 
signalregion_dilepton_minus down_jesAbsolute 0 1.000000 2 0.756718 3 0.653168 4 0.671323 5 0.557905 6 0.613754 7 0.475618 8 0.788393 9 0.460789 10 0.631464 11 0.000000 
signalregion_dilepton_minus down_jesAbsolute_2018 0 1.000000 2 0.700636 3 0.651348 4 0.665359 5 0.548948 6 0.621454 7 0.469504 8 0.780811 9 0.450951 10 0.632836 11 0.000000 
signalregion_dilepton_minus down_jesBBEC1 0 1.000000 2 0.861820 3 0.649593 4 0.664092 5 0.561549 6 0.608403 7 0.478467 8 0.717976 9 0.446054 10 0.638591 11 0.000000 
signalregion_dilepton_minus down_jesBBEC1_2018 0 1.000000 2 0.739035 3 0.648479 4 0.662448 5 0.547871 6 0.610729 7 0.499694 8 0.710156 9 0.438673 10 0.634161 11 0.000000 
signalregion_dilepton_minus down_jesEC2 0 1.000000 3 0.648156 4 0.663808 5 0.545348 6 0.612924 7 0.499149 8 0.711271 9 0.436747 10 0.633926 11 0.000000 
signalregion_dilepton_minus down_jesEC2_2018 0 1.000000 3 0.648137 4 0.663764 5 0.545133 6 0.612688 7 0.498654 8 0.709293 9 0.436284 10 0.633423 11 0.000000 
signalregion_dilepton_minus down_jesFlavorQCD 0 1.000000 2 1.072726 3 1.075797 4 1.118755 5 1.135259 6 1.206859 7 1.210587 8 1.442856 9 1.501222 10 1.318295 
signalregion_dilepton_minus down_jesHF 0 1.000000 3 0.647669 4 0.663149 5 0.544737 6 0.611800 7 0.498542 8 0.707847 9 0.437215 10 0.633629 11 0.000000 
signalregion_dilepton_minus down_jesHF_2018 0 1.000000 3 0.647704 4 0.663056 5 0.544805 6 0.612267 7 0.498469 8 0.708313 9 0.435663 10 0.634562 11 0.000000 
signalregion_dilepton_minus down_jesRelativeBal 0 1.000000 2 1.265179 3 1.066186 4 1.097059 5 1.100440 6 1.191271 7 1.176910 8 1.326915 9 1.417046 10 0.640778 11 2.271558 
signalregion_dilepton_minus down_jesRelativeSample_2018 0 1.000000 3 0.638359 4 0.645123 5 0.544554 6 0.592659 7 0.527907 8 0.610336 9 0.412661 10 0.646941 11 0.000000 
signalregion_dilepton_minus down_lf 0 1.000000 3 1.158539 4 1.207163 5 1.213329 6 1.324444 7 1.343576 8 1.606097 9 1.728780 10 0.669710 11 2.457925 
signalregion_dilepton_minus down_lfstats1 0 1.000000 3 1.125628 4 1.183447 5 1.216164 6 1.340888 7 1.354645 8 1.596381 9 1.798091 10 0.830934 11 2.537982 
signalregion_dilepton_minus down_lfstats2 0 1.000000 3 1.116714 4 1.170907 5 1.199311 6 1.321003 7 1.331879 8 1.563833 9 1.766357 10 0.789390 11 2.570993 
signalregion_dilepton_minus up_cferr1 0 1.000000 3 1.193470 4 1.235962 5 1.288434 6 1.400810 7 1.476546 8 1.554414 9 1.893611 10 0.635858 11 3.399213 
signalregion_dilepton_minus up_cferr2 0 1.000000 3 1.146608 4 1.183964 5 1.218074 6 1.319446 7 1.359838 8 1.488189 9 1.733535 10 0.635858 11 2.977955 
signalregion_dilepton_minus up_hf 0 1.000000 3 1.043457 4 1.058387 5 1.049857 6 1.096303 7 1.080441 8 1.187991 9 0.986054 10 0.563025 11 1.530700 
signalregion_dilepton_minus up_hfstats1 0 1.000000 3 1.084049 4 1.119361 5 1.128264 6 1.217953 7 1.220488 8 1.400002 9 1.481748 10 0.640305 11 2.172655 
signalregion_dilepton_minus up_hfstats2 0 1.000000 3 1.068040 4 1.099158 5 1.105799 6 1.190023 7 1.189777 8 1.361007 9 1.413371 10 0.632194 11 2.127022 
signalregion_dilepton_minus up_jes 0 1.000000 3 1.053027 4 1.073299 5 1.077264 6 1.140231 7 1.143475 8 1.219204 9 1.356039 11 1.270991 
signalregion_dilepton_minus up_jesAbsolute 0 1.000000 3 0.641872 4 0.651364 5 0.537895 6 0.601335 7 0.510505 8 0.676677 9 0.410314 11 0.315765 
signalregion_dilepton_minus up_jesAbsolute_2018 0 1.000000 3 0.644599 4 0.655492 5 0.549110 6 0.598639 7 0.519483 8 0.683407 9 0.423358 10 0.638708 11 0.000000 
signalregion_dilepton_minus up_jesBBEC1 0 1.000000 3 0.648217 4 0.655558 5 0.542400 6 0.604111 7 0.522085 8 0.667155 9 0.425063 10 0.632690 11 0.000000 
signalregion_dilepton_minus up_jesBBEC1_2018 0 1.000000 3 0.645694 4 0.662020 5 0.548944 6 0.601242 7 0.493572 8 0.738850 9 0.436240 10 0.636457 11 0.000000 
signalregion_dilepton_minus up_jesEC2 0 1.000000 3 0.647364 4 0.662482 5 0.544437 6 0.610918 7 0.497033 8 0.705687 9 0.435052 10 0.637802 11 0.000000 
signalregion_dilepton_minus up_jesEC2_2018 0 1.000000 3 0.647317 4 0.662516 5 0.544579 6 0.611768 7 0.497357 8 0.706703 9 0.436112 10 0.636962 11 0.000000 
signalregion_dilepton_minus up_jesFlavorQCD 0 1.000000 3 1.064417 4 1.090776 5 1.099896 6 1.173371 7 1.167475 8 1.319001 9 1.417519 11 1.298815 
signalregion_dilepton_minus up_jesHF 0 1.000000 3 0.647595 4 0.662814 5 0.544600 6 0.612134 7 0.498062 8 0.708994 9 0.435777 10 0.635201 11 0.000000 
signalregion_dilepton_minus up_jesHF_2018 0 1.000000 3 0.647685 4 0.663064 5 0.544652 6 0.612295 7 0.498040 8 0.709082 9 0.435691 10 0.634876 11 0.000000 
signalregion_dilepton_minus up_jesRelativeBal 0 1.000000 2 1.011104 3 1.076592 4 1.110484 5 1.124093 6 1.209943 7 1.218204 8 1.389513 9 1.456763 10 0.626742 11 2.239396 
signalregion_dilepton_minus up_jesRelativeSample_2018 0 1.000000 2 0.771533 3 0.651708 4 0.672579 5 0.570547 6 0.616225 7 0.495379 8 0.877306 9 0.455922 10 0.620433 11 0.000000 
signalregion_dilepton_minus up_lf 0 1.000000 3 0.985740 4 1.002764 5 1.009330 6 1.072442 7 1.054093 8 1.144962 9 1.170857 10 0.594258 11 1.814359 
signalregion_dilepton_minus up_lfstats1 0 1.000000 3 1.021145 4 1.030901 5 1.017534 6 1.072955 7 1.061265 8 1.175370 9 1.139738 10 0.485209 11 1.809509 
signalregion_dilepton_minus up_lfstats2 0 1.000000 3 1.029413 4 1.042128 5 1.031899 6 1.089452 7 1.079640 8 1.200857 9 1.160928 10 0.510508 11 1.788801 
signalregion_dilepton_mm central 0 1.000000 3 1.062286 4 1.116528 5 1.132136 6 1.191192 7 1.444246 8 1.490389 9 1.032809 
signalregion_dilepton_mm down_cferr1 0 1.000000 3 0.976055 4 1.003448 5 1.006927 6 1.030724 7 1.311208 8 1.426023 9 0.748586 
signalregion_dilepton_mm down_cferr2 0 1.000000 3 1.025602 4 1.065594 5 1.082108 6 1.114725 7 1.395976 8 1.481231 9 0.868947 
signalregion_dilepton_mm down_hf 0 1.000000 3 1.085019 4 1.172223 5 1.198737 6 1.309230 7 1.588770 8 1.862293 9 1.235351 
signalregion_dilepton_mm down_hfstats1 0 1.000000 3 1.052568 4 1.104154 5 1.119840 6 1.177263 7 1.414633 8 1.469908 9 1.017528 
signalregion_dilepton_mm down_hfstats2 0 1.000000 3 1.066473 4 1.122010 5 1.138719 6 1.199544 7 1.452865 8 1.497742 9 1.038478 
signalregion_dilepton_mm down_jes 0 1.000000 2 0.998499 3 1.083062 4 1.147910 5 1.156893 6 1.229717 7 1.499233 8 1.333844 9 1.190396 
signalregion_dilepton_mm down_jesAbsolute 0 1.000000 2 0.606752 3 0.612588 4 0.633712 5 0.525168 6 0.610291 7 0.728925 8 0.765417 9 0.365857 
signalregion_dilepton_mm down_jesAbsolute_2018 0 1.000000 2 0.813723 3 0.603852 4 0.631267 5 0.524519 6 0.608176 7 0.691427 8 0.783443 9 0.359725 
signalregion_dilepton_mm down_jesBBEC1 0 1.000000 2 0.919172 3 0.604797 4 0.621425 5 0.539320 6 0.597912 7 0.697120 8 0.779206 9 0.363677 
signalregion_dilepton_mm down_jesBBEC1_2018 0 1.000000 2 1.021637 3 0.606162 4 0.616750 5 0.539363 6 0.577318 7 0.738733 8 0.782831 9 0.361825 
signalregion_dilepton_mm down_jesEC2 0 1.000000 3 0.606821 4 0.615462 5 0.535798 6 0.575652 7 0.737843 8 0.777347 9 0.361883 
signalregion_dilepton_mm down_jesEC2_2018 0 1.000000 3 0.606801 4 0.615283 5 0.535903 6 0.575202 7 0.737967 8 0.779796 9 0.360754 
signalregion_dilepton_mm down_jesFlavorQCD 0 1.000000 2 0.941474 3 1.073133 4 1.129237 5 1.147442 6 1.204725 7 1.462836 8 1.451292 9 1.069172 
signalregion_dilepton_mm down_jesHF 0 1.000000 3 0.606196 4 0.614975 5 0.534957 6 0.574886 7 0.737850 8 0.776270 9 0.362310 
signalregion_dilepton_mm down_jesHF_2018 0 1.000000 3 0.606174 4 0.615057 5 0.534753 6 0.574879 7 0.740001 8 0.776082 9 0.362251 
signalregion_dilepton_mm down_jesRelativeBal 0 1.000000 2 0.910660 3 1.059373 4 1.106075 5 1.124520 6 1.180083 7 1.394919 8 1.417355 9 1.016033 
signalregion_dilepton_mm down_jesRelativeSample_2018 0 1.000000 3 0.597956 4 0.596323 5 0.533706 6 0.562862 7 0.693563 8 0.736680 9 0.365674 
signalregion_dilepton_mm down_lf 0 1.000000 3 1.135342 4 1.210120 5 1.217957 6 1.307235 7 1.628377 8 1.593959 9 1.155897 
signalregion_dilepton_mm down_lfstats1 0 1.000000 3 1.114008 4 1.199209 5 1.237623 6 1.333072 7 1.654171 8 1.803399 9 1.248881 
signalregion_dilepton_mm down_lfstats2 0 1.000000 3 1.105758 4 1.187293 5 1.222355 6 1.316604 7 1.620820 8 1.783783 9 1.219330 
signalregion_dilepton_mm up_cferr1 0 1.000000 3 1.189660 4 1.274364 5 1.311772 6 1.414518 7 1.630217 8 1.618360 9 1.455258 
signalregion_dilepton_mm up_cferr2 0 1.000000 3 1.140946 4 1.212324 5 1.236450 6 1.328255 7 1.551512 8 1.565622 9 1.296139 
signalregion_dilepton_mm up_hf 0 1.000000 3 1.031992 4 1.054581 5 1.055346 6 1.068757 7 1.286312 8 1.125689 9 0.835442 
signalregion_dilepton_mm up_hfstats1 0 1.000000 3 1.072699 4 1.130076 5 1.145067 6 1.206336 7 1.476214 8 1.509751 9 1.049207 
signalregion_dilepton_mm up_hfstats2 0 1.000000 3 1.058899 4 1.112309 5 1.126339 6 1.184275 7 1.437861 8 1.482599 9 1.028505 
signalregion_dilepton_mm up_jes 0 1.000000 3 1.041335 4 1.084924 5 1.092305 6 1.137645 7 1.351212 8 1.485752 9 0.954954 
signalregion_dilepton_mm up_jesAbsolute 0 1.000000 3 0.601734 4 0.600191 5 0.532882 6 0.561303 7 0.754739 8 0.766464 9 0.363667 
signalregion_dilepton_mm up_jesAbsolute_2018 0 1.000000 3 0.602637 4 0.613104 5 0.533811 6 0.564381 7 0.757625 8 0.764621 9 0.370295 
signalregion_dilepton_mm up_jesBBEC1 0 1.000000 3 0.604115 4 0.610498 5 0.534667 6 0.566935 7 0.734197 8 0.782678 9 0.359743 
signalregion_dilepton_mm up_jesBBEC1_2018 0 1.000000 3 0.605279 4 0.617612 5 0.530077 6 0.566625 7 0.736399 8 0.764482 9 0.362511 
signalregion_dilepton_mm up_jesEC2 0 1.000000 3 0.605897 4 0.614369 5 0.534163 6 0.573554 7 0.737676 8 0.773881 9 0.362208 
signalregion_dilepton_mm up_jesEC2_2018 0 1.000000 3 0.606011 4 0.614534 5 0.534556 6 0.574810 7 0.738691 8 0.771976 9 0.362438 
signalregion_dilepton_mm up_jesFlavorQCD 0 1.000000 3 1.053236 4 1.100375 5 1.131262 6 1.166640 7 1.408269 8 1.477628 9 1.007336 
signalregion_dilepton_mm up_jesHF 0 1.000000 3 0.606192 4 0.614656 5 0.534860 6 0.574652 7 0.740599 8 0.779055 9 0.361543 
signalregion_dilepton_mm up_jesHF_2018 0 1.000000 3 0.606277 4 0.614921 5 0.534755 6 0.574838 7 0.739555 8 0.779766 9 0.361507 
signalregion_dilepton_mm up_jesRelativeBal 0 1.000000 2 0.951981 3 1.066554 4 1.125287 5 1.143099 6 1.203314 7 1.483509 8 1.499768 9 1.044898 
signalregion_dilepton_mm up_jesRelativeSample_2018 0 1.000000 2 0.656215 3 0.609017 4 0.637521 5 0.542639 6 0.596867 7 0.737210 8 0.781902 9 0.360130 
signalregion_dilepton_mm up_lf 0 1.000000 3 0.987395 4 1.024506 5 1.042093 6 1.074345 7 1.264455 8 1.355623 9 0.906460 
signalregion_dilepton_mm up_lfstats1 0 1.000000 3 1.013191 4 1.040130 5 1.035815 6 1.065253 7 1.259930 8 1.230905 9 0.855062 
signalregion_dilepton_mm up_lfstats2 0 1.000000 3 1.020898 4 1.050760 5 1.048765 6 1.078907 7 1.286558 8 1.243248 9 0.875517 
signalregion_dilepton_plus central 0 1.000000 3 1.073147 4 1.109225 5 1.137690 6 1.240269 7 1.183082 8 1.266147 9 1.381260 10 1.372328 
signalregion_dilepton_plus down_cferr1 0 1.000000 3 0.999851 4 1.003717 5 1.021081 6 1.099344 7 0.999815 8 1.134321 9 1.045827 10 0.999879 
signalregion_dilepton_plus down_cferr2 0 1.000000 3 1.042723 4 1.062562 5 1.087369 6 1.179114 7 1.094395 8 1.232058 9 1.209809 10 1.191407 
signalregion_dilepton_plus down_hf 0 1.000000 3 1.092003 4 1.152554 5 1.194387 6 1.368803 7 1.310145 8 1.451755 9 1.530487 10 1.491810 
signalregion_dilepton_plus down_hfstats1 0 1.000000 3 1.061602 4 1.095549 5 1.123765 6 1.222063 7 1.167674 8 1.248158 9 1.351701 10 1.379026 
signalregion_dilepton_plus down_hfstats2 0 1.000000 3 1.077901 4 1.115404 5 1.145414 6 1.250407 7 1.192419 8 1.284748 9 1.396144 10 1.384153 
signalregion_dilepton_plus down_jes 0 1.000000 1 0.945433 2 1.045597 3 1.094354 4 1.133481 5 1.181036 6 1.246668 7 1.245761 8 1.337584 9 1.427164 10 1.549987 
signalregion_dilepton_plus down_jesAbsolute 0 1.000000 1 0.913537 2 0.723761 3 0.682229 4 0.621374 5 0.606693 6 0.647076 7 0.567106 8 0.551751 9 0.677291 10 0.000000 
signalregion_dilepton_plus down_jesAbsolute_2018 0 1.000000 2 0.764616 3 0.677012 4 0.620089 5 0.611814 6 0.641009 7 0.561875 8 0.587071 9 0.667196 10 0.000000 
signalregion_dilepton_plus down_jesBBEC1 0 1.000000 2 0.820703 3 0.677235 4 0.614587 5 0.615075 6 0.635649 7 0.551833 8 0.622879 9 0.659397 10 0.000000 
signalregion_dilepton_plus down_jesBBEC1_2018 0 1.000000 2 0.960163 3 0.674755 4 0.613829 5 0.615518 6 0.624347 7 0.544031 8 0.619590 9 0.661760 10 0.000000 
signalregion_dilepton_plus down_jesEC2 0 1.000000 3 0.675362 4 0.612538 5 0.612801 6 0.623611 7 0.544239 8 0.616856 9 0.664347 10 0.000000 
signalregion_dilepton_plus down_jesEC2_2018 0 1.000000 3 0.675301 4 0.612590 5 0.612887 6 0.623176 7 0.544225 8 0.616505 9 0.663713 10 0.000000 
signalregion_dilepton_plus down_jesFlavorQCD 0 1.000000 1 0.912299 2 1.006009 3 1.084288 4 1.119460 5 1.159153 6 1.248026 7 1.195955 8 1.321242 9 1.397568 10 1.477454 
signalregion_dilepton_plus down_jesHF 0 1.000000 3 0.674969 4 0.612212 5 0.612313 6 0.622656 7 0.543954 8 0.616472 9 0.664589 10 0.000000 
signalregion_dilepton_plus down_jesHF_2018 0 1.000000 3 0.674882 4 0.612179 5 0.612116 6 0.622777 7 0.544030 8 0.615493 9 0.662434 10 0.000000 
signalregion_dilepton_plus down_jesRelativeBal 0 1.000000 2 0.864715 3 1.066793 4 1.103179 5 1.127484 6 1.224053 7 1.171197 8 1.242079 9 1.374284 10 1.345670 
signalregion_dilepton_plus down_jesRelativeSample_2018 0 1.000000 3 0.664079 4 0.606297 5 0.596065 6 0.602935 7 0.538498 8 0.587572 9 0.646905 10 0.000000 
signalregion_dilepton_plus down_lf 0 1.000000 3 1.161741 4 1.213481 5 1.244187 6 1.366960 7 1.315766 8 1.399207 9 1.607448 10 1.420683 
signalregion_dilepton_plus down_lfstats1 0 1.000000 3 1.126251 4 1.188165 5 1.244397 6 1.388177 7 1.355540 8 1.492707 9 1.631631 10 1.640873 
signalregion_dilepton_plus down_lfstats2 0 1.000000 3 1.117338 4 1.176095 5 1.227847 6 1.371626 7 1.330264 8 1.466242 9 1.594429 10 1.590389 
signalregion_dilepton_plus up_cferr1 0 1.000000 3 1.179487 4 1.259016 5 1.306500 6 1.452723 7 1.448025 8 1.480102 9 2.016725 10 1.903936 
signalregion_dilepton_plus up_cferr2 0 1.000000 3 1.138317 4 1.200637 5 1.238652 6 1.367722 7 1.342690 8 1.372797 9 1.721235 10 1.814852 
signalregion_dilepton_plus up_hf 0 1.000000 3 1.045754 4 1.057251 5 1.067998 6 1.107436 7 1.046455 8 1.067909 9 1.217680 10 1.227589 
signalregion_dilepton_plus up_hfstats1 0 1.000000 3 1.085695 4 1.124083 5 1.152812 6 1.260295 7 1.199439 8 1.286727 9 1.413778 10 1.364998 
signalregion_dilepton_plus up_hfstats2 0 1.000000 3 1.069534 4 1.104323 5 1.131392 6 1.232116 7 1.175069 8 1.251311 9 1.369830 10 1.361147 
signalregion_dilepton_plus up_jes 0 1.000000 3 1.051235 4 1.078918 5 1.104419 6 1.177375 7 1.133624 8 1.195720 9 1.340678 10 1.216124 
signalregion_dilepton_plus up_jesAbsolute 0 1.000000 3 0.667957 4 0.604333 5 0.606538 6 0.607181 7 0.535695 8 0.553359 9 0.684911 10 0.000000 
signalregion_dilepton_plus up_jesAbsolute_2018 0 1.000000 3 0.670218 4 0.610086 5 0.606374 6 0.610217 7 0.545740 8 0.601241 9 0.666410 10 0.000000 
signalregion_dilepton_plus up_jesBBEC1 0 1.000000 3 0.672727 4 0.609650 5 0.607234 6 0.616463 7 0.532273 8 0.608180 9 0.670426 10 0.000000 
signalregion_dilepton_plus up_jesBBEC1_2018 0 1.000000 3 0.673542 4 0.612553 5 0.606780 6 0.622993 7 0.542811 8 0.612284 9 0.663319 10 0.000000 
signalregion_dilepton_plus up_jesEC2 0 1.000000 3 0.674384 4 0.611656 5 0.611530 6 0.621575 7 0.544223 8 0.614627 9 0.659643 10 0.000000 
signalregion_dilepton_plus up_jesEC2_2018 0 1.000000 3 0.674502 4 0.611752 5 0.611765 6 0.623128 7 0.544746 8 0.615846 9 0.656855 10 0.000000 
signalregion_dilepton_plus up_jesFlavorQCD 0 1.000000 3 1.063239 4 1.095360 5 1.127953 6 1.217956 7 1.162676 8 1.216463 9 1.406547 10 1.299580 
signalregion_dilepton_plus up_jesHF 0 1.000000 3 0.674589 4 0.611986 5 0.612027 6 0.622653 7 0.543635 8 0.616002 9 0.660546 10 0.000000 
signalregion_dilepton_plus up_jesHF_2018 0 1.000000 3 0.674780 4 0.612104 5 0.612076 6 0.623028 7 0.543798 8 0.616583 9 0.659857 10 0.000000 
signalregion_dilepton_plus up_jesRelativeBal 0 1.000000 2 0.983340 3 1.078647 4 1.116961 5 1.150273 6 1.245158 7 1.187492 8 1.296927 9 1.388136 10 1.413435 
signalregion_dilepton_plus up_jesRelativeSample_2018 0 1.000000 2 0.644793 3 0.687998 4 0.624433 5 0.622742 6 0.632487 7 0.561039 8 0.659335 9 0.493447 10 0.000000 
signalregion_dilepton_plus up_lf 0 1.000000 3 0.984408 4 1.007259 5 1.030207 6 1.112901 7 1.046923 8 1.125157 9 1.168442 10 1.303268 
signalregion_dilepton_plus up_lfstats1 0 1.000000 3 1.022890 4 1.036039 5 1.040452 6 1.109762 7 1.032142 8 1.075122 9 1.167520 10 1.148758 
signalregion_dilepton_plus up_lfstats2 0 1.000000 3 1.031192 4 1.046806 5 1.054600 6 1.123660 7 1.052018 8 1.094880 9 1.196142 10 1.184393 
signalregion_trilepton central 0 1.000000 2 1.142132 3 1.258637 4 1.250662 
signalregion_trilepton down_cferr1 0 1.000000 2 1.071747 3 1.252846 4 0.811831 
signalregion_trilepton down_cferr2 0 1.000000 2 1.108448 3 1.269295 4 1.046152 
signalregion_trilepton down_hf 0 1.000000 2 1.161494 3 1.257212 4 1.135555 
signalregion_trilepton down_hfstats1 0 1.000000 2 1.138537 3 1.236178 4 1.152380 
signalregion_trilepton down_hfstats2 0 1.000000 2 1.148731 3 1.267765 4 1.285747 
signalregion_trilepton down_jes 0 1.000000 2 1.155506 3 1.380626 4 1.252647 
signalregion_trilepton down_jesAbsolute 0 1.000000 2 0.774826 3 0.892817 4 0.000000 
signalregion_trilepton down_jesAbsolute_2018 0 1.000000 2 0.777418 3 0.891515 4 0.000000 
signalregion_trilepton down_jesBBEC1 0 1.000000 2 0.775907 3 0.879880 4 0.000000 
signalregion_trilepton down_jesBBEC1_2018 0 1.000000 2 0.777751 3 0.882323 4 0.000000 
signalregion_trilepton down_jesEC2 0 1.000000 2 0.778803 3 0.879339 4 0.000000 
signalregion_trilepton down_jesEC2_2018 0 1.000000 2 0.777457 3 0.879860 4 0.000000 
signalregion_trilepton down_jesFlavorQCD 0 1.000000 2 1.140573 3 1.320294 4 1.229883 
signalregion_trilepton down_jesHF 0 1.000000 2 0.778660 3 0.879874 4 0.000000 
signalregion_trilepton down_jesHF_2018 0 1.000000 2 0.777419 3 0.879150 4 0.000000 
signalregion_trilepton down_jesRelativeBal 0 1.000000 2 1.139107 3 1.221180 4 1.249050 
signalregion_trilepton down_jesRelativeSample_2018 0 1.000000 2 0.772097 3 0.856799 4 0.000000 
signalregion_trilepton down_lf 0 1.000000 2 1.152906 3 1.463628 4 1.334909 
signalregion_trilepton down_lfstats1 0 1.000000 2 1.177960 3 1.316358 4 1.315983 
signalregion_trilepton down_lfstats2 0 1.000000 2 1.172344 3 1.303913 4 1.283955 
signalregion_trilepton up_cferr1 0 1.000000 2 1.244822 3 1.289538 4 1.791416 
signalregion_trilepton up_cferr2 0 1.000000 2 1.209367 3 1.274852 4 1.568594 
signalregion_trilepton up_hf 0 1.000000 2 1.118104 3 1.250239 4 1.350965 
signalregion_trilepton up_hfstats1 0 1.000000 2 1.146349 3 1.280579 4 1.360013 
signalregion_trilepton up_hfstats2 0 1.000000 2 1.136287 3 1.249445 4 1.223185 
signalregion_trilepton up_jes 0 1.000000 2 1.126730 3 1.136152 4 1.239468 
signalregion_trilepton up_jesAbsolute 0 1.000000 2 0.776569 3 0.875676 4 0.000000 
signalregion_trilepton up_jesAbsolute_2018 0 1.000000 2 0.774424 3 0.875343 4 0.000000 
signalregion_trilepton up_jesBBEC1 0 1.000000 2 0.774833 3 0.873994 4 0.000000 
signalregion_trilepton up_jesBBEC1_2018 0 1.000000 2 0.778575 3 0.876715 4 0.000000 
signalregion_trilepton up_jesEC2 0 1.000000 2 0.777765 3 0.877506 4 0.000000 
signalregion_trilepton up_jesEC2_2018 0 1.000000 2 0.777843 3 0.878566 4 0.000000 
signalregion_trilepton up_jesFlavorQCD 0 1.000000 2 1.138365 3 1.214281 4 1.241286 
signalregion_trilepton up_jesHF 0 1.000000 2 0.777916 3 0.879431 4 0.000000 
signalregion_trilepton up_jesHF_2018 0 1.000000 2 0.779341 3 0.878193 4 0.000000 
signalregion_trilepton up_jesRelativeBal 0 1.000000 2 1.136453 3 1.298490 4 1.253242 
signalregion_trilepton up_jesRelativeSample_2018 0 1.000000 2 0.780664 3 0.905428 4 0.000000 
signalregion_trilepton up_lf 0 1.000000 2 1.125760 3 1.064321 4 1.121216 
signalregion_trilepton up_lfstats1 0 1.000000 2 1.107772 3 1.203388 4 1.189754 
signalregion_trilepton up_lfstats2 0 1.000000 2 1.113214 3 1.214698 4 1.220351 
trileptoncontrolregion central 0 1.000000 3 1.152522 4 1.034422 
trileptoncontrolregion down_cferr1 0 1.000000 3 1.152522 4 1.034422 
trileptoncontrolregion down_cferr2 0 1.000000 3 1.152522 4 1.034422 
trileptoncontrolregion down_hf 0 1.000000 3 1.188981 4 1.055234 
trileptoncontrolregion down_hfstats1 0 1.000000 3 1.126363 4 1.027488 
trileptoncontrolregion down_hfstats2 0 1.000000 3 1.172325 4 1.037387 
trileptoncontrolregion down_jes 0 1.000000 3 1.151218 4 1.061833 
trileptoncontrolregion down_jesAbsolute 0 1.000000 3 1.152461 4 1.043314 
trileptoncontrolregion down_jesAbsolute_2018 0 1.000000 3 1.156492 4 1.042632 
trileptoncontrolregion down_jesBBEC1 0 1.000000 3 1.148935 4 1.036114 
trileptoncontrolregion down_jesBBEC1_2018 0 1.000000 3 1.152637 4 1.036836 
trileptoncontrolregion down_jesEC2 0 1.000000 3 1.153608 4 1.035322 
trileptoncontrolregion down_jesEC2_2018 0 1.000000 3 1.155945 4 1.036524 
trileptoncontrolregion down_jesFlavorQCD 0 1.000000 3 1.158657 4 1.048378 
trileptoncontrolregion down_jesHF 0 1.000000 3 1.151071 4 1.035375 
trileptoncontrolregion down_jesHF_2018 0 1.000000 3 1.152326 4 1.033998 
trileptoncontrolregion down_jesRelativeBal 0 1.000000 3 1.142780 4 1.028382 
trileptoncontrolregion down_jesRelativeSample_2018 0 1.000000 3 1.150049 4 1.016174 
trileptoncontrolregion down_lf 0 1.000000 3 1.191711 4 1.092498 
trileptoncontrolregion down_lfstats1 0 1.000000 3 1.216121 4 1.122658 
trileptoncontrolregion down_lfstats2 0 1.000000 3 1.204656 4 1.106179 
trileptoncontrolregion up_cferr1 0 1.000000 3 1.152522 4 1.034422 
trileptoncontrolregion up_cferr2 0 1.000000 3 1.152522 4 1.034422 
trileptoncontrolregion up_hf 0 1.000000 3 1.102093 4 0.994968 
trileptoncontrolregion up_hfstats1 0 1.000000 3 1.180498 4 1.041597 
trileptoncontrolregion up_hfstats2 0 1.000000 3 1.134302 4 1.031862 
trileptoncontrolregion up_jes 0 1.000000 3 1.129500 4 0.994321 
trileptoncontrolregion up_jesAbsolute 0 1.000000 3 1.149571 4 1.006741 
trileptoncontrolregion up_jesAbsolute_2018 0 1.000000 3 1.153774 4 1.021339 
trileptoncontrolregion up_jesBBEC1 0 1.000000 3 1.160658 4 1.026929 
trileptoncontrolregion up_jesBBEC1_2018 0 1.000000 3 1.151776 4 1.033598 
trileptoncontrolregion up_jesEC2 0 1.000000 3 1.152099 4 1.033916 
trileptoncontrolregion up_jesEC2_2018 0 1.000000 3 1.149282 4 1.033341 
trileptoncontrolregion up_jesFlavorQCD 0 1.000000 3 1.145595 4 1.004635 
trileptoncontrolregion up_jesHF 0 1.000000 3 1.151833 4 1.034283 
trileptoncontrolregion up_jesHF_2018 0 1.000000 3 1.151754 4 1.034132 
trileptoncontrolregion up_jesRelativeBal 0 1.000000 3 1.141241 4 1.034956 
trileptoncontrolregion up_jesRelativeSample_2018 0 1.000000 3 1.140945 4 1.049399 
trileptoncontrolregion up_lf 0 1.000000 3 1.106924 4 0.970391 
trileptoncontrolregion up_lfstats1 0 1.000000 3 1.090251 4 0.951661 
trileptoncontrolregion up_lfstats2 0 1.000000 3 1.101289 4 0.966346 
wzcontrolregion central 0 1.000000 3 1.067206 4 0.957235 6 1.382521 
wzcontrolregion down_cferr1 0 1.000000 3 1.023377 4 0.847332 6 0.609111 
wzcontrolregion down_cferr2 0 1.000000 3 1.046231 4 0.906016 6 0.962167 
wzcontrolregion down_hf 0 1.000000 3 1.081383 4 0.962123 6 1.377015 
wzcontrolregion down_hfstats1 0 1.000000 3 1.041549 4 0.953652 6 1.321845 
wzcontrolregion down_hfstats2 0 1.000000 3 1.082488 4 0.957684 6 1.381448 
wzcontrolregion down_jes 0 1.000000 3 1.076212 4 0.951984 6 1.379588 
wzcontrolregion down_jesAbsolute 0 1.000000 3 0.843574 4 0.638424 6 0.000000 
wzcontrolregion down_jesAbsolute_2018 0 1.000000 3 0.844446 4 0.643143 6 0.000000 
wzcontrolregion down_jesBBEC1 0 1.000000 3 0.840410 4 0.641552 6 0.000000 
wzcontrolregion down_jesBBEC1_2018 0 1.000000 3 0.841741 4 0.644868 6 0.000000 
wzcontrolregion down_jesEC2 0 1.000000 3 0.841293 4 0.644875 6 0.000000 
wzcontrolregion down_jesEC2_2018 0 1.000000 3 0.842321 4 0.644494 6 0.000000 
wzcontrolregion down_jesFlavorQCD 0 1.000000 3 1.074714 4 0.955188 6 1.376411 
wzcontrolregion down_jesHF 0 1.000000 3 0.839949 4 0.644935 6 0.000000 
wzcontrolregion down_jesHF_2018 0 1.000000 3 0.840453 4 0.644488 6 0.000000 
wzcontrolregion down_jesRelativeBal 0 1.000000 3 1.059217 4 0.956569 6 1.369596 
wzcontrolregion down_jesRelativeSample_2018 0 1.000000 3 0.835360 4 0.645509 6 0.000000 
wzcontrolregion down_lf 0 1.000000 3 1.139388 4 0.983969 6 1.771539 
wzcontrolregion down_lfstats1 0 1.000000 3 1.121052 4 1.030748 6 1.529747 
wzcontrolregion down_lfstats2 0 1.000000 3 1.110582 4 1.015859 6 1.500200 
wzcontrolregion up_cferr1 0 1.000000 3 1.131153 4 1.092664 6 2.227773 
wzcontrolregion up_cferr2 0 1.000000 3 1.109074 4 1.036859 6 2.043461 
wzcontrolregion up_hf 0 1.000000 3 1.042638 4 0.935941 6 1.370251 
wzcontrolregion up_hfstats1 0 1.000000 3 1.094596 4 0.959480 6 1.448875 
wzcontrolregion up_hfstats2 0 1.000000 3 1.053350 4 0.955631 6 1.388425 
wzcontrolregion up_jes 0 1.000000 3 1.045979 4 0.958409 6 1.368447 
wzcontrolregion up_jesAbsolute 0 1.000000 3 0.835712 4 0.643527 6 0.000000 
wzcontrolregion up_jesAbsolute_2018 0 1.000000 3 0.839640 4 0.643250 6 0.000000 
wzcontrolregion up_jesBBEC1 0 1.000000 3 0.843783 4 0.644559 6 0.000000 
wzcontrolregion up_jesBBEC1_2018 0 1.000000 3 0.839630 4 0.645031 6 0.000000 
wzcontrolregion up_jesEC2 0 1.000000 3 0.840184 4 0.644831 6 0.000000 
wzcontrolregion up_jesEC2_2018 0 1.000000 3 0.838719 4 0.644551 6 0.000000 
wzcontrolregion up_jesFlavorQCD 0 1.000000 3 1.059246 4 0.953687 6 1.385524 
wzcontrolregion up_jesHF 0 1.000000 3 0.840105 4 0.644566 6 0.000000 
wzcontrolregion up_jesHF_2018 0 1.000000 3 0.840014 4 0.644494 6 0.000000 
wzcontrolregion up_jesRelativeBal 0 1.000000 3 1.066323 4 0.953800 6 1.410077 
wzcontrolregion up_jesRelativeSample_2018 0 1.000000 3 0.839930 4 0.640408 6 0.000000 
wzcontrolregion up_lf 0 1.000000 3 0.995644 4 0.909911 6 1.037331 
wzcontrolregion up_lfstats1 0 1.000000 3 1.014962 4 0.888061 6 1.247559 
wzcontrolregion up_lfstats2 0 1.000000 3 1.025001 4 0.900990 6 1.273323 
zgcontrolregion central 0 1.000000 
zgcontrolregion down_cferr1 0 1.000000 
zgcontrolregion down_cferr2 0 1.000000 
zgcontrolregion down_hf 0 1.000000 
zgcontrolregion down_hfstats1 0 1.000000 
zgcontrolregion down_hfstats2 0 1.000000 
zgcontrolregion down_jes 0 1.000000 
zgcontrolregion down_jesAbsolute 0 1.000000 
zgcontrolregion down_jesAbsolute_2018 0 1.000000 
zgcontrolregion down_jesBBEC1 0 1.000000 
zgcontrolregion down_jesBBEC1_2018 0 1.000000 
zgcontrolregion down_jesEC2 0 1.000000 
zgcontrolregion down_jesEC2_2018 0 1.000000 
zgcontrolregion down_jesFlavorQCD 0 1.000000 
zgcontrolregion down_jesHF 0 1.000000 
zgcontrolregion down_jesHF_2018 0 1.000000 
zgcontrolregion down_jesRelativeBal 0 1.000000 
zgcontrolregion down_jesRelativeSample_2018 0 1.000000 
zgcontrolregion down_lf 0 1.000000 
zgcontrolregion down_lfstats1 0 1.000000 
zgcontrolregion down_lfstats2 0 1.000000 
zgcontrolregion up_cferr1 0 1.000000 
zgcontrolregion up_cferr2 0 1.000000 
zgcontrolregion up_hf 0 1.000000 
zgcontrolregion up_hfstats1 0 1.000000 
zgcontrolregion up_hfstats2 0 1.000000 
zgcontrolregion up_jes 0 1.000000 
zgcontrolregion up_jesAbsolute 0 1.000000 
zgcontrolregion up_jesAbsolute_2018 0 1.000000 
zgcontrolregion up_jesBBEC1 0 1.000000 
zgcontrolregion up_jesBBEC1_2018 0 1.000000 
zgcontrolregion up_jesEC2 0 1.000000 
zgcontrolregion up_jesEC2_2018 0 1.000000 
zgcontrolregion up_jesFlavorQCD 0 1.000000 
zgcontrolregion up_jesHF 0 1.000000 
zgcontrolregion up_jesHF_2018 0 1.000000 
zgcontrolregion up_jesRelativeBal 0 1.000000 
zgcontrolregion up_jesRelativeSample_2018 0 1.000000 
zgcontrolregion up_lf 0 1.000000 
zgcontrolregion up_lfstats1 0 1.000000 
zgcontrolregion up_lfstats2 0 1.000000 
zzcontrolregion central 0 1.000000 
zzcontrolregion down_cferr1 0 1.000000 
zzcontrolregion down_cferr2 0 1.000000 
zzcontrolregion down_hf 0 1.000000 
zzcontrolregion down_hfstats1 0 1.000000 
zzcontrolregion down_hfstats2 0 1.000000 
zzcontrolregion down_jes 0 1.000000 
zzcontrolregion down_jesAbsolute 0 1.000000 
zzcontrolregion down_jesAbsolute_2018 0 1.000000 
zzcontrolregion down_jesBBEC1 0 1.000000 
zzcontrolregion down_jesBBEC1_2018 0 1.000000 
zzcontrolregion down_jesEC2 0 1.000000 
zzcontrolregion down_jesEC2_2018 0 1.000000 
zzcontrolregion down_jesFlavorQCD 0 1.000000 
zzcontrolregion down_jesHF 0 1.000000 
zzcontrolregion down_jesHF_2018 0 1.000000 
zzcontrolregion down_jesRelativeBal 0 1.000000 
zzcontrolregion down_jesRelativeSample_2018 0 1.000000 
zzcontrolregion down_lf 0 1.000000 
zzcontrolregion down_lfstats1 0 1.000000 
zzcontrolregion down_lfstats2 0 1.000000 
zzcontrolregion up_cferr1 0 1.000000 
zzcontrolregion up_cferr2 0 1.000000 
zzcontrolregion up_hf 0 1.000000 
zzcontrolregion up_hfstats1 0 1.000000 
zzcontrolregion up_hfstats2 0 1.000000 
zzcontrolregion up_jes 0 1.000000 
zzcontrolregion up_jesAbsolute 0 1.000000 
zzcontrolregion up_jesAbsolute_2018 0 1.000000 
zzcontrolregion up_jesBBEC1 0 1.000000 
zzcontrolregion up_jesBBEC1_2018 0 1.000000 
zzcontrolregion up_jesEC2 0 1.000000 
zzcontrolregion up_jesEC2_2018 0 1.000000 
zzcontrolregion up_jesFlavorQCD 0 1.000000 
zzcontrolregion up_jesHF 0 1.000000 
zzcontrolregion up_jesHF_2018 0 1.000000 
zzcontrolregion up_jesRelativeBal 0 1.000000 
zzcontrolregion up_jesRelativeSample_2018 0 1.000000 
zzcontrolregion up_lf 0 1.000000 
zzcontrolregion up_lfstats1 0 1.000000 
zzcontrolregion up_lfstats2 0 1.000000 
