cfcontrolregion cfjetscontrolregion fourleptoncontrolregion npcontrolregion_dilepton_ee npcontrolregion_dilepton_em npcontrolregion_dilepton_inclusive npcontrolregion_dilepton_me npcontrolregion_dilepton_mm nplownjetscontrolregion_dilepton_inclusive signalregion_dilepton_ee signalregion_dilepton_em signalregion_dilepton_inclusive signalregion_dilepton_me signalregion_dilepton_minus signalregion_dilepton_mm signalregion_dilepton_plus signalregion_trilepton trileptoncontrolregion wzcontrolregion zgcontrolregion zzcontrolregion 
central down_cferr1 down_cferr2 down_hf down_hfstats1 down_hfstats2 down_jes down_jesAbsolute down_jesAbsolute_2016 down_jesBBEC1 down_jesBBEC1_2016 down_jesEC2 down_jesEC2_2016 down_jesFlavorQCD down_jesHF down_jesHF_2016 down_jesRelativeBal down_jesRelativeSample_2016 down_lf down_lfstats1 down_lfstats2 up_cferr1 up_cferr2 up_hf up_hfstats1 up_hfstats2 up_jes up_jesAbsolute up_jesAbsolute_2016 up_jesBBEC1 up_jesBBEC1_2016 up_jesEC2 up_jesEC2_2016 up_jesFlavorQCD up_jesHF up_jesHF_2016 up_jesRelativeBal up_jesRelativeSample_2016 up_lf up_lfstats1 up_lfstats2 
cfcontrolregion central 0 1.000000 1 1.004466 2 1.029849 3 1.049313 4 1.060848 5 1.071923 6 1.121985 7 1.130443 8 1.231508 
cfcontrolregion down_cferr1 0 1.000000 1 0.977922 2 0.986858 3 0.987636 4 0.974574 5 1.015142 6 1.076206 7 0.849014 8 0.894597 
cfcontrolregion down_cferr2 0 1.000000 1 0.990317 2 1.006640 3 1.015821 4 1.012104 5 1.042412 6 1.109200 7 0.965047 8 1.064154 
cfcontrolregion down_hf 0 1.000000 1 1.024035 2 1.077791 3 1.129518 4 1.162210 5 1.202913 6 1.315705 7 1.309483 8 1.600626 
cfcontrolregion down_hfstats1 0 1.000000 1 1.004386 2 1.029710 3 1.048819 4 1.059518 5 1.070333 6 1.118814 7 1.133161 8 1.231788 
cfcontrolregion down_hfstats2 0 1.000000 1 1.005362 2 1.031874 3 1.052691 4 1.065839 5 1.077787 6 1.129131 7 1.136675 8 1.240515 
cfcontrolregion down_jes 0 1.000000 1 1.007633 2 1.033366 3 1.058150 4 1.081556 5 1.070685 6 1.152314 7 1.047364 8 1.450086 
cfcontrolregion down_jesAbsolute 0 1.000000 1 0.868696 2 0.835241 3 0.778050 4 0.690239 5 0.757211 6 0.841752 7 0.177431 8 0.000000 
cfcontrolregion down_jesAbsolute_2016 0 1.000000 1 0.868208 2 0.834708 3 0.776413 4 0.678198 5 0.782730 6 0.839306 7 0.177529 8 0.000000 
cfcontrolregion down_jesBBEC1 0 1.000000 1 0.868220 2 0.835318 3 0.777121 4 0.681464 5 0.783113 6 0.836425 7 0.177216 8 0.000000 
cfcontrolregion down_jesBBEC1_2016 0 1.000000 1 0.868327 2 0.835632 3 0.773979 4 0.683063 5 0.783620 6 0.832145 7 0.232722 8 0.000000 
cfcontrolregion down_jesEC2 0 1.000000 1 0.867738 2 0.835044 3 0.772516 4 0.680325 5 0.779716 6 0.828481 7 0.235592 8 0.000000 
cfcontrolregion down_jesEC2_2016 0 1.000000 1 0.867721 2 0.834949 3 0.772482 4 0.680292 5 0.779752 6 0.828780 7 0.234927 8 0.000000 
cfcontrolregion down_jesFlavorQCD 0 1.000000 1 1.006151 2 1.031572 3 1.055309 4 1.074575 5 1.071578 6 1.138934 7 1.034637 8 1.417641 
cfcontrolregion down_jesHF 0 1.000000 1 0.867703 2 0.834991 3 0.772459 4 0.680291 5 0.779467 6 0.830404 7 0.235073 8 0.000000 
cfcontrolregion down_jesHF_2016 0 1.000000 1 0.867694 2 0.834888 3 0.772390 4 0.680161 5 0.779560 6 0.829352 7 0.233915 8 0.000000 
cfcontrolregion down_jesRelativeBal 0 1.000000 1 1.003928 2 1.028576 3 1.048162 4 1.057253 5 1.068466 6 1.123655 7 1.331531 8 1.023804 
cfcontrolregion down_jesRelativeSample_2016 0 1.000000 1 0.868910 2 0.834915 3 0.775644 4 0.680480 5 0.787239 6 0.845480 7 0.239389 8 0.000000 
cfcontrolregion down_lf 0 1.000000 1 1.004668 2 1.030146 3 1.051854 4 1.064700 5 1.080421 6 1.140170 7 1.133686 8 1.231326 
cfcontrolregion down_lfstats1 0 1.000000 1 1.034307 2 1.091973 3 1.143206 4 1.183121 5 1.231446 6 1.333880 7 1.350848 8 1.523886 
cfcontrolregion down_lfstats2 0 1.000000 1 1.030976 2 1.086216 3 1.134394 4 1.170758 5 1.215030 6 1.312331 7 1.335560 8 1.503756 
cfcontrolregion up_cferr1 0 1.000000 1 1.037849 2 1.085036 3 1.130036 4 1.178961 5 1.150860 6 1.194338 7 1.532673 8 1.613657 
cfcontrolregion up_cferr2 0 1.000000 1 1.026153 2 1.065472 3 1.100831 4 1.137297 5 1.120666 6 1.165119 7 1.389311 8 1.446767 
cfcontrolregion up_hf 0 1.000000 1 0.982788 2 0.979599 3 0.968984 4 0.959875 5 0.942557 6 0.938122 7 0.950158 8 0.932126 
cfcontrolregion up_hfstats1 0 1.000000 1 1.004495 2 1.029906 3 1.049616 4 1.062042 5 1.073208 6 1.125125 7 1.127093 8 1.230721 
cfcontrolregion up_hfstats2 0 1.000000 1 1.003536 2 1.027755 3 1.045805 4 1.055695 5 1.065814 6 1.114604 7 1.123835 8 1.222123 
cfcontrolregion up_jes 0 1.000000 1 1.001917 2 1.023973 3 1.039874 4 1.039607 5 1.056256 6 1.071485 7 1.302050 8 1.026791 
cfcontrolregion up_jesAbsolute 0 1.000000 1 0.867657 2 0.831858 3 0.774507 4 0.676737 5 0.786161 6 0.730248 7 0.000000 8 0.117736 
cfcontrolregion up_jesAbsolute_2016 0 1.000000 1 0.867812 2 0.833219 3 0.771663 4 0.678041 5 0.773648 6 0.826653 7 0.000000 8 0.120410 
cfcontrolregion up_jesBBEC1 0 1.000000 1 0.867547 2 0.832938 3 0.773580 4 0.673812 5 0.773046 6 0.829652 7 0.000000 8 0.119892 
cfcontrolregion up_jesBBEC1_2016 0 1.000000 1 0.867595 2 0.834355 3 0.772375 4 0.677213 5 0.779353 6 0.831055 7 0.000000 8 0.120115 
cfcontrolregion up_jesEC2 0 1.000000 1 0.867766 2 0.835011 3 0.772493 4 0.680450 5 0.780290 6 0.829817 7 0.232622 8 0.000000 
cfcontrolregion up_jesEC2_2016 0 1.000000 1 0.867749 2 0.834982 3 0.772484 4 0.680512 5 0.779957 6 0.830700 7 0.232754 8 0.000000 
cfcontrolregion up_jesFlavorQCD 0 1.000000 1 1.003504 2 1.026899 3 1.046811 4 1.048952 5 1.071348 6 1.083269 7 1.313995 8 1.026907 
cfcontrolregion up_jesHF 0 1.000000 1 0.867761 2 0.834954 3 0.772409 4 0.680445 5 0.779648 6 0.829296 7 0.234598 8 0.000000 
cfcontrolregion up_jesHF_2016 0 1.000000 1 0.867726 2 0.834924 3 0.772431 4 0.680359 5 0.779542 6 0.829338 7 0.234478 8 0.000000 
cfcontrolregion up_jesRelativeBal 0 1.000000 1 1.005678 2 1.030909 3 1.051690 4 1.064955 5 1.080212 6 1.127799 7 1.063755 8 1.322260 
cfcontrolregion up_jesRelativeSample_2016 0 1.000000 1 0.867815 2 0.832408 3 0.776328 4 0.672832 5 0.803352 6 0.727351 7 0.000000 8 0.157309 
cfcontrolregion up_lf 0 1.000000 1 1.003598 2 1.028060 3 1.044242 4 1.053458 5 1.059461 6 1.100836 7 1.120413 8 1.224008 
cfcontrolregion up_lfstats1 0 1.000000 1 0.975464 2 0.971106 3 0.962870 4 0.951420 5 0.932316 6 0.943645 7 0.944062 8 0.996146 
cfcontrolregion up_lfstats2 0 1.000000 1 0.978684 2 0.976489 3 0.970690 4 0.961739 5 0.945543 6 0.959550 7 0.956909 8 1.010086 
cfjetscontrolregion central 0 1.000000 3 1.049313 4 1.060848 5 1.071923 6 1.121985 7 1.130443 8 1.231508 
cfjetscontrolregion down_cferr1 0 1.000000 3 0.987636 4 0.974574 5 1.015142 6 1.076206 7 0.849014 8 0.894597 
cfjetscontrolregion down_cferr2 0 1.000000 3 1.015821 4 1.012104 5 1.042412 6 1.109200 7 0.965047 8 1.064154 
cfjetscontrolregion down_hf 0 1.000000 3 1.129518 4 1.162210 5 1.202913 6 1.315705 7 1.309483 8 1.600626 
cfjetscontrolregion down_hfstats1 0 1.000000 3 1.048819 4 1.059518 5 1.070333 6 1.118814 7 1.133161 8 1.231788 
cfjetscontrolregion down_hfstats2 0 1.000000 3 1.052691 4 1.065839 5 1.077787 6 1.129131 7 1.136675 8 1.240515 
cfjetscontrolregion down_jes 0 1.000000 2 1.021215 3 1.058150 4 1.081556 5 1.070685 6 1.152314 7 1.047364 8 1.450086 
cfjetscontrolregion down_jesAbsolute 0 1.000000 2 0.663833 3 0.778050 4 0.690239 5 0.757211 6 0.841752 7 0.177431 8 0.000000 
cfjetscontrolregion down_jesAbsolute_2016 0 1.000000 2 0.713033 3 0.776413 4 0.678198 5 0.782730 6 0.839306 7 0.177529 8 0.000000 
cfjetscontrolregion down_jesBBEC1 0 1.000000 2 0.587154 3 0.777121 4 0.681464 5 0.783113 6 0.836425 7 0.177216 8 0.000000 
cfjetscontrolregion down_jesBBEC1_2016 0 1.000000 2 0.732453 3 0.773979 4 0.683063 5 0.783620 6 0.832145 7 0.232722 8 0.000000 
cfjetscontrolregion down_jesEC2 0 1.000000 3 0.772516 4 0.680325 5 0.779716 6 0.828481 7 0.235592 8 0.000000 
cfjetscontrolregion down_jesEC2_2016 0 1.000000 3 0.772482 4 0.680292 5 0.779752 6 0.828780 7 0.234927 8 0.000000 
cfjetscontrolregion down_jesFlavorQCD 0 1.000000 2 1.006464 3 1.055309 4 1.074575 5 1.071578 6 1.138934 7 1.034637 8 1.417641 
cfjetscontrolregion down_jesHF 0 1.000000 3 0.772459 4 0.680291 5 0.779467 6 0.830404 7 0.235073 8 0.000000 
cfjetscontrolregion down_jesHF_2016 0 1.000000 3 0.772390 4 0.680161 5 0.779560 6 0.829352 7 0.233915 8 0.000000 
cfjetscontrolregion down_jesRelativeBal 0 1.000000 2 0.950406 3 1.046833 4 1.057253 5 1.068466 6 1.123655 7 1.331531 8 1.023804 
cfjetscontrolregion down_jesRelativeSample_2016 0 1.000000 2 0.591488 3 0.775087 4 0.680480 5 0.787239 6 0.845480 7 0.239389 8 0.000000 
cfjetscontrolregion down_lf 0 1.000000 3 1.051854 4 1.064700 5 1.080421 6 1.140170 7 1.133686 8 1.231326 
cfjetscontrolregion down_lfstats1 0 1.000000 3 1.143206 4 1.183121 5 1.231446 6 1.333880 7 1.350848 8 1.523886 
cfjetscontrolregion down_lfstats2 0 1.000000 3 1.134394 4 1.170758 5 1.215030 6 1.312331 7 1.335560 8 1.503756 
cfjetscontrolregion up_cferr1 0 1.000000 3 1.130036 4 1.178961 5 1.150860 6 1.194338 7 1.532673 8 1.613657 
cfjetscontrolregion up_cferr2 0 1.000000 3 1.100831 4 1.137297 5 1.120666 6 1.165119 7 1.389311 8 1.446767 
cfjetscontrolregion up_hf 0 1.000000 3 0.968984 4 0.959875 5 0.942557 6 0.938122 7 0.950158 8 0.932126 
cfjetscontrolregion up_hfstats1 0 1.000000 3 1.049616 4 1.062042 5 1.073208 6 1.125125 7 1.127093 8 1.230721 
cfjetscontrolregion up_hfstats2 0 1.000000 3 1.045805 4 1.055695 5 1.065814 6 1.114604 7 1.123835 8 1.222123 
cfjetscontrolregion up_jes 0 1.000000 3 1.040665 4 1.039607 5 1.056256 6 1.071485 7 1.302050 8 1.026791 
cfjetscontrolregion up_jesAbsolute 0 1.000000 3 0.770552 4 0.676737 5 0.786161 6 0.730248 7 0.000000 8 0.117736 
cfjetscontrolregion up_jesAbsolute_2016 0 1.000000 3 0.771190 4 0.678041 5 0.773648 6 0.826653 7 0.000000 8 0.120410 
cfjetscontrolregion up_jesBBEC1 0 1.000000 3 0.772078 4 0.673812 5 0.773046 6 0.829652 7 0.000000 8 0.119892 
cfjetscontrolregion up_jesBBEC1_2016 0 1.000000 3 0.771594 4 0.677213 5 0.779353 6 0.831055 7 0.000000 8 0.120115 
cfjetscontrolregion up_jesEC2 0 1.000000 3 0.772493 4 0.680450 5 0.780290 6 0.829817 7 0.232622 8 0.000000 
cfjetscontrolregion up_jesEC2_2016 0 1.000000 3 0.772484 4 0.680512 5 0.779957 6 0.830700 7 0.232754 8 0.000000 
cfjetscontrolregion up_jesFlavorQCD 0 1.000000 3 1.046392 4 1.048952 5 1.071348 6 1.083269 7 1.313995 8 1.026907 
cfjetscontrolregion up_jesHF 0 1.000000 3 0.772409 4 0.680445 5 0.779648 6 0.829296 7 0.234598 8 0.000000 
cfjetscontrolregion up_jesHF_2016 0 1.000000 3 0.772431 4 0.680359 5 0.779542 6 0.829338 7 0.234478 8 0.000000 
cfjetscontrolregion up_jesRelativeBal 0 1.000000 2 1.045563 3 1.051690 4 1.064955 5 1.080212 6 1.127799 7 1.063755 8 1.322260 
cfjetscontrolregion up_jesRelativeSample_2016 0 1.000000 2 1.222656 3 0.772806 4 0.672832 5 0.803352 6 0.727351 7 0.000000 8 0.157309 
cfjetscontrolregion up_lf 0 1.000000 3 1.044242 4 1.053458 5 1.059461 6 1.100836 7 1.120413 8 1.224008 
cfjetscontrolregion up_lfstats1 0 1.000000 3 0.962870 4 0.951420 5 0.932316 6 0.943645 7 0.944062 8 0.996146 
cfjetscontrolregion up_lfstats2 0 1.000000 3 0.970690 4 0.961739 5 0.945543 6 0.959550 7 0.956909 8 1.010086 
fourleptoncontrolregion central 0 1.000000 1 0.992946 4 1.326213 
fourleptoncontrolregion down_cferr1 0 1.000000 1 0.992946 4 1.326213 
fourleptoncontrolregion down_cferr2 0 1.000000 1 0.992946 4 1.326213 
fourleptoncontrolregion down_hf 0 1.000000 1 1.003624 4 1.579103 
fourleptoncontrolregion down_hfstats1 0 1.000000 1 0.993017 4 1.325245 
fourleptoncontrolregion down_hfstats2 0 1.000000 1 0.993736 4 1.333728 
fourleptoncontrolregion down_jes 0 1.000000 1 0.996851 4 1.167905 
fourleptoncontrolregion down_jesAbsolute 0 1.000000 1 0.994651 4 1.332320 
fourleptoncontrolregion down_jesAbsolute_2016 0 1.000000 1 0.991735 4 1.319466 
fourleptoncontrolregion down_jesBBEC1 0 1.000000 1 0.994693 4 1.334576 
fourleptoncontrolregion down_jesBBEC1_2016 0 1.000000 1 0.993575 4 1.334191 
fourleptoncontrolregion down_jesEC2 0 1.000000 1 0.993040 4 1.328309 
fourleptoncontrolregion down_jesEC2_2016 0 1.000000 1 0.993348 4 1.327523 
fourleptoncontrolregion down_jesFlavorQCD 0 1.000000 1 0.995625 4 1.308569 
fourleptoncontrolregion down_jesHF 0 1.000000 1 0.992954 4 1.328440 
fourleptoncontrolregion down_jesHF_2016 0 1.000000 1 0.993024 4 1.325769 
fourleptoncontrolregion down_jesRelativeBal 0 1.000000 1 0.996034 4 1.309456 
fourleptoncontrolregion down_jesRelativeSample_2016 0 1.000000 1 0.993246 4 1.305550 
fourleptoncontrolregion down_lf 0 1.000000 1 0.992671 4 1.338506 
fourleptoncontrolregion down_lfstats1 0 1.000000 1 1.029779 4 1.505821 
fourleptoncontrolregion down_lfstats2 0 1.000000 1 1.023012 4 1.498116 
fourleptoncontrolregion up_cferr1 0 1.000000 1 0.992946 4 1.326213 
fourleptoncontrolregion up_cferr2 0 1.000000 1 0.992946 4 1.326213 
fourleptoncontrolregion up_hf 0 1.000000 1 0.978730 4 1.126483 
fourleptoncontrolregion up_hfstats1 0 1.000000 1 0.992830 4 1.326747 
fourleptoncontrolregion up_hfstats2 0 1.000000 1 0.992122 4 1.318341 
fourleptoncontrolregion up_jes 0 1.000000 1 0.996119 4 1.262021 
fourleptoncontrolregion up_jesAbsolute 0 1.000000 1 0.992157 4 1.290700 
fourleptoncontrolregion up_jesAbsolute_2016 0 1.000000 1 0.993805 4 1.313386 
fourleptoncontrolregion up_jesBBEC1 0 1.000000 1 0.992726 4 1.308630 
fourleptoncontrolregion up_jesBBEC1_2016 0 1.000000 1 0.995630 4 1.320434 
fourleptoncontrolregion up_jesEC2 0 1.000000 1 0.994264 4 1.325727 
fourleptoncontrolregion up_jesEC2_2016 0 1.000000 1 0.993604 4 1.327181 
fourleptoncontrolregion up_jesFlavorQCD 0 1.000000 1 0.995398 4 1.286850 
fourleptoncontrolregion up_jesHF 0 1.000000 1 0.992652 4 1.326686 
fourleptoncontrolregion up_jesHF_2016 0 1.000000 1 0.992264 4 1.325009 
fourleptoncontrolregion up_jesRelativeBal 0 1.000000 1 0.994638 4 1.329340 
fourleptoncontrolregion up_jesRelativeSample_2016 0 1.000000 1 0.991543 4 1.311250 
fourleptoncontrolregion up_lf 0 1.000000 1 0.992654 4 1.306247 
fourleptoncontrolregion up_lfstats1 0 1.000000 1 0.957656 4 1.164383 
fourleptoncontrolregion up_lfstats2 0 1.000000 1 0.963812 4 1.171262 
npcontrolregion_dilepton_ee central 0 1.000000 3 1.027442 4 1.066165 5 1.017631 6 1.132571 7 1.112309 
npcontrolregion_dilepton_ee down_cferr1 0 1.000000 3 0.961270 4 0.964840 5 0.964662 6 1.051919 7 0.980160 
npcontrolregion_dilepton_ee down_cferr2 0 1.000000 3 0.992370 4 1.010710 5 0.987460 6 1.094528 7 1.036004 
npcontrolregion_dilepton_ee down_hf 0 1.000000 3 1.091837 4 1.187608 5 1.118724 6 1.266452 7 1.244108 
npcontrolregion_dilepton_ee down_hfstats1 0 1.000000 3 1.027200 4 1.065696 5 1.014778 6 1.136825 7 1.117254 
npcontrolregion_dilepton_ee down_hfstats2 0 1.000000 3 1.030298 4 1.070827 5 1.024550 6 1.138646 7 1.119377 
npcontrolregion_dilepton_ee down_jes 0 1.000000 2 1.092815 3 1.033807 4 1.072003 5 1.045489 6 1.157992 7 1.183309 
npcontrolregion_dilepton_ee down_jesAbsolute 0 1.000000 2 0.945895 3 0.701366 4 0.659702 5 0.733664 6 0.672203 7 0.753126 
npcontrolregion_dilepton_ee down_jesAbsolute_2016 0 1.000000 2 1.181369 3 0.698222 4 0.658479 5 0.730845 6 0.669582 7 0.746078 
npcontrolregion_dilepton_ee down_jesBBEC1 0 1.000000 2 1.151468 3 0.698622 4 0.661619 5 0.733211 6 0.673600 7 0.741258 
npcontrolregion_dilepton_ee down_jesBBEC1_2016 0 1.000000 2 1.210565 3 0.700010 4 0.657841 5 0.733784 6 0.671805 7 0.740601 
npcontrolregion_dilepton_ee down_jesEC2 0 1.000000 3 0.701240 4 0.656980 5 0.728938 6 0.672730 7 0.736114 
npcontrolregion_dilepton_ee down_jesEC2_2016 0 1.000000 3 0.701120 4 0.657008 5 0.729154 6 0.672927 7 0.734974 
npcontrolregion_dilepton_ee down_jesFlavorQCD 0 1.000000 2 1.076812 3 1.031906 4 1.066321 5 1.043971 6 1.144867 7 1.166557 
npcontrolregion_dilepton_ee down_jesHF 0 1.000000 3 0.701131 4 0.657049 5 0.729466 6 0.672458 7 0.733875 
npcontrolregion_dilepton_ee down_jesHF_2016 0 1.000000 3 0.701155 4 0.656952 5 0.729256 6 0.672326 7 0.734554 
npcontrolregion_dilepton_ee down_jesRelativeBal 0 1.000000 3 1.025446 4 1.062335 5 1.013622 6 1.136580 7 1.110083 
npcontrolregion_dilepton_ee down_jesRelativeSample_2016 0 1.000000 2 0.999647 3 0.699107 4 0.665585 5 0.701456 6 0.677834 7 0.768422 
npcontrolregion_dilepton_ee down_lf 0 1.000000 3 1.028513 4 1.069216 5 1.020859 6 1.122038 7 1.093425 
npcontrolregion_dilepton_ee down_lfstats1 0 1.000000 3 1.115948 4 1.191312 5 1.170364 6 1.314674 7 1.334334 
npcontrolregion_dilepton_ee down_lfstats2 0 1.000000 3 1.106343 4 1.182284 5 1.148219 6 1.303545 7 1.308786 
npcontrolregion_dilepton_ee up_cferr1 0 1.000000 3 1.114490 4 1.197068 5 1.100250 6 1.241457 7 1.269474 
npcontrolregion_dilepton_ee up_cferr2 0 1.000000 3 1.083034 4 1.149397 5 1.072008 6 1.200527 7 1.216904 
npcontrolregion_dilepton_ee up_hf 0 1.000000 3 0.960471 4 0.949988 5 0.914156 6 0.993688 7 0.974500 
npcontrolregion_dilepton_ee up_hfstats1 0 1.000000 3 1.027524 4 1.066454 5 1.020405 6 1.128106 7 1.106945 
npcontrolregion_dilepton_ee up_hfstats2 0 1.000000 3 1.024457 4 1.061346 5 1.010586 6 1.126160 7 1.104916 
npcontrolregion_dilepton_ee up_jes 0 1.000000 3 1.019660 4 1.042287 5 0.978502 6 1.086855 7 1.067943 
npcontrolregion_dilepton_ee up_jesAbsolute 0 1.000000 3 0.696398 4 0.653337 5 0.695515 6 0.668641 7 0.728928 
npcontrolregion_dilepton_ee up_jesAbsolute_2016 0 1.000000 3 0.698136 4 0.660625 5 0.705948 6 0.671552 7 0.727055 
npcontrolregion_dilepton_ee up_jesBBEC1 0 1.000000 3 0.697637 4 0.658878 5 0.705516 6 0.666602 7 0.731950 
npcontrolregion_dilepton_ee up_jesBBEC1_2016 0 1.000000 3 0.699851 4 0.657331 5 0.726773 6 0.671619 7 0.732334 
npcontrolregion_dilepton_ee up_jesEC2 0 1.000000 3 0.701273 4 0.657086 5 0.729537 6 0.671864 7 0.734852 
npcontrolregion_dilepton_ee up_jesEC2_2016 0 1.000000 3 0.701333 4 0.657048 5 0.730633 6 0.671045 7 0.735404 
npcontrolregion_dilepton_ee up_jesFlavorQCD 0 1.000000 3 1.021625 4 1.055950 5 0.992808 6 1.094617 7 1.082273 
npcontrolregion_dilepton_ee up_jesHF 0 1.000000 3 0.701274 4 0.657034 5 0.730015 6 0.673137 7 0.734607 
npcontrolregion_dilepton_ee up_jesHF_2016 0 1.000000 3 0.701212 4 0.656924 5 0.729347 6 0.672443 7 0.734721 
npcontrolregion_dilepton_ee up_jesRelativeBal 0 1.000000 2 1.250378 3 1.028842 4 1.070002 5 1.015771 6 1.136628 7 1.127544 
npcontrolregion_dilepton_ee up_jesRelativeSample_2016 0 1.000000 2 0.970660 3 0.702464 4 0.638916 5 0.732148 6 0.663898 7 0.731149 
npcontrolregion_dilepton_ee up_lf 0 1.000000 3 1.023873 4 1.059647 5 1.007908 6 1.136075 7 1.122660 
npcontrolregion_dilepton_ee up_lfstats1 0 1.000000 3 0.945973 4 0.954075 5 0.884360 6 0.974340 7 0.927352 
npcontrolregion_dilepton_ee up_lfstats2 0 1.000000 3 0.954332 4 0.961868 5 0.901551 6 0.983387 7 0.945672 
npcontrolregion_dilepton_em central 0 1.000000 3 1.029245 4 1.030738 5 1.056716 6 0.975696 7 1.049210 8 1.135771 
npcontrolregion_dilepton_em down_cferr1 0 1.000000 3 0.958428 4 0.938151 5 0.945221 6 0.915010 7 0.805825 8 1.135771 
npcontrolregion_dilepton_em down_cferr2 0 1.000000 3 0.989801 4 0.980563 5 0.992618 6 0.954263 7 0.908676 8 1.135771 
npcontrolregion_dilepton_em down_hf 0 1.000000 3 1.101354 4 1.122793 5 1.165727 6 1.061114 7 1.294238 8 1.271320 
npcontrolregion_dilepton_em down_hfstats1 0 1.000000 3 1.028966 4 1.029346 5 1.058258 6 0.979043 7 1.046087 8 1.145698 
npcontrolregion_dilepton_em down_hfstats2 0 1.000000 3 1.032330 4 1.034266 5 1.061080 6 0.980597 7 1.057802 8 1.144167 
npcontrolregion_dilepton_em down_jes 0 1.000000 2 0.996310 3 1.041686 4 1.044855 5 1.048764 6 1.060674 7 1.087734 
npcontrolregion_dilepton_em down_jesAbsolute 0 1.000000 2 0.781528 3 0.713351 4 0.664171 5 0.615048 6 0.522169 7 0.343418 8 1.243349 
npcontrolregion_dilepton_em down_jesAbsolute_2016 0 1.000000 2 0.884199 3 0.711403 4 0.666886 5 0.622348 6 0.470536 7 0.349351 8 1.238598 
npcontrolregion_dilepton_em down_jesBBEC1 0 1.000000 2 0.773215 3 0.712285 4 0.669937 5 0.615539 6 0.483384 7 0.355466 8 1.136652 
npcontrolregion_dilepton_em down_jesBBEC1_2016 0 1.000000 2 0.999308 3 0.711927 4 0.668347 5 0.613425 6 0.484853 7 0.349318 8 1.133871 
npcontrolregion_dilepton_em down_jesEC2 0 1.000000 3 0.711577 4 0.660620 5 0.648955 6 0.472647 7 0.350490 8 1.134745 
npcontrolregion_dilepton_em down_jesEC2_2016 0 1.000000 3 0.711478 4 0.660564 5 0.648710 6 0.473434 7 0.351971 8 1.136846 
npcontrolregion_dilepton_em down_jesFlavorQCD 0 1.000000 2 0.986670 3 1.034986 4 1.039972 5 1.035892 6 1.067932 7 1.084086 
npcontrolregion_dilepton_em down_jesHF 0 1.000000 3 0.711396 4 0.660454 5 0.649188 6 0.473836 7 0.349382 8 1.136957 
npcontrolregion_dilepton_em down_jesHF_2016 0 1.000000 3 0.711306 4 0.660294 5 0.648637 6 0.473439 7 0.349909 8 1.136388 
npcontrolregion_dilepton_em down_jesRelativeBal 0 1.000000 3 1.025497 4 1.027428 5 1.045710 6 1.010498 7 1.047753 8 1.144582 
npcontrolregion_dilepton_em down_jesRelativeSample_2016 0 1.000000 2 0.856976 3 0.712383 4 0.663620 5 0.626013 6 0.507711 7 0.589174 
npcontrolregion_dilepton_em down_lf 0 1.000000 3 1.030427 4 1.038729 5 1.055984 6 0.964563 7 1.046016 8 1.112670 
npcontrolregion_dilepton_em down_lfstats1 0 1.000000 3 1.117327 4 1.146645 5 1.200142 6 1.151826 7 1.312705 8 1.436638 
npcontrolregion_dilepton_em down_lfstats2 0 1.000000 3 1.108901 4 1.134303 5 1.186743 6 1.120650 7 1.277254 8 1.385420 
npcontrolregion_dilepton_em up_cferr1 0 1.000000 3 1.120608 4 1.153839 5 1.218018 6 1.062460 7 1.338669 8 1.135771 
npcontrolregion_dilepton_em up_cferr2 0 1.000000 3 1.088693 4 1.107782 5 1.157422 6 1.024019 7 1.241848 8 1.135771 
npcontrolregion_dilepton_em up_hf 0 1.000000 3 0.955416 4 0.938944 5 0.944922 6 0.881410 7 0.820003 8 0.998828 
npcontrolregion_dilepton_em up_hfstats1 0 1.000000 3 1.029373 4 1.031923 5 1.054865 6 0.972074 7 1.052238 8 1.124638 
npcontrolregion_dilepton_em up_hfstats2 0 1.000000 3 1.026047 4 1.026976 5 1.052043 6 0.970542 7 1.040480 8 1.126574 
npcontrolregion_dilepton_em up_jes 0 1.000000 3 1.014665 4 1.015145 5 1.037912 6 1.008771 7 1.011196 8 1.051226 
npcontrolregion_dilepton_em up_jesAbsolute 0 1.000000 3 0.705500 4 0.662178 5 0.622847 6 0.518627 7 0.337957 8 1.132644 
npcontrolregion_dilepton_em up_jesAbsolute_2016 0 1.000000 3 0.708460 4 0.661806 5 0.629450 6 0.466999 7 0.338046 8 1.136046 
npcontrolregion_dilepton_em up_jesBBEC1 0 1.000000 3 0.709209 4 0.658556 5 0.627080 6 0.464636 7 0.357346 8 1.133867 
npcontrolregion_dilepton_em up_jesBBEC1_2016 0 1.000000 3 0.711051 4 0.657773 5 0.631306 6 0.475972 7 0.348800 8 1.145226 
npcontrolregion_dilepton_em up_jesEC2 0 1.000000 3 0.711434 4 0.660290 5 0.648616 6 0.474014 7 0.349233 8 1.139538 
npcontrolregion_dilepton_em up_jesEC2_2016 0 1.000000 3 0.711414 4 0.660234 5 0.648441 6 0.473674 7 0.354193 8 1.134844 
npcontrolregion_dilepton_em up_jesFlavorQCD 0 1.000000 3 1.019594 4 1.023889 5 1.034464 6 1.021566 7 1.027363 8 1.126911 
npcontrolregion_dilepton_em up_jesHF 0 1.000000 3 0.711339 4 0.660599 5 0.648953 6 0.473747 7 0.351361 8 1.138020 
npcontrolregion_dilepton_em up_jesHF_2016 0 1.000000 3 0.711341 4 0.660302 5 0.648720 6 0.472865 7 0.353250 8 1.135457 
npcontrolregion_dilepton_em up_jesRelativeBal 0 1.000000 2 0.955747 3 1.031797 4 1.041059 5 1.031312 6 1.063157 7 1.033472 8 1.120516 
npcontrolregion_dilepton_em up_jesRelativeSample_2016 0 1.000000 2 0.781479 3 0.709038 4 0.662359 5 0.616543 6 0.465115 7 0.351197 8 1.231233 
npcontrolregion_dilepton_em up_lf 0 1.000000 3 1.025466 4 1.020402 5 1.053138 6 0.980860 7 1.045119 8 1.145948 
npcontrolregion_dilepton_em up_lfstats1 0 1.000000 3 0.947940 4 0.926443 5 0.930295 6 0.827297 7 0.846917 8 0.897593 
npcontrolregion_dilepton_em up_lfstats2 0 1.000000 3 0.955518 4 0.936748 5 0.941267 6 0.849967 7 0.867175 8 0.931055 
npcontrolregion_dilepton_inclusive central 0 1.000000 3 1.020089 4 1.040084 5 1.049878 6 1.054228 7 1.018758 8 1.135771 
npcontrolregion_dilepton_inclusive down_cferr1 0 1.000000 3 0.949495 4 0.950830 5 0.938050 6 0.981699 7 0.908356 8 1.135771 
npcontrolregion_dilepton_inclusive down_cferr2 0 1.000000 3 0.981884 4 0.991345 5 0.985141 6 1.022872 7 0.955010 8 1.135771 
npcontrolregion_dilepton_inclusive down_hf 0 1.000000 3 1.087532 4 1.140062 5 1.170036 6 1.165135 7 1.169796 8 1.271320 
npcontrolregion_dilepton_inclusive down_hfstats1 0 1.000000 3 1.020100 4 1.040043 5 1.049119 6 1.056333 7 1.021838 8 1.145698 
npcontrolregion_dilepton_inclusive down_hfstats2 0 1.000000 3 1.023034 4 1.044154 5 1.055356 6 1.059564 7 1.025988 8 1.144167 
npcontrolregion_dilepton_inclusive down_jes 0 1.000000 1 1.053657 2 1.031342 3 1.029994 4 1.049430 5 1.069010 6 1.085668 7 1.135522 
npcontrolregion_dilepton_inclusive down_jesAbsolute 0 1.000000 2 0.823204 3 0.692901 4 0.670323 5 0.625203 6 0.647146 7 0.674119 8 1.243349 
npcontrolregion_dilepton_inclusive down_jesAbsolute_2016 0 1.000000 2 1.015125 3 0.691554 4 0.669999 5 0.626081 6 0.613659 7 0.707902 8 1.238598 
npcontrolregion_dilepton_inclusive down_jesBBEC1 0 1.000000 2 0.910628 3 0.692910 4 0.671123 5 0.624814 6 0.622181 7 0.708228 8 1.136652 
npcontrolregion_dilepton_inclusive down_jesBBEC1_2016 0 1.000000 2 0.915943 3 0.692985 4 0.668136 5 0.622336 6 0.621968 7 0.705751 8 1.133871 
npcontrolregion_dilepton_inclusive down_jesEC2 0 1.000000 3 0.692377 4 0.665808 5 0.632635 6 0.611915 7 0.703473 8 1.134745 
npcontrolregion_dilepton_inclusive down_jesEC2_2016 0 1.000000 3 0.692283 4 0.665752 5 0.632373 6 0.612510 7 0.703141 8 1.136846 
npcontrolregion_dilepton_inclusive down_jesFlavorQCD 0 1.000000 1 1.170726 2 1.024433 3 1.025399 4 1.045743 5 1.052982 6 1.084168 7 1.060559 
npcontrolregion_dilepton_inclusive down_jesHF 0 1.000000 3 0.692209 4 0.665749 5 0.632531 6 0.612263 7 0.701583 8 1.136957 
npcontrolregion_dilepton_inclusive down_jesHF_2016 0 1.000000 3 0.692180 4 0.665659 5 0.632341 6 0.612057 7 0.702287 8 1.136388 
npcontrolregion_dilepton_inclusive down_jesRelativeBal 0 1.000000 3 1.017666 4 1.037357 5 1.043647 6 1.062139 7 0.996647 8 1.144582 
npcontrolregion_dilepton_inclusive down_jesRelativeSample_2016 0 1.000000 1 1.186584 2 0.845096 3 0.693035 4 0.671157 5 0.619192 6 0.643122 7 0.731525 
npcontrolregion_dilepton_inclusive down_lf 0 1.000000 3 1.020717 4 1.042580 5 1.053222 6 1.053945 7 1.004142 8 1.112670 
npcontrolregion_dilepton_inclusive down_lfstats1 0 1.000000 3 1.108161 4 1.159636 5 1.199540 6 1.239193 7 1.241735 8 1.436638 
npcontrolregion_dilepton_inclusive down_lfstats2 0 1.000000 3 1.098999 4 1.148263 5 1.183686 6 1.215800 7 1.214425 8 1.385420 
npcontrolregion_dilepton_inclusive up_cferr1 0 1.000000 3 1.111735 4 1.156749 5 1.199824 6 1.152618 7 1.150060 8 1.135771 
npcontrolregion_dilepton_inclusive up_cferr2 0 1.000000 3 1.079034 4 1.114569 5 1.145328 6 1.112761 7 1.106140 8 1.135771 
npcontrolregion_dilepton_inclusive up_hf 0 1.000000 3 0.950552 4 0.941070 5 0.931656 6 0.937440 7 0.868420 8 0.998828 
npcontrolregion_dilepton_inclusive up_hfstats1 0 1.000000 3 1.019927 4 1.039890 5 1.050441 6 1.051892 7 1.015399 8 1.124638 
npcontrolregion_dilepton_inclusive up_hfstats2 0 1.000000 3 1.017022 4 1.035824 5 1.044158 6 1.048584 7 1.011284 8 1.126574 
npcontrolregion_dilepton_inclusive up_jes 0 1.000000 3 1.010684 4 1.023788 5 1.026085 6 1.024484 7 0.949347 8 1.051226 
npcontrolregion_dilepton_inclusive up_jesAbsolute 0 1.000000 3 0.687798 4 0.665885 5 0.614951 6 0.625747 7 0.690484 8 1.132644 
npcontrolregion_dilepton_inclusive up_jesAbsolute_2016 0 1.000000 3 0.689926 4 0.665447 5 0.621283 6 0.607524 7 0.692243 8 1.136046 
npcontrolregion_dilepton_inclusive up_jesBBEC1 0 1.000000 3 0.689875 4 0.664697 5 0.623563 6 0.605216 7 0.699406 8 1.133867 
npcontrolregion_dilepton_inclusive up_jesBBEC1_2016 0 1.000000 3 0.690940 4 0.667017 5 0.623675 6 0.611914 7 0.679369 8 1.145226 
npcontrolregion_dilepton_inclusive up_jesEC2 0 1.000000 3 0.692285 4 0.665769 5 0.632549 6 0.612287 7 0.702221 8 1.139538 
npcontrolregion_dilepton_inclusive up_jesEC2_2016 0 1.000000 3 0.692274 4 0.665690 5 0.632600 6 0.611769 7 0.703436 8 1.134844 
npcontrolregion_dilepton_inclusive up_jesFlavorQCD 0 1.000000 3 1.014726 4 1.032074 5 1.034151 6 1.049933 7 0.973553 8 1.126911 
npcontrolregion_dilepton_inclusive up_jesHF 0 1.000000 3 0.692295 4 0.665785 5 0.632636 6 0.612370 7 0.702911 8 1.138020 
npcontrolregion_dilepton_inclusive up_jesHF_2016 0 1.000000 3 0.692245 4 0.665626 5 0.632366 6 0.611863 7 0.703354 8 1.135457 
npcontrolregion_dilepton_inclusive up_jesRelativeBal 0 1.000000 2 1.028943 3 1.022211 4 1.045653 5 1.045906 6 1.085446 7 1.022469 8 1.120516 
npcontrolregion_dilepton_inclusive up_jesRelativeSample_2016 0 1.000000 2 0.913466 3 0.689001 4 0.661209 5 0.626735 6 0.608309 7 0.697568 8 1.231233 
npcontrolregion_dilepton_inclusive up_lf 0 1.000000 3 1.016957 4 1.034216 5 1.041922 6 1.049113 7 1.025472 8 1.145948 
npcontrolregion_dilepton_inclusive up_lfstats1 0 1.000000 3 0.939014 4 0.932711 5 0.918853 6 0.896765 7 0.838220 8 0.897593 
npcontrolregion_dilepton_inclusive up_lfstats2 0 1.000000 3 0.947078 4 0.942278 5 0.931468 6 0.914142 7 0.856386 8 0.931055 
npcontrolregion_dilepton_me central 0 1.000000 3 1.015670 4 1.017894 5 1.009724 6 1.044379 7 0.873493 
npcontrolregion_dilepton_me down_cferr1 0 1.000000 3 0.942101 4 0.917346 5 0.920316 6 1.026426 7 0.873493 
npcontrolregion_dilepton_me down_cferr2 0 1.000000 3 0.976058 4 0.962320 5 0.955527 6 1.043804 7 0.873493 
npcontrolregion_dilepton_me down_hf 0 1.000000 3 1.083959 4 1.110422 5 1.117572 6 1.151441 7 0.986765 
npcontrolregion_dilepton_me down_hfstats1 0 1.000000 3 1.015708 4 1.018512 5 1.005523 6 1.040841 7 0.879199 
npcontrolregion_dilepton_me down_hfstats2 0 1.000000 3 1.018762 4 1.021879 5 1.015410 6 1.048589 7 0.879819 
npcontrolregion_dilepton_me down_jes 0 1.000000 1 1.053657 2 1.043568 3 1.024076 4 1.025415 5 1.027292 6 1.019184 
npcontrolregion_dilepton_me down_jesAbsolute 0 1.000000 2 0.773967 3 0.658805 4 0.574600 5 0.664967 6 0.769865 7 0.886310 
npcontrolregion_dilepton_me down_jesAbsolute_2016 0 1.000000 2 0.984176 3 0.660013 4 0.571464 5 0.659942 6 0.766601 7 0.873657 
npcontrolregion_dilepton_me down_jesBBEC1 0 1.000000 2 0.850114 3 0.661371 4 0.571299 5 0.660254 6 0.769851 7 0.878965 
npcontrolregion_dilepton_me down_jesBBEC1_2016 0 1.000000 2 0.704380 3 0.663538 4 0.564729 5 0.658617 6 0.765678 7 0.877979 
npcontrolregion_dilepton_me down_jesEC2 0 1.000000 3 0.662741 4 0.564691 5 0.650659 6 0.764897 7 0.873426 
npcontrolregion_dilepton_me down_jesEC2_2016 0 1.000000 3 0.662675 4 0.564678 5 0.650255 6 0.765472 7 0.873715 
npcontrolregion_dilepton_me down_jesFlavorQCD 0 1.000000 1 1.170726 2 1.032667 3 1.020210 4 1.020900 5 1.010961 6 1.032171 7 0.671980 
npcontrolregion_dilepton_me down_jesHF 0 1.000000 3 0.662599 4 0.564578 5 0.650338 6 0.764420 7 0.872349 
npcontrolregion_dilepton_me down_jesHF_2016 0 1.000000 3 0.662571 4 0.564579 5 0.650093 6 0.764221 7 0.873490 
npcontrolregion_dilepton_me down_jesRelativeBal 0 1.000000 3 1.014256 4 1.011929 5 1.006736 6 1.032286 7 0.864907 
npcontrolregion_dilepton_me down_jesRelativeSample_2016 0 1.000000 1 1.186584 2 0.792819 3 0.662419 4 0.570258 5 0.662636 6 0.775097 7 0.889708 
npcontrolregion_dilepton_me down_lf 0 1.000000 3 1.016045 4 1.016430 5 1.022017 6 1.088489 7 0.854044 
npcontrolregion_dilepton_me down_lfstats1 0 1.000000 3 1.102948 4 1.133411 5 1.161144 6 1.226979 7 1.050218 
npcontrolregion_dilepton_me down_lfstats2 0 1.000000 3 1.093765 4 1.122219 5 1.144302 6 1.206214 7 1.033975 
npcontrolregion_dilepton_me up_cferr1 0 1.000000 3 1.111767 4 1.149369 5 1.115198 6 1.078165 7 0.873493 
npcontrolregion_dilepton_me up_cferr2 0 1.000000 3 1.077722 4 1.103697 5 1.082202 6 1.061106 7 0.873493 
npcontrolregion_dilepton_me up_hf 0 1.000000 3 0.945191 4 0.923488 5 0.902286 6 0.932213 7 0.759022 
npcontrolregion_dilepton_me up_hfstats1 0 1.000000 3 1.015460 4 1.016927 5 1.013988 6 1.047848 7 0.867526 
npcontrolregion_dilepton_me up_hfstats2 0 1.000000 3 1.012458 4 1.013739 5 1.003787 6 1.039720 7 0.866944 
npcontrolregion_dilepton_me up_jes 0 1.000000 3 1.007980 4 0.998901 5 1.005147 6 0.944471 7 0.811554 
npcontrolregion_dilepton_me up_jesAbsolute 0 1.000000 3 0.659172 4 0.565619 5 0.654726 6 0.760688 7 0.851076 
npcontrolregion_dilepton_me up_jesAbsolute_2016 0 1.000000 3 0.661500 4 0.558433 5 0.653920 6 0.750625 7 0.862360 
npcontrolregion_dilepton_me up_jesBBEC1 0 1.000000 3 0.661549 4 0.561560 5 0.655560 6 0.750429 7 0.856335 
npcontrolregion_dilepton_me up_jesBBEC1_2016 0 1.000000 3 0.661476 4 0.566050 5 0.648411 6 0.757526 7 0.864279 
npcontrolregion_dilepton_me up_jesEC2 0 1.000000 3 0.662672 4 0.564677 5 0.650506 6 0.764252 7 0.873232 
npcontrolregion_dilepton_me up_jesEC2_2016 0 1.000000 3 0.662661 4 0.564758 5 0.650690 6 0.763460 7 0.872432 
npcontrolregion_dilepton_me up_jesFlavorQCD 0 1.000000 3 1.013508 4 1.002192 5 1.018551 6 1.004994 7 0.846035 
npcontrolregion_dilepton_me up_jesHF 0 1.000000 3 0.662727 4 0.564570 5 0.650585 6 0.764078 7 0.875078 
npcontrolregion_dilepton_me up_jesHF_2016 0 1.000000 3 0.662672 4 0.564596 5 0.650450 6 0.763983 7 0.874004 
npcontrolregion_dilepton_me up_jesRelativeBal 0 1.000000 2 1.025810 3 1.017026 4 1.020560 5 1.024033 6 1.048158 7 0.880431 
npcontrolregion_dilepton_me up_jesRelativeSample_2016 0 1.000000 2 0.968875 3 0.656158 4 0.556604 5 0.670556 6 0.757651 7 0.857098 
npcontrolregion_dilepton_me up_lf 0 1.000000 3 1.012698 4 1.015465 5 0.994033 6 0.999171 7 0.885342 
npcontrolregion_dilepton_me up_lfstats1 0 1.000000 3 0.935303 4 0.913565 5 0.878142 6 0.888870 7 0.726749 
npcontrolregion_dilepton_me up_lfstats2 0 1.000000 3 0.943361 4 0.923082 5 0.891328 6 0.904711 7 0.738600 
npcontrolregion_dilepton_mm central 0 1.000000 3 1.011811 4 1.049230 5 1.086116 6 1.075857 7 0.967729 
npcontrolregion_dilepton_mm down_cferr1 0 1.000000 3 0.941087 4 0.979024 5 0.932594 6 0.957766 7 0.967729 
npcontrolregion_dilepton_mm down_cferr2 0 1.000000 3 0.973813 4 1.011141 5 0.998389 6 1.017076 7 0.967729 
npcontrolregion_dilepton_mm down_hf 0 1.000000 3 1.076702 4 1.148674 5 1.235373 6 1.196711 7 1.064042 
npcontrolregion_dilepton_mm down_hfstats1 0 1.000000 3 1.012188 4 1.050150 5 1.086351 6 1.078450 7 0.972369 
npcontrolregion_dilepton_mm down_hfstats2 0 1.000000 3 1.014579 4 1.053481 5 1.092028 6 1.081789 7 0.974528 
npcontrolregion_dilepton_mm down_jes 0 1.000000 2 1.005167 3 1.023047 4 1.057979 5 1.137016 6 1.092146 
npcontrolregion_dilepton_mm down_jesAbsolute 0 1.000000 2 0.832699 3 0.698789 4 0.755133 5 0.556977 6 0.656928 
npcontrolregion_dilepton_mm down_jesAbsolute_2016 0 1.000000 2 0.991636 3 0.697041 4 0.754996 5 0.559898 6 0.615649 7 0.978965 
npcontrolregion_dilepton_mm down_jesBBEC1 0 1.000000 2 0.876396 3 0.699251 4 0.753732 5 0.561857 6 0.614781 7 0.973186 
npcontrolregion_dilepton_mm down_jesBBEC1_2016 0 1.000000 2 1.031601 3 0.697112 4 0.754806 5 0.557066 6 0.617193 7 0.969609 
npcontrolregion_dilepton_mm down_jesEC2 0 1.000000 3 0.695507 4 0.753169 5 0.561536 6 0.604430 7 0.971609 
npcontrolregion_dilepton_mm down_jesEC2_2016 0 1.000000 3 0.695408 4 0.753028 5 0.561166 6 0.605211 7 0.968836 
npcontrolregion_dilepton_mm down_jesFlavorQCD 0 1.000000 2 1.012311 3 1.017976 4 1.057380 5 1.107745 6 1.082408 
npcontrolregion_dilepton_mm down_jesHF 0 1.000000 3 0.695293 4 0.753168 5 0.560973 6 0.605006 7 0.967577 
npcontrolregion_dilepton_mm down_jesHF_2016 0 1.000000 3 0.695277 4 0.753074 5 0.561217 6 0.604944 7 0.967836 
npcontrolregion_dilepton_mm down_jesRelativeBal 0 1.000000 3 1.009353 4 1.050091 5 1.080995 6 1.070439 7 0.817607 
npcontrolregion_dilepton_mm down_jesRelativeSample_2016 0 1.000000 2 0.784061 3 0.698728 4 0.760079 5 0.547227 6 0.655837 
npcontrolregion_dilepton_mm down_lf 0 1.000000 3 1.011927 4 1.049535 5 1.087157 6 1.066364 7 0.952738 
npcontrolregion_dilepton_mm down_lfstats1 0 1.000000 3 1.100250 4 1.171645 5 1.239851 6 1.275847 7 1.205033 
npcontrolregion_dilepton_mm down_lfstats2 0 1.000000 3 1.090787 4 1.159546 5 1.224732 6 1.247478 7 1.166579 
npcontrolregion_dilepton_mm up_cferr1 0 1.000000 3 1.102909 4 1.140066 5 1.285325 6 1.224477 7 0.967729 
npcontrolregion_dilepton_mm up_cferr2 0 1.000000 3 1.069901 4 1.107390 5 1.210289 6 1.167439 7 0.967729 
npcontrolregion_dilepton_mm up_hf 0 1.000000 3 0.944899 4 0.950888 5 0.946788 6 0.951212 7 0.865809 
npcontrolregion_dilepton_mm up_hfstats1 0 1.000000 3 1.011305 4 1.048107 5 1.085563 6 1.072951 7 0.962827 
npcontrolregion_dilepton_mm up_hfstats2 0 1.000000 3 1.008917 4 1.044793 5 1.079992 6 1.069686 7 0.960680 
npcontrolregion_dilepton_mm up_jes 0 1.000000 3 1.004304 4 1.038222 5 1.048400 6 1.056452 7 0.916291 
npcontrolregion_dilepton_mm up_jesAbsolute 0 1.000000 3 0.691553 4 0.755300 5 0.543307 6 0.604881 7 0.959024 
npcontrolregion_dilepton_mm up_jesAbsolute_2016 0 1.000000 3 0.693061 4 0.753851 5 0.551474 6 0.605497 7 0.955963 
npcontrolregion_dilepton_mm up_jesBBEC1 0 1.000000 3 0.692614 4 0.752518 5 0.559629 6 0.604361 7 0.972038 
npcontrolregion_dilepton_mm up_jesBBEC1_2016 0 1.000000 3 0.693206 4 0.758866 5 0.555681 6 0.606968 7 0.811790 
npcontrolregion_dilepton_mm up_jesEC2 0 1.000000 3 0.695361 4 0.753278 5 0.561485 6 0.605604 7 0.968281 
npcontrolregion_dilepton_mm up_jesEC2_2016 0 1.000000 3 0.695314 4 0.753031 5 0.561243 6 0.605375 7 0.968023 
npcontrolregion_dilepton_mm up_jesFlavorQCD 0 1.000000 3 1.007647 4 1.047484 5 1.062467 6 1.078146 7 0.794805 
npcontrolregion_dilepton_mm up_jesHF 0 1.000000 3 0.695422 4 0.753173 5 0.561149 6 0.605095 7 0.966589 
npcontrolregion_dilepton_mm up_jesHF_2016 0 1.000000 3 0.695342 4 0.752965 5 0.560904 6 0.604921 7 0.968159 
npcontrolregion_dilepton_mm up_jesRelativeBal 0 1.000000 2 0.988928 3 1.014676 4 1.054005 5 1.091732 6 1.083673 7 0.969316 
npcontrolregion_dilepton_mm up_jesRelativeSample_2016 0 1.000000 2 1.067586 3 0.691319 4 0.753999 5 0.560403 6 0.599761 7 0.970508 
npcontrolregion_dilepton_mm up_lf 0 1.000000 3 1.009336 4 1.045099 5 1.080018 6 1.079134 7 0.974878 
npcontrolregion_dilepton_mm up_lfstats1 0 1.000000 3 0.930590 4 0.939713 5 0.951521 6 0.907029 7 0.776374 
npcontrolregion_dilepton_mm up_lfstats2 0 1.000000 3 0.938867 4 0.949757 5 0.963561 6 0.927597 7 0.802522 
nplownjetscontrolregion_dilepton_inclusive central 0 1.000000 1 1.008405 2 1.024079 
nplownjetscontrolregion_dilepton_inclusive down_cferr1 0 1.000000 1 0.981624 2 0.978626 
nplownjetscontrolregion_dilepton_inclusive down_cferr2 0 1.000000 1 0.994277 2 1.000023 
nplownjetscontrolregion_dilepton_inclusive down_hf 0 1.000000 1 1.029520 2 1.070661 
nplownjetscontrolregion_dilepton_inclusive down_hfstats1 0 1.000000 1 1.008357 2 1.023981 
nplownjetscontrolregion_dilepton_inclusive down_hfstats2 0 1.000000 1 1.009339 2 1.026102 
nplownjetscontrolregion_dilepton_inclusive down_jes 0 1.000000 1 1.010969 2 1.029997 
nplownjetscontrolregion_dilepton_inclusive down_jesAbsolute 0 1.000000 1 0.870438 2 0.807528 
nplownjetscontrolregion_dilepton_inclusive down_jesAbsolute_2016 0 1.000000 1 0.870042 2 0.806624 
nplownjetscontrolregion_dilepton_inclusive down_jesBBEC1 0 1.000000 1 0.870455 2 0.807374 
nplownjetscontrolregion_dilepton_inclusive down_jesBBEC1_2016 0 1.000000 1 0.870321 2 0.806812 
nplownjetscontrolregion_dilepton_inclusive down_jesEC2 0 1.000000 1 0.869772 2 0.806063 
nplownjetscontrolregion_dilepton_inclusive down_jesEC2_2016 0 1.000000 1 0.869729 2 0.805968 
nplownjetscontrolregion_dilepton_inclusive down_jesFlavorQCD 0 1.000000 1 1.009707 2 1.027083 
nplownjetscontrolregion_dilepton_inclusive down_jesHF 0 1.000000 1 0.869710 2 0.805942 
nplownjetscontrolregion_dilepton_inclusive down_jesHF_2016 0 1.000000 1 0.869693 2 0.805896 
nplownjetscontrolregion_dilepton_inclusive down_jesRelativeBal 0 1.000000 1 1.007867 2 1.022585 3 0.992798 
nplownjetscontrolregion_dilepton_inclusive down_jesRelativeSample_2016 0 1.000000 1 0.870075 2 0.807738 3 0.735715 
nplownjetscontrolregion_dilepton_inclusive down_lf 0 1.000000 1 1.008453 2 1.024234 
nplownjetscontrolregion_dilepton_inclusive down_lfstats1 0 1.000000 1 1.038082 2 1.085590 
nplownjetscontrolregion_dilepton_inclusive down_lfstats2 0 1.000000 1 1.034970 2 1.079641 
nplownjetscontrolregion_dilepton_inclusive up_cferr1 0 1.000000 1 1.042154 2 1.082632 
nplownjetscontrolregion_dilepton_inclusive up_cferr2 0 1.000000 1 1.030224 2 1.061678 
nplownjetscontrolregion_dilepton_inclusive up_hf 0 1.000000 1 0.985463 2 0.975104 
nplownjetscontrolregion_dilepton_inclusive up_hfstats1 0 1.000000 1 1.008418 2 1.024094 
nplownjetscontrolregion_dilepton_inclusive up_hfstats2 0 1.000000 1 1.007437 2 1.021983 
nplownjetscontrolregion_dilepton_inclusive up_jes 0 1.000000 1 1.006111 2 1.018074 3 0.997358 4 0.907101 
nplownjetscontrolregion_dilepton_inclusive up_jesAbsolute 0 1.000000 1 0.868805 2 0.804392 3 0.748772 
nplownjetscontrolregion_dilepton_inclusive up_jesAbsolute_2016 0 1.000000 1 0.869021 2 0.804723 3 0.744418 
nplownjetscontrolregion_dilepton_inclusive up_jesBBEC1 0 1.000000 1 0.868980 2 0.804674 3 0.761966 
nplownjetscontrolregion_dilepton_inclusive up_jesBBEC1_2016 0 1.000000 1 0.869304 2 0.805546 3 0.645337 
nplownjetscontrolregion_dilepton_inclusive up_jesEC2 0 1.000000 1 0.869766 2 0.806050 
nplownjetscontrolregion_dilepton_inclusive up_jesEC2_2016 0 1.000000 1 0.869744 2 0.805986 
nplownjetscontrolregion_dilepton_inclusive up_jesFlavorQCD 0 1.000000 1 1.007403 2 1.021345 3 0.998079 4 0.813083 
nplownjetscontrolregion_dilepton_inclusive up_jesHF 0 1.000000 1 0.869742 2 0.806017 
nplownjetscontrolregion_dilepton_inclusive up_jesHF_2016 0 1.000000 1 0.869718 2 0.805932 
nplownjetscontrolregion_dilepton_inclusive up_jesRelativeBal 0 1.000000 1 1.009173 2 1.025658 3 1.048821 
nplownjetscontrolregion_dilepton_inclusive up_jesRelativeSample_2016 0 1.000000 1 0.869039 2 0.804233 3 0.758768 
nplownjetscontrolregion_dilepton_inclusive up_lf 0 1.000000 1 1.007688 2 1.022428 
nplownjetscontrolregion_dilepton_inclusive up_lfstats1 0 1.000000 1 0.979584 2 0.965970 
nplownjetscontrolregion_dilepton_inclusive up_lfstats2 0 1.000000 1 0.982606 2 0.971497 
signalregion_dilepton_ee central 0 1.000000 3 1.044431 4 1.062892 5 1.101806 6 1.115591 7 1.296542 8 1.225479 9 0.784525 
signalregion_dilepton_ee down_cferr1 0 1.000000 3 0.985380 4 0.989533 5 1.017840 6 1.025551 7 1.166777 8 1.105274 9 0.458689 
signalregion_dilepton_ee down_cferr2 0 1.000000 3 1.012774 4 1.022772 5 1.055845 6 1.066483 7 1.224171 8 1.153065 9 0.571021 
signalregion_dilepton_ee down_hf 0 1.000000 3 1.120111 4 1.167734 5 1.254449 6 1.288027 7 1.569758 8 1.477339 9 0.861147 
signalregion_dilepton_ee down_hfstats1 0 1.000000 3 1.044132 4 1.062333 5 1.100738 6 1.112290 7 1.292770 8 1.192257 9 0.787303 
signalregion_dilepton_ee down_hfstats2 0 1.000000 3 1.047697 4 1.067373 5 1.108746 6 1.122240 7 1.306809 8 1.224502 9 0.790093 
signalregion_dilepton_ee down_jes 0 1.000000 1 0.956180 2 1.036281 3 1.054218 4 1.080088 5 1.122168 6 1.151257 7 1.341597 8 1.320270 9 0.847763 
signalregion_dilepton_ee down_jesAbsolute 0 1.000000 1 0.932959 2 0.794707 3 0.778686 4 0.752974 5 0.759959 6 0.726088 7 0.837295 8 0.868962 9 0.221928 
signalregion_dilepton_ee down_jesAbsolute_2016 0 1.000000 2 0.751832 3 0.777373 4 0.749161 5 0.760219 6 0.732341 7 0.831811 8 0.718112 9 0.218048 
signalregion_dilepton_ee down_jesBBEC1 0 1.000000 2 0.718165 3 0.778132 4 0.751634 5 0.758590 6 0.734093 7 0.845208 8 0.742580 9 0.218901 
signalregion_dilepton_ee down_jesBBEC1_2016 0 1.000000 2 0.854835 3 0.778187 4 0.749132 5 0.762625 6 0.722092 7 0.858668 8 0.743311 9 0.218262 
signalregion_dilepton_ee down_jesEC2 0 1.000000 3 0.776192 4 0.748089 5 0.758241 6 0.728314 7 0.816253 8 0.792023 9 0.184043 
signalregion_dilepton_ee down_jesEC2_2016 0 1.000000 3 0.776059 4 0.747888 5 0.757992 6 0.727928 7 0.816094 8 0.790753 9 0.183646 
signalregion_dilepton_ee down_jesFlavorQCD 0 1.000000 1 0.932308 2 1.041199 3 1.049297 4 1.073162 5 1.111111 6 1.146394 7 1.328137 8 1.307340 9 0.840776 
signalregion_dilepton_ee down_jesHF 0 1.000000 3 0.776060 4 0.747889 5 0.757952 6 0.728180 7 0.816801 8 0.790779 9 0.183829 
signalregion_dilepton_ee down_jesHF_2016 0 1.000000 3 0.775954 4 0.747771 5 0.757765 6 0.727886 7 0.815152 8 0.792662 9 0.183715 
signalregion_dilepton_ee down_jesRelativeBal 0 1.000000 2 0.961716 3 1.042038 4 1.059431 5 1.096166 6 1.110915 7 1.241540 8 1.201508 9 0.722942 10 0.584623 
signalregion_dilepton_ee down_jesRelativeSample_2016 0 1.000000 2 0.794013 3 0.778340 4 0.751410 5 0.754911 6 0.739726 7 0.832371 8 0.715661 9 0.187074 
signalregion_dilepton_ee down_lf 0 1.000000 3 1.045652 4 1.066082 5 1.105345 6 1.130749 7 1.319767 8 1.473996 9 0.773858 
signalregion_dilepton_ee down_lfstats1 0 1.000000 3 1.137634 4 1.187024 5 1.266334 6 1.313852 7 1.553435 8 1.501104 9 0.990839 
signalregion_dilepton_ee down_lfstats2 0 1.000000 3 1.129014 4 1.175964 5 1.252244 6 1.296476 7 1.542566 8 1.478887 9 0.952140 
signalregion_dilepton_ee up_cferr1 0 1.000000 3 1.120590 4 1.161159 5 1.211575 6 1.234738 7 1.489230 8 1.408357 9 1.273082 
signalregion_dilepton_ee up_cferr2 0 1.000000 3 1.093138 4 1.125705 5 1.171266 6 1.190088 7 1.417013 8 1.342423 9 1.095846 
signalregion_dilepton_ee up_hf 0 1.000000 3 0.967286 4 0.959165 5 0.958001 6 0.951469 7 1.055255 8 1.003525 9 0.698565 
signalregion_dilepton_ee up_hfstats1 0 1.000000 3 1.044584 4 1.063216 5 1.102600 6 1.118757 7 1.299504 8 1.260581 9 0.781411 
signalregion_dilepton_ee up_hfstats2 0 1.000000 3 1.041046 4 1.058227 5 1.094686 6 1.108665 7 1.285917 8 1.224901 9 0.778747 
signalregion_dilepton_ee up_jes 0 1.000000 3 1.035217 4 1.048497 5 1.078480 6 1.095919 7 1.205340 8 1.101205 9 0.702267 10 0.560722 
signalregion_dilepton_ee up_jesAbsolute 0 1.000000 3 0.773759 4 0.744626 5 0.749436 6 0.720158 7 0.749115 8 0.811574 9 0.177439 
signalregion_dilepton_ee up_jesAbsolute_2016 0 1.000000 3 0.774330 4 0.745029 5 0.752069 6 0.723538 7 0.747610 8 0.931451 9 0.179759 
signalregion_dilepton_ee up_jesBBEC1 0 1.000000 3 0.774147 4 0.745354 5 0.751388 6 0.721357 7 0.744353 8 0.940094 9 0.269304 10 0.000000 
signalregion_dilepton_ee up_jesBBEC1_2016 0 1.000000 3 0.774915 4 0.747267 5 0.753474 6 0.718042 7 0.755627 8 0.909938 9 0.270115 10 0.000000 
signalregion_dilepton_ee up_jesEC2 0 1.000000 3 0.776154 4 0.748002 5 0.758026 6 0.728195 7 0.815927 8 0.792793 9 0.183698 
signalregion_dilepton_ee up_jesEC2_2016 0 1.000000 3 0.776050 4 0.747776 5 0.757744 6 0.728169 7 0.816451 8 0.791918 9 0.183588 
signalregion_dilepton_ee up_jesFlavorQCD 0 1.000000 3 1.040168 4 1.054905 5 1.087622 6 1.115422 7 1.210054 8 1.145743 9 0.716999 10 0.573412 
signalregion_dilepton_ee up_jesHF 0 1.000000 3 0.776118 4 0.747937 5 0.757941 6 0.728299 7 0.816071 8 0.792517 9 0.183549 
signalregion_dilepton_ee up_jesHF_2016 0 1.000000 3 0.775973 4 0.747717 5 0.757631 6 0.727858 7 0.815618 8 0.792075 9 0.183445 
signalregion_dilepton_ee up_jesRelativeBal 0 1.000000 2 1.015778 3 1.047558 4 1.068437 5 1.103227 6 1.117848 7 1.305907 8 1.367379 9 0.824683 
signalregion_dilepton_ee up_jesRelativeSample_2016 0 1.000000 2 0.853170 3 0.774024 4 0.745838 5 0.749479 6 0.723058 7 0.768647 8 0.810832 9 0.211315 
signalregion_dilepton_ee up_lf 0 1.000000 3 1.040630 4 1.056262 5 1.093262 6 1.095173 7 1.267061 8 1.064299 9 0.788883 
signalregion_dilepton_ee up_lfstats1 0 1.000000 3 0.958627 4 0.951334 5 0.958329 6 0.946852 7 1.080101 8 0.998595 9 0.621037 
signalregion_dilepton_ee up_lfstats2 0 1.000000 3 0.966299 4 0.960805 5 0.969739 6 0.960198 7 1.089878 8 1.014609 9 0.646493 
signalregion_dilepton_em central 0 1.000000 3 1.036817 4 1.057441 5 1.078729 6 1.066411 7 1.140902 8 1.177714 9 1.240699 
signalregion_dilepton_em down_cferr1 0 1.000000 3 0.977566 4 0.983545 5 0.987360 6 0.954709 7 0.982623 8 1.030086 9 1.240699 
signalregion_dilepton_em down_cferr2 0 1.000000 3 1.005187 4 1.017409 5 1.028275 6 1.006752 7 1.048033 8 1.122742 9 1.240699 
signalregion_dilepton_em down_hf 0 1.000000 3 1.111695 4 1.161925 5 1.215192 6 1.215410 7 1.331685 8 1.287649 9 1.407519 
signalregion_dilepton_em down_hfstats1 0 1.000000 3 1.036695 4 1.056887 5 1.077874 6 1.062852 7 1.139084 8 1.169703 9 1.248214 
signalregion_dilepton_em down_hfstats2 0 1.000000 3 1.040064 4 1.062008 5 1.084915 6 1.073539 7 1.152994 8 1.194038 9 1.251659 
signalregion_dilepton_em down_jes 0 1.000000 1 1.002824 2 1.028008 3 1.048460 4 1.069652 5 1.098051 6 1.104458 7 1.193631 8 1.194357 9 1.143288 
signalregion_dilepton_em down_jesAbsolute 0 1.000000 2 0.839813 3 0.773814 4 0.746635 5 0.735402 6 0.640013 7 0.686679 8 0.472297 9 1.226265 
signalregion_dilepton_em down_jesAbsolute_2016 0 1.000000 2 0.814861 3 0.772544 4 0.745447 5 0.727844 6 0.628196 7 0.687185 8 0.468903 9 1.221602 
signalregion_dilepton_em down_jesBBEC1 0 1.000000 2 0.803570 3 0.773628 4 0.747177 5 0.729608 6 0.629594 7 0.691889 8 0.470404 9 1.229795 
signalregion_dilepton_em down_jesBBEC1_2016 0 1.000000 2 0.827273 3 0.773412 4 0.745691 5 0.727411 6 0.625197 7 0.687193 8 0.470282 9 1.233335 
signalregion_dilepton_em down_jesEC2 0 1.000000 3 0.772069 4 0.745842 5 0.721303 6 0.627797 7 0.687645 8 0.470383 9 1.242724 
signalregion_dilepton_em down_jesEC2_2016 0 1.000000 3 0.771966 4 0.745662 5 0.721162 6 0.627432 7 0.687578 8 0.469617 9 1.241720 
signalregion_dilepton_em down_jesFlavorQCD 0 1.000000 1 0.932308 2 1.014007 3 1.043591 4 1.063166 5 1.089862 6 1.096475 7 1.169386 8 1.158571 9 1.270470 
signalregion_dilepton_em down_jesHF 0 1.000000 3 0.771944 4 0.745631 5 0.721176 6 0.627393 7 0.687239 8 0.470312 9 1.239793 
signalregion_dilepton_em down_jesHF_2016 0 1.000000 3 0.771853 4 0.745563 5 0.720941 6 0.627391 7 0.687149 8 0.470272 9 1.239552 
signalregion_dilepton_em down_jesRelativeBal 0 1.000000 2 1.113466 3 1.034873 4 1.053524 5 1.071582 6 1.057337 7 1.125990 8 1.175269 9 1.230277 
signalregion_dilepton_em down_jesRelativeSample_2016 0 1.000000 2 0.834600 3 0.773474 4 0.748506 5 0.729429 6 0.635031 7 0.696003 8 0.470489 9 1.248233 
signalregion_dilepton_em down_lf 0 1.000000 3 1.037481 4 1.060673 5 1.082277 6 1.083234 7 1.147908 8 1.204276 9 1.215333 
signalregion_dilepton_em down_lfstats1 0 1.000000 3 1.129498 4 1.181225 5 1.237714 6 1.250117 7 1.379402 8 1.444650 9 1.608526 
signalregion_dilepton_em down_lfstats2 0 1.000000 3 1.120997 4 1.170188 5 1.223528 6 1.232257 7 1.356073 8 1.395235 9 1.549956 
signalregion_dilepton_em up_cferr1 0 1.000000 3 1.113402 4 1.154905 5 1.202508 6 1.222153 7 1.382307 8 1.382803 9 1.240699 
signalregion_dilepton_em up_cferr2 0 1.000000 3 1.085514 4 1.119370 5 1.157041 6 1.161509 7 1.287814 8 1.290464 9 1.240699 
signalregion_dilepton_em up_hf 0 1.000000 3 0.960318 4 0.953725 5 0.946996 6 0.921752 7 0.955458 8 1.056712 9 1.072299 
signalregion_dilepton_em up_hfstats1 0 1.000000 3 1.036784 4 1.057810 5 1.079347 6 1.069883 7 1.142340 8 1.185614 9 1.232400 
signalregion_dilepton_em up_hfstats2 0 1.000000 3 1.033449 4 1.052699 5 1.072330 6 1.058970 7 1.128549 8 1.160854 9 1.229330 
signalregion_dilepton_em up_jes 0 1.000000 3 1.026768 4 1.044180 5 1.060062 6 1.035697 7 1.103669 8 1.153175 9 1.209000 
signalregion_dilepton_em up_jesAbsolute 0 1.000000 3 0.768916 4 0.742895 5 0.717551 6 0.617937 7 0.668139 8 0.565971 9 1.242072 
signalregion_dilepton_em up_jesAbsolute_2016 0 1.000000 3 0.769876 4 0.742281 5 0.716727 6 0.626489 7 0.681902 8 0.467148 9 1.239644 
signalregion_dilepton_em up_jesBBEC1 0 1.000000 3 0.769333 4 0.743526 5 0.716099 6 0.617314 7 0.679941 8 0.469988 9 1.237101 
signalregion_dilepton_em up_jesBBEC1_2016 0 1.000000 3 0.770918 4 0.744427 5 0.715317 6 0.631049 7 0.684031 8 0.470148 9 1.239448 
signalregion_dilepton_em up_jesEC2 0 1.000000 3 0.772038 4 0.745821 5 0.721168 6 0.627544 7 0.687969 8 0.470295 9 1.238386 
signalregion_dilepton_em up_jesEC2_2016 0 1.000000 3 0.771947 4 0.745590 5 0.720953 6 0.627189 7 0.687495 8 0.469957 9 1.237359 
signalregion_dilepton_em up_jesFlavorQCD 0 1.000000 3 1.032185 4 1.049948 5 1.071656 6 1.047927 7 1.120893 8 1.180141 9 1.200726 
signalregion_dilepton_em up_jesHF 0 1.000000 3 0.772038 4 0.745726 5 0.721135 6 0.627533 7 0.687425 8 0.469676 9 1.242679 
signalregion_dilepton_em up_jesHF_2016 0 1.000000 3 0.771912 4 0.745564 5 0.720900 6 0.627237 7 0.686953 8 0.469167 9 1.240224 
signalregion_dilepton_em up_jesRelativeBal 0 1.000000 2 1.018863 3 1.039869 4 1.060082 5 1.086201 6 1.073055 7 1.144766 8 1.181314 9 1.245215 
signalregion_dilepton_em up_jesRelativeSample_2016 0 1.000000 2 0.883883 3 0.769489 4 0.739885 5 0.717656 6 0.627044 7 0.652396 8 0.563487 9 1.232730 
signalregion_dilepton_em up_lf 0 1.000000 3 1.033525 4 1.050847 5 1.070263 6 1.046394 7 1.125382 8 1.145415 9 1.251473 
signalregion_dilepton_em up_lfstats1 0 1.000000 3 0.951546 4 0.946385 5 0.939874 6 0.909417 7 0.943866 8 0.960919 9 0.956477 
signalregion_dilepton_em up_lfstats2 0 1.000000 3 0.959089 4 0.955755 5 0.951353 6 0.923017 7 0.960704 8 0.994709 9 0.993743 
signalregion_dilepton_inclusive central 0 1.000000 3 1.042295 4 1.057372 5 1.087522 6 1.080262 7 1.205234 8 1.145598 9 1.181504 
signalregion_dilepton_inclusive down_cferr1 0 1.000000 3 0.983344 4 0.986508 5 1.001489 6 0.991613 7 1.072768 8 0.967447 9 1.062259 
signalregion_dilepton_inclusive down_cferr2 0 1.000000 3 1.010901 4 1.018868 5 1.039929 6 1.032746 7 1.130254 8 1.048945 9 1.124222 
signalregion_dilepton_inclusive down_hf 0 1.000000 3 1.118386 4 1.161261 5 1.229005 6 1.229569 7 1.423156 8 1.356606 9 1.378202 
signalregion_dilepton_inclusive down_hfstats1 0 1.000000 3 1.042101 4 1.056754 5 1.086249 6 1.078347 7 1.200642 8 1.139786 9 1.185880 
signalregion_dilepton_inclusive down_hfstats2 0 1.000000 3 1.045558 4 1.061876 5 1.093888 6 1.087103 7 1.216343 8 1.154345 9 1.192014 
signalregion_dilepton_inclusive down_jes 0 1.000000 1 1.000973 2 1.038484 3 1.052796 4 1.071382 5 1.107419 6 1.116416 7 1.233071 8 1.225943 9 0.993473 
signalregion_dilepton_inclusive down_jesAbsolute 0 1.000000 1 1.009125 2 0.836194 3 0.776765 4 0.754680 5 0.753042 6 0.711039 7 0.752058 8 0.445060 9 0.561050 
signalregion_dilepton_inclusive down_jesAbsolute_2016 0 1.000000 2 0.833446 3 0.775421 4 0.752824 5 0.750077 6 0.707115 7 0.745557 8 0.433484 9 0.559641 
signalregion_dilepton_inclusive down_jesBBEC1 0 1.000000 2 0.826087 3 0.776287 4 0.754641 5 0.750001 6 0.707089 7 0.756073 8 0.429657 9 0.562195 
signalregion_dilepton_inclusive down_jesBBEC1_2016 0 1.000000 1 0.923831 2 0.858439 3 0.775862 4 0.753282 5 0.749118 6 0.701611 7 0.760299 8 0.418133 9 0.564129 
signalregion_dilepton_inclusive down_jesEC2 0 1.000000 3 0.774511 4 0.751607 5 0.747593 6 0.701478 7 0.747222 8 0.467871 9 0.554603 
signalregion_dilepton_inclusive down_jesEC2_2016 0 1.000000 3 0.774391 4 0.751435 5 0.747433 6 0.701135 7 0.747037 8 0.467320 9 0.553711 
signalregion_dilepton_inclusive down_jesFlavorQCD 0 1.000000 1 0.990028 2 1.033056 3 1.047678 4 1.065189 5 1.097627 6 1.104943 7 1.224545 8 1.170818 9 1.205879 
signalregion_dilepton_inclusive down_jesHF 0 1.000000 3 0.774368 4 0.751420 5 0.747436 6 0.701151 7 0.746807 8 0.467073 9 0.553542 
signalregion_dilepton_inclusive down_jesHF_2016 0 1.000000 3 0.774277 4 0.751302 5 0.747196 6 0.701082 7 0.746643 8 0.467514 9 0.553423 
signalregion_dilepton_inclusive down_jesRelativeBal 0 1.000000 2 1.011608 3 1.040354 4 1.053918 5 1.081588 6 1.075386 7 1.180102 8 1.139916 9 1.188904 10 0.584623 
signalregion_dilepton_inclusive down_jesRelativeSample_2016 0 1.000000 1 0.959122 2 0.831806 3 0.776520 4 0.754885 5 0.749917 6 0.710046 7 0.756368 8 0.433788 9 0.554588 
signalregion_dilepton_inclusive down_lf 0 1.000000 3 1.043237 4 1.060799 5 1.092889 6 1.089047 7 1.223679 8 1.193150 9 1.163896 
signalregion_dilepton_inclusive down_lfstats1 0 1.000000 3 1.134997 4 1.181590 5 1.248156 6 1.269034 7 1.451150 8 1.407095 9 1.512937 
signalregion_dilepton_inclusive down_lfstats2 0 1.000000 3 1.126638 4 1.170608 5 1.234278 6 1.250409 7 1.430691 8 1.383277 9 1.468124 
signalregion_dilepton_inclusive up_cferr1 0 1.000000 3 1.118799 4 1.150856 5 1.202589 6 1.202660 7 1.396206 8 1.375293 9 1.383077 
signalregion_dilepton_inclusive up_cferr2 0 1.000000 3 1.090985 4 1.116868 5 1.160336 6 1.156646 7 1.323467 8 1.290227 9 1.298608 
signalregion_dilepton_inclusive up_hf 0 1.000000 3 0.964744 4 0.954222 5 0.951656 6 0.935536 7 1.002032 8 0.949490 9 0.986334 
signalregion_dilepton_inclusive up_hfstats1 0 1.000000 3 1.042334 4 1.057801 5 1.088542 6 1.081993 7 1.209431 8 1.151008 9 1.176739 
signalregion_dilepton_inclusive up_hfstats2 0 1.000000 3 1.038911 4 1.052693 5 1.080938 6 1.073148 7 1.193862 8 1.136215 9 1.170673 
signalregion_dilepton_inclusive up_jes 0 1.000000 3 1.033361 4 1.042028 5 1.068033 6 1.059035 7 1.150976 8 1.140085 9 1.103776 10 0.560722 
signalregion_dilepton_inclusive up_jesAbsolute 0 1.000000 3 0.771629 4 0.748015 5 0.742648 6 0.692661 7 0.709118 8 0.497087 9 0.541436 
signalregion_dilepton_inclusive up_jesAbsolute_2016 0 1.000000 3 0.772321 4 0.748543 5 0.743535 6 0.694008 7 0.721511 8 0.499994 9 0.530695 
signalregion_dilepton_inclusive up_jesBBEC1 0 1.000000 3 0.772114 4 0.749026 5 0.742420 6 0.693316 7 0.718217 8 0.500932 9 0.591105 10 0.000000 
signalregion_dilepton_inclusive up_jesBBEC1_2016 0 1.000000 3 0.773272 4 0.750043 5 0.745385 6 0.694055 7 0.731856 8 0.504916 9 0.587942 10 0.000000 
signalregion_dilepton_inclusive up_jesEC2 0 1.000000 3 0.774480 4 0.751532 5 0.747454 6 0.701393 7 0.747247 8 0.467261 9 0.552602 
signalregion_dilepton_inclusive up_jesEC2_2016 0 1.000000 3 0.774392 4 0.751357 5 0.747278 6 0.701037 7 0.747153 8 0.467220 9 0.552076 
signalregion_dilepton_inclusive up_jesFlavorQCD 0 1.000000 3 1.038189 4 1.049823 5 1.077268 6 1.071315 7 1.163612 8 1.159507 9 1.109603 10 0.573412 
signalregion_dilepton_inclusive up_jesHF 0 1.000000 3 0.774451 4 0.751487 5 0.747333 6 0.701320 7 0.746922 8 0.468349 9 0.553606 
signalregion_dilepton_inclusive up_jesHF_2016 0 1.000000 3 0.774322 4 0.751294 5 0.747164 6 0.700985 7 0.746741 8 0.467810 9 0.553030 
signalregion_dilepton_inclusive up_jesRelativeBal 0 1.000000 1 0.924102 2 1.040467 3 1.044978 4 1.061135 5 1.091373 6 1.087474 7 1.210027 8 1.174867 9 1.188413 
signalregion_dilepton_inclusive up_jesRelativeSample_2016 0 1.000000 2 0.915602 3 0.771927 4 0.747575 5 0.744253 6 0.695279 7 0.708492 8 0.494581 9 0.549501 
signalregion_dilepton_inclusive up_lf 0 1.000000 3 1.038762 4 1.050587 5 1.077449 6 1.066328 7 1.180003 8 1.105262 9 1.187710 
signalregion_dilepton_inclusive up_lfstats1 0 1.000000 3 0.956923 4 0.945862 5 0.947200 6 0.919171 7 0.999830 8 0.931303 9 0.922987 
signalregion_dilepton_inclusive up_lfstats2 0 1.000000 3 0.964373 4 0.955229 5 0.958460 6 0.933427 7 1.015246 8 0.948950 9 0.951083 
signalregion_dilepton_me central 0 1.000000 3 1.042409 4 1.057658 5 1.084335 6 1.062474 7 1.107539 8 1.164599 9 1.536166 
signalregion_dilepton_me down_cferr1 0 1.000000 3 0.982461 4 0.990359 5 1.005017 6 0.983880 7 1.006609 8 0.950495 9 1.551284 
signalregion_dilepton_me down_cferr2 0 1.000000 3 1.010448 4 1.021458 5 1.041065 6 1.018962 7 1.051780 8 1.040564 9 1.594296 
signalregion_dilepton_me down_hf 0 1.000000 3 1.118632 4 1.157336 5 1.224371 6 1.201434 7 1.268739 8 1.466194 9 1.844111 
signalregion_dilepton_me down_hfstats1 0 1.000000 3 1.042319 4 1.056827 5 1.082904 6 1.060731 7 1.101351 8 1.161171 9 1.538637 
signalregion_dilepton_me down_hfstats2 0 1.000000 3 1.045642 4 1.062214 5 1.090354 6 1.069660 7 1.114875 8 1.174249 9 1.551212 
signalregion_dilepton_me down_jes 0 1.000000 1 0.974816 2 1.042849 3 1.052818 4 1.073080 5 1.100583 6 1.098184 7 1.123951 8 1.331989 9 1.182498 
signalregion_dilepton_me down_jesAbsolute 0 1.000000 1 0.997792 2 0.871533 3 0.773957 4 0.759678 5 0.743703 6 0.759953 7 0.692261 8 0.548302 9 0.623047 
signalregion_dilepton_me down_jesAbsolute_2016 0 1.000000 2 0.897195 3 0.772690 4 0.758494 5 0.740482 6 0.759728 7 0.650225 8 0.553958 9 0.624765 
signalregion_dilepton_me down_jesBBEC1 0 1.000000 2 0.921551 3 0.773181 4 0.760250 5 0.740732 6 0.757617 7 0.668709 8 0.554408 9 0.626413 
signalregion_dilepton_me down_jesBBEC1_2016 0 1.000000 2 0.946285 3 0.772690 4 0.759804 5 0.739094 6 0.756560 7 0.658057 8 0.528366 9 0.629959 
signalregion_dilepton_me down_jesEC2 0 1.000000 3 0.772099 4 0.756679 5 0.741346 6 0.750504 7 0.654392 8 0.548803 9 0.627114 
signalregion_dilepton_me down_jesEC2_2016 0 1.000000 3 0.771978 4 0.756473 5 0.741169 6 0.750253 7 0.654025 8 0.548104 9 0.625684 
signalregion_dilepton_me down_jesFlavorQCD 0 1.000000 1 0.971174 2 1.042755 3 1.046916 4 1.066104 5 1.092051 6 1.082321 7 1.123753 8 1.202736 9 1.530769 
signalregion_dilepton_me down_jesHF 0 1.000000 3 0.771935 4 0.756466 5 0.741143 6 0.750022 7 0.653267 8 0.547673 9 0.626086 
signalregion_dilepton_me down_jesHF_2016 0 1.000000 3 0.771857 4 0.756352 5 0.740894 6 0.750207 7 0.653100 8 0.547807 9 0.625995 
signalregion_dilepton_me down_jesRelativeBal 0 1.000000 2 1.011319 3 1.040597 4 1.054149 5 1.080015 6 1.061643 7 1.105435 8 1.149838 9 1.493074 
signalregion_dilepton_me down_jesRelativeSample_2016 0 1.000000 1 0.993892 2 0.884381 3 0.773916 4 0.759288 5 0.744185 6 0.750103 7 0.726669 8 0.550250 9 0.622048 
signalregion_dilepton_me down_lf 0 1.000000 3 1.042841 4 1.061861 5 1.091374 6 1.068798 7 1.138046 8 1.184252 9 1.519381 
signalregion_dilepton_me down_lfstats1 0 1.000000 3 1.134890 4 1.181499 5 1.243018 6 1.248075 7 1.339914 8 1.456800 9 1.996213 
signalregion_dilepton_me down_lfstats2 0 1.000000 3 1.126544 4 1.170205 5 1.230134 6 1.228341 7 1.313473 8 1.440388 9 1.931926 
signalregion_dilepton_me up_cferr1 0 1.000000 3 1.120174 4 1.146483 5 1.193007 6 1.172512 7 1.251527 8 1.435958 9 1.569121 
signalregion_dilepton_me up_cferr2 0 1.000000 3 1.091886 4 1.114073 5 1.153569 6 1.131752 7 1.198990 8 1.332747 9 1.527861 
signalregion_dilepton_me up_hf 0 1.000000 3 0.964737 4 0.957664 5 0.949327 6 0.927991 7 0.946209 8 0.902522 9 1.233852 
signalregion_dilepton_me up_hfstats1 0 1.000000 3 1.042344 4 1.058343 5 1.085568 6 1.064099 7 1.113443 8 1.166532 9 1.533114 
signalregion_dilepton_me up_hfstats2 0 1.000000 3 1.039055 4 1.052932 5 1.078068 6 1.055057 7 1.099646 8 1.154508 9 1.520738 
signalregion_dilepton_me up_jes 0 1.000000 3 1.034228 4 1.039625 5 1.066278 6 1.049531 7 1.068762 8 1.260986 9 1.298298 
signalregion_dilepton_me up_jesAbsolute 0 1.000000 3 0.769223 4 0.750658 5 0.739213 6 0.739700 7 0.641210 8 0.534001 9 0.587867 
signalregion_dilepton_me up_jesAbsolute_2016 0 1.000000 3 0.769836 4 0.753459 5 0.738335 6 0.742873 7 0.650761 8 0.547734 9 0.572096 
signalregion_dilepton_me up_jesBBEC1 0 1.000000 3 0.769927 4 0.752564 5 0.735512 6 0.746588 7 0.652317 8 0.545306 9 0.576784 
signalregion_dilepton_me up_jesBBEC1_2016 0 1.000000 3 0.770932 4 0.754071 5 0.740141 6 0.739123 7 0.686741 8 0.544785 9 0.568088 
signalregion_dilepton_me up_jesEC2 0 1.000000 3 0.772083 4 0.756605 5 0.741094 6 0.750679 7 0.652708 8 0.546551 9 0.624540 
signalregion_dilepton_me up_jesEC2_2016 0 1.000000 3 0.771995 4 0.756472 5 0.740965 6 0.750042 7 0.652579 8 0.547403 9 0.623819 
signalregion_dilepton_me up_jesFlavorQCD 0 1.000000 3 1.038406 4 1.049517 5 1.074174 6 1.058011 7 1.080810 8 1.263124 9 1.302159 
signalregion_dilepton_me up_jesHF 0 1.000000 3 0.772042 4 0.756561 5 0.740995 6 0.750461 7 0.652490 8 0.550499 9 0.625014 
signalregion_dilepton_me up_jesHF_2016 0 1.000000 3 0.771898 4 0.756316 5 0.740861 6 0.750127 7 0.653476 8 0.549587 9 0.624878 
signalregion_dilepton_me up_jesRelativeBal 0 1.000000 2 1.060804 3 1.044709 4 1.060842 5 1.087981 6 1.071430 7 1.115136 8 1.207857 9 1.523072 
signalregion_dilepton_me up_jesRelativeSample_2016 0 1.000000 2 0.871575 3 0.769846 4 0.750305 5 0.739506 6 0.740235 7 0.621315 8 0.528373 9 0.589022 
signalregion_dilepton_me up_lf 0 1.000000 3 1.039352 4 1.050239 5 1.073119 6 1.049840 7 1.077033 8 1.136765 9 1.537968 
signalregion_dilepton_me up_lfstats1 0 1.000000 3 0.957214 4 0.946434 5 0.945589 6 0.904449 7 0.914019 8 0.928287 9 1.180451 
signalregion_dilepton_me up_lfstats2 0 1.000000 3 0.964656 4 0.956042 5 0.956087 6 0.919375 7 0.933362 8 0.941336 9 1.220194 
signalregion_dilepton_minus central 0 1.000000 3 1.033504 4 1.039287 5 1.069460 6 1.031930 7 1.178904 8 1.199911 9 1.614152 
signalregion_dilepton_minus down_cferr1 0 1.000000 3 0.961042 4 0.952455 5 0.972168 6 0.936864 7 1.015123 8 0.967583 9 1.423715 
signalregion_dilepton_minus down_cferr2 0 1.000000 3 0.995302 4 0.992275 5 1.015945 6 0.983229 7 1.086420 8 1.063313 9 1.524455 
signalregion_dilepton_minus down_hf 0 1.000000 3 1.102356 4 1.134351 5 1.202505 6 1.160454 7 1.383282 8 1.388078 9 1.958625 
signalregion_dilepton_minus down_hfstats1 0 1.000000 3 1.033414 4 1.039106 5 1.068894 6 1.030342 7 1.176681 8 1.204884 9 1.613368 
signalregion_dilepton_minus down_hfstats2 0 1.000000 3 1.036591 4 1.043525 5 1.075510 6 1.038075 7 1.188649 8 1.210000 9 1.630410 
signalregion_dilepton_minus down_jes 0 1.000000 1 0.987221 2 1.041811 3 1.043428 4 1.051665 5 1.090621 6 1.063862 7 1.189123 8 1.345455 9 0.930185 
signalregion_dilepton_minus down_jesAbsolute 0 1.000000 1 0.965376 2 0.768811 3 0.704777 4 0.674668 5 0.678302 6 0.603091 7 0.567943 8 0.331014 9 0.419681 
signalregion_dilepton_minus down_jesAbsolute_2016 0 1.000000 2 0.805842 3 0.702821 4 0.674483 5 0.674977 6 0.599362 7 0.568175 8 0.326231 9 0.420425 
signalregion_dilepton_minus down_jesBBEC1 0 1.000000 2 0.753347 3 0.704316 4 0.674703 5 0.676604 6 0.594040 7 0.584359 8 0.327525 9 0.425277 
signalregion_dilepton_minus down_jesBBEC1_2016 0 1.000000 2 0.878339 3 0.703561 4 0.673020 5 0.672524 6 0.592730 7 0.583879 8 0.325647 9 0.426170 
signalregion_dilepton_minus down_jesEC2 0 1.000000 3 0.702580 4 0.671515 5 0.671356 6 0.592094 7 0.594282 8 0.327378 9 0.424173 
signalregion_dilepton_minus down_jesEC2_2016 0 1.000000 3 0.702484 4 0.671451 5 0.671152 6 0.591980 7 0.593824 8 0.327473 9 0.423301 
signalregion_dilepton_minus down_jesFlavorQCD 0 1.000000 1 0.958218 2 1.032462 3 1.039512 4 1.046402 5 1.087033 6 1.048493 7 1.184389 8 1.221981 9 1.565500 
signalregion_dilepton_minus down_jesHF 0 1.000000 3 0.702470 4 0.671434 5 0.671194 6 0.592044 7 0.593907 8 0.327054 9 0.423695 
signalregion_dilepton_minus down_jesHF_2016 0 1.000000 3 0.702430 4 0.671329 5 0.671030 6 0.592009 7 0.593783 8 0.327241 9 0.423595 
signalregion_dilepton_minus down_jesRelativeBal 0 1.000000 2 1.023522 3 1.031648 4 1.035882 5 1.065078 6 1.028236 7 1.156475 8 1.208253 9 1.621334 
signalregion_dilepton_minus down_jesRelativeSample_2016 0 1.000000 1 0.993892 2 0.785441 3 0.704437 4 0.674063 5 0.673462 6 0.611487 7 0.554843 8 0.334743 9 0.420463 
signalregion_dilepton_minus down_lf 0 1.000000 3 1.034351 4 1.041377 5 1.073595 6 1.037407 7 1.186265 8 1.188261 9 1.607566 
signalregion_dilepton_minus down_lfstats1 0 1.000000 3 1.122438 4 1.159288 5 1.225299 6 1.210109 7 1.413516 8 1.469379 9 2.083019 
signalregion_dilepton_minus down_lfstats2 0 1.000000 3 1.113461 4 1.147152 5 1.210354 6 1.189776 7 1.389881 8 1.436129 9 2.026681 
signalregion_dilepton_minus up_cferr1 0 1.000000 3 1.128983 4 1.155461 5 1.202238 6 1.168691 7 1.424581 8 1.486251 9 1.963330 
signalregion_dilepton_minus up_cferr2 0 1.000000 3 1.093999 4 1.112944 5 1.153634 6 1.115961 7 1.330679 8 1.396054 9 1.810143 
signalregion_dilepton_minus up_hf 0 1.000000 3 0.962619 4 0.943466 5 0.941329 6 0.904863 7 0.989210 8 1.015882 9 1.275906 
signalregion_dilepton_minus up_hfstats1 0 1.000000 3 1.033466 4 1.039263 5 1.069836 6 1.033357 7 1.180568 8 1.194296 9 1.614294 
signalregion_dilepton_minus up_hfstats2 0 1.000000 3 1.030300 4 1.034880 5 1.063190 6 1.025529 7 1.168927 8 1.189408 9 1.597599 
signalregion_dilepton_minus up_jes 0 1.000000 3 1.023903 4 1.024538 5 1.043537 6 1.018711 7 1.133642 8 1.173745 9 1.608894 
signalregion_dilepton_minus up_jesAbsolute 0 1.000000 3 0.699583 4 0.668574 5 0.669303 6 0.587931 7 0.555802 8 0.324961 9 0.426755 
signalregion_dilepton_minus up_jesAbsolute_2016 0 1.000000 3 0.700728 4 0.668905 5 0.666993 6 0.594489 7 0.575019 8 0.327515 9 0.422515 
signalregion_dilepton_minus up_jesBBEC1 0 1.000000 3 0.700090 4 0.669594 5 0.666923 6 0.593205 7 0.565017 8 0.327087 9 0.424608 
signalregion_dilepton_minus up_jesBBEC1_2016 0 1.000000 3 0.701514 4 0.670276 5 0.669983 6 0.585508 7 0.590048 8 0.330591 9 0.417548 
signalregion_dilepton_minus up_jesEC2 0 1.000000 3 0.702587 4 0.671533 5 0.671249 6 0.592313 7 0.594285 8 0.327687 9 0.421833 
signalregion_dilepton_minus up_jesEC2_2016 0 1.000000 3 0.702468 4 0.671406 5 0.671027 6 0.592382 7 0.594117 8 0.326880 9 0.421299 
signalregion_dilepton_minus up_jesFlavorQCD 0 1.000000 3 1.029021 4 1.032116 5 1.056562 6 1.031061 7 1.133475 8 1.220512 9 1.598967 
signalregion_dilepton_minus up_jesHF 0 1.000000 3 0.702549 4 0.671439 5 0.671080 6 0.592195 7 0.593701 8 0.327257 9 0.423328 
signalregion_dilepton_minus up_jesHF_2016 0 1.000000 3 0.702451 4 0.671324 5 0.670905 6 0.592007 7 0.593644 8 0.326561 9 0.422677 
signalregion_dilepton_minus up_jesRelativeBal 0 1.000000 2 1.044287 3 1.036311 4 1.042728 5 1.076921 6 1.036069 7 1.178117 8 1.205020 9 1.601079 
signalregion_dilepton_minus up_jesRelativeSample_2016 0 1.000000 2 0.798070 3 0.699803 4 0.670435 5 0.672428 6 0.585269 7 0.570643 8 0.322844 9 0.426859 
signalregion_dilepton_minus up_lf 0 1.000000 3 1.030220 4 1.033813 5 1.061051 6 1.020989 7 1.163665 8 1.201253 9 1.606139 
signalregion_dilepton_minus up_lfstats1 0 1.000000 3 0.951575 4 0.931503 5 0.933552 6 0.879872 7 0.982020 8 0.980107 9 1.248385 
signalregion_dilepton_minus up_lfstats2 0 1.000000 3 0.959511 4 0.941757 5 0.945452 6 0.895252 7 0.999471 8 1.003108 9 1.283847 
signalregion_dilepton_mm central 0 1.000000 3 1.045631 4 1.053619 5 1.087979 6 1.083839 7 1.244618 8 1.081161 9 0.835405 
signalregion_dilepton_mm down_cferr1 0 1.000000 3 0.987839 4 0.983995 5 0.999340 6 1.008356 7 1.110728 8 0.893517 9 0.559989 
signalregion_dilepton_mm down_cferr2 0 1.000000 3 1.015086 4 1.015547 5 1.038078 6 1.044993 7 1.169677 8 0.977916 9 0.670570 
signalregion_dilepton_mm down_hf 0 1.000000 3 1.122931 4 1.159863 5 1.227552 6 1.226359 7 1.476130 8 1.244912 9 1.007099 
signalregion_dilepton_mm down_hfstats1 0 1.000000 3 1.045356 4 1.053083 5 1.086385 6 1.084241 7 1.238307 8 1.086365 9 0.845910 
signalregion_dilepton_mm down_hfstats2 0 1.000000 3 1.048930 4 1.058038 5 1.094410 6 1.090251 7 1.257845 8 1.090113 9 0.841692 
signalregion_dilepton_mm down_jes 0 1.000000 1 1.036463 2 1.044904 3 1.055671 4 1.066008 5 1.111209 6 1.119299 7 1.239393 8 1.129910 9 0.902735 
signalregion_dilepton_mm down_jesAbsolute 0 1.000000 1 1.038291 2 0.826267 3 0.780475 4 0.758563 5 0.770015 6 0.720553 7 0.771679 8 0.201573 9 0.000000 
signalregion_dilepton_mm down_jesAbsolute_2016 0 1.000000 2 0.836981 3 0.778979 4 0.756835 5 0.768707 6 0.713944 7 0.781390 8 0.198694 9 0.000000 
signalregion_dilepton_mm down_jesBBEC1 0 1.000000 2 0.817811 3 0.780037 4 0.758352 5 0.767994 6 0.713704 7 0.785316 8 0.198217 9 0.000000 
signalregion_dilepton_mm down_jesBBEC1_2016 0 1.000000 1 0.923831 2 0.805047 3 0.779181 4 0.757051 5 0.765688 6 0.707970 7 0.800195 8 0.197218 9 0.000000 
signalregion_dilepton_mm down_jesEC2 0 1.000000 3 0.777597 4 0.754606 5 0.766272 6 0.706855 7 0.796409 8 0.259199 9 0.000000 
signalregion_dilepton_mm down_jesEC2_2016 0 1.000000 3 0.777472 4 0.754485 5 0.766165 6 0.706482 7 0.796225 8 0.259175 9 0.000000 
signalregion_dilepton_mm down_jesFlavorQCD 0 1.000000 1 1.028316 2 1.036360 3 1.050869 4 1.061164 5 1.099844 6 1.104511 7 1.245949 8 1.122878 9 0.872445 
signalregion_dilepton_mm down_jesHF 0 1.000000 3 0.777449 4 0.754468 5 0.766212 6 0.706601 7 0.795707 8 0.258548 9 0.000000 
signalregion_dilepton_mm down_jesHF_2016 0 1.000000 3 0.777356 4 0.754302 5 0.765941 6 0.706405 7 0.796574 8 0.258816 9 0.000000 
signalregion_dilepton_mm down_jesRelativeBal 0 1.000000 2 1.020407 3 1.043884 4 1.050634 5 1.081594 6 1.078229 7 1.226920 8 1.077893 9 0.821403 
signalregion_dilepton_mm down_jesRelativeSample_2016 0 1.000000 1 0.924351 2 0.806778 3 0.780210 4 0.758907 5 0.767153 6 0.723089 7 0.763600 8 0.202978 9 0.000000 
signalregion_dilepton_mm down_lf 0 1.000000 3 1.047068 4 1.056721 5 1.094534 6 1.083001 7 1.260956 8 1.072643 9 0.809193 
signalregion_dilepton_mm down_lfstats1 0 1.000000 3 1.138220 4 1.178575 5 1.249039 6 1.273391 7 1.496098 8 1.309151 9 0.954954 
signalregion_dilepton_mm down_lfstats2 0 1.000000 3 1.130139 4 1.167945 5 1.234725 6 1.254168 7 1.474338 8 1.289814 9 0.997203 
signalregion_dilepton_mm up_cferr1 0 1.000000 3 1.121228 4 1.144512 5 1.204806 6 1.188956 7 1.424600 8 1.308251 9 1.253638 
signalregion_dilepton_mm up_cferr2 0 1.000000 3 1.093647 4 1.111473 5 1.161542 6 1.150716 7 1.355719 8 1.232741 9 1.105705 
signalregion_dilepton_mm up_hf 0 1.000000 3 0.967006 4 0.948721 5 0.953180 6 0.943606 7 1.031091 8 0.917102 9 0.687640 
signalregion_dilepton_mm up_hfstats1 0 1.000000 3 1.045748 4 1.053955 5 1.089279 6 1.083072 7 1.250761 8 1.075318 9 0.825899 
signalregion_dilepton_mm up_hfstats2 0 1.000000 3 1.042210 4 1.049022 5 1.081331 6 1.077158 7 1.231371 8 1.071773 9 0.828879 
signalregion_dilepton_mm up_jes 0 1.000000 3 1.037218 4 1.038126 5 1.069130 6 1.062279 7 1.198250 8 1.059518 9 0.723731 
signalregion_dilepton_mm up_jesAbsolute 0 1.000000 3 0.774671 4 0.752314 5 0.760770 6 0.702000 7 0.752632 8 0.258060 9 0.000000 
signalregion_dilepton_mm up_jesAbsolute_2016 0 1.000000 3 0.775266 4 0.752058 5 0.763318 6 0.692869 7 0.777567 8 0.259847 9 0.000000 
signalregion_dilepton_mm up_jesBBEC1 0 1.000000 3 0.775093 4 0.753129 5 0.762888 6 0.698053 7 0.768904 8 0.258836 9 0.000000 
signalregion_dilepton_mm up_jesBBEC1_2016 0 1.000000 3 0.776247 4 0.753289 5 0.767784 6 0.696250 7 0.779658 8 0.259908 9 0.000000 
signalregion_dilepton_mm up_jesEC2 0 1.000000 3 0.777558 4 0.754490 5 0.766266 6 0.706720 7 0.797482 8 0.259090 9 0.000000 
signalregion_dilepton_mm up_jesEC2_2016 0 1.000000 3 0.777484 4 0.754358 5 0.766150 6 0.706381 7 0.797242 8 0.258819 9 0.000000 
signalregion_dilepton_mm up_jesFlavorQCD 0 1.000000 3 1.042004 4 1.046807 5 1.077588 6 1.073320 7 1.211905 8 1.067128 9 0.749788 
signalregion_dilepton_mm up_jesHF 0 1.000000 3 0.777519 4 0.754500 5 0.766038 6 0.706592 7 0.796914 8 0.259197 9 0.000000 
signalregion_dilepton_mm up_jesHF_2016 0 1.000000 3 0.777409 4 0.754337 5 0.765980 6 0.706296 7 0.796458 8 0.258908 9 0.000000 
signalregion_dilepton_mm up_jesRelativeBal 0 1.000000 1 0.924102 2 1.051560 3 1.048036 4 1.057698 5 1.090741 6 1.093605 7 1.244062 8 1.081296 9 0.827362 
signalregion_dilepton_mm up_jesRelativeSample_2016 0 1.000000 2 1.007617 3 0.774472 4 0.753024 5 0.765772 6 0.696394 7 0.757916 8 0.256893 9 0.000000 
signalregion_dilepton_mm up_lf 0 1.000000 3 1.041659 4 1.047094 5 1.076643 6 1.078843 7 1.218373 8 1.080020 9 0.855629 
signalregion_dilepton_mm up_lfstats1 0 1.000000 3 0.960296 4 0.941512 5 0.947217 6 0.921663 7 1.033968 8 0.891358 9 0.732001 
signalregion_dilepton_mm up_lfstats2 0 1.000000 3 0.967534 4 0.950613 5 0.958834 6 0.936563 7 1.050105 8 0.906390 9 0.703095 
signalregion_dilepton_plus central 0 1.000000 3 1.046211 4 1.064693 5 1.094795 6 1.096527 7 1.214469 8 1.131221 9 0.996083 
signalregion_dilepton_plus down_cferr1 0 1.000000 3 0.993280 4 1.000292 5 1.013296 6 1.010039 7 1.092987 8 0.967411 9 0.907350 
signalregion_dilepton_plus down_cferr2 0 1.000000 3 1.017851 4 1.029633 5 1.049586 6 1.049410 7 1.145629 8 1.045142 9 0.952693 
signalregion_dilepton_plus down_hf 0 1.000000 3 1.125527 4 1.172153 5 1.239675 6 1.252829 7 1.437142 8 1.348275 9 1.129450 
signalregion_dilepton_plus down_hfstats1 0 1.000000 3 1.045972 4 1.063897 5 1.093237 6 1.094502 7 1.209046 8 1.122554 9 1.002670 
signalregion_dilepton_plus down_hfstats2 0 1.000000 3 1.049552 4 1.069304 5 1.101289 6 1.103603 7 1.226056 8 1.139613 9 1.004129 
signalregion_dilepton_plus down_jes 0 1.000000 1 1.007849 2 1.036960 3 1.056963 4 1.079353 5 1.114026 6 1.133721 7 1.248921 8 1.177252 9 1.004020 
signalregion_dilepton_plus down_jesAbsolute 0 1.000000 1 1.038291 2 0.867534 3 0.808804 4 0.787126 5 0.782668 6 0.746903 7 0.819274 8 0.478170 9 0.621637 
signalregion_dilepton_plus down_jesAbsolute_2016 0 1.000000 2 0.843608 3 0.807790 4 0.784608 5 0.780149 6 0.743151 7 0.807844 8 0.463649 9 0.619305 
signalregion_dilepton_plus down_jesBBEC1 0 1.000000 2 0.850433 3 0.808442 4 0.787005 5 0.779199 6 0.745019 7 0.816754 8 0.459308 9 0.620874 
signalregion_dilepton_plus down_jesBBEC1_2016 0 1.000000 1 0.923831 2 0.850229 3 0.808107 4 0.785752 5 0.779709 6 0.737964 7 0.821719 8 0.445879 9 0.623254 
signalregion_dilepton_plus down_jesEC2 0 1.000000 3 0.806557 4 0.784028 5 0.778292 6 0.738289 7 0.800865 8 0.505061 9 0.610502 
signalregion_dilepton_plus down_jesEC2_2016 0 1.000000 3 0.806427 4 0.783812 5 0.778149 6 0.737870 7 0.800775 8 0.504338 9 0.609602 
signalregion_dilepton_plus down_jesFlavorQCD 0 1.000000 1 1.009114 2 1.033310 3 1.051319 4 1.072794 5 1.101802 6 1.124146 7 1.238242 8 1.153764 9 1.051755 
signalregion_dilepton_plus down_jesHF 0 1.000000 3 0.806399 4 0.783798 5 0.778137 6 0.737870 7 0.800436 8 0.504137 9 0.609190 
signalregion_dilepton_plus down_jesHF_2016 0 1.000000 3 0.806286 4 0.783674 5 0.777866 6 0.737789 7 0.800259 8 0.504645 9 0.609063 
signalregion_dilepton_plus down_jesRelativeBal 0 1.000000 2 1.003949 3 1.044232 4 1.061223 5 1.088241 6 1.091526 7 1.188202 8 1.123294 9 0.972689 10 0.584623 
signalregion_dilepton_plus down_jesRelativeSample_2016 0 1.000000 1 0.924351 2 0.852678 3 0.808592 4 0.787764 5 0.780379 6 0.742792 7 0.827677 8 0.461644 9 0.612070 
signalregion_dilepton_plus down_lf 0 1.000000 3 1.047196 4 1.068660 5 1.100658 6 1.106426 7 1.236802 8 1.194445 9 0.973752 
signalregion_dilepton_plus down_lfstats1 0 1.000000 3 1.140592 4 1.190618 5 1.257360 6 1.288865 7 1.464350 8 1.390609 9 1.268617 
signalregion_dilepton_plus down_lfstats2 0 1.000000 3 1.132508 4 1.180103 5 1.243912 6 1.270815 7 1.445004 8 1.369287 9 1.228742 
signalregion_dilepton_plus up_cferr1 0 1.000000 3 1.114261 4 1.148992 5 1.202730 6 1.214092 7 1.386253 8 1.345922 9 1.134397 
signalregion_dilepton_plus up_cferr2 0 1.000000 3 1.089643 4 1.118456 5 1.163035 6 1.170338 7 1.320937 8 1.262214 9 1.079379 
signalregion_dilepton_plus up_hf 0 1.000000 3 0.965690 4 0.958577 5 0.955815 6 0.945859 7 1.006529 8 0.931916 9 0.862232 
signalregion_dilepton_plus up_hfstats1 0 1.000000 3 1.046285 4 1.065306 5 1.096075 6 1.098360 7 1.219555 8 1.139550 9 0.989215 
signalregion_dilepton_plus up_hfstats2 0 1.000000 3 1.042748 4 1.059903 5 1.088085 6 1.089173 7 1.202608 8 1.122135 9 0.987705 
signalregion_dilepton_plus up_jes 0 1.000000 3 1.037581 4 1.049112 5 1.078013 6 1.072797 7 1.156792 8 1.131671 9 0.887296 10 0.560722 
signalregion_dilepton_plus up_jesAbsolute 0 1.000000 3 0.803691 4 0.780282 5 0.772549 6 0.727898 7 0.763043 8 0.540118 9 0.584441 
signalregion_dilepton_plus up_jesAbsolute_2016 0 1.000000 3 0.804192 4 0.780829 5 0.774527 6 0.728129 7 0.771737 8 0.544346 9 0.577058 
signalregion_dilepton_plus up_jesBBEC1 0 1.000000 3 0.804177 4 0.781283 5 0.772931 6 0.727001 7 0.772932 8 0.545636 9 0.674353 10 0.000000 
signalregion_dilepton_plus up_jesBBEC1_2016 0 1.000000 3 0.805236 4 0.782397 5 0.775584 6 0.731390 7 0.781541 8 0.548497 9 0.673139 10 0.000000 
signalregion_dilepton_plus up_jesEC2 0 1.000000 3 0.806510 4 0.783915 5 0.778139 6 0.738103 7 0.800898 8 0.504207 9 0.608647 
signalregion_dilepton_plus up_jesEC2_2016 0 1.000000 3 0.806436 4 0.783720 5 0.777982 6 0.737604 7 0.800830 8 0.504369 9 0.608123 
signalregion_dilepton_plus up_jesFlavorQCD 0 1.000000 3 1.042276 4 1.057008 5 1.085643 6 1.085040 7 1.174139 8 1.145429 9 0.899876 10 0.573412 
signalregion_dilepton_plus up_jesHF 0 1.000000 3 0.806485 4 0.783890 5 0.778038 6 0.738044 7 0.800663 8 0.505697 9 0.609439 
signalregion_dilepton_plus up_jesHF_2016 0 1.000000 3 0.806342 4 0.783664 5 0.777872 6 0.737660 7 0.800439 8 0.505200 9 0.608895 
signalregion_dilepton_plus up_jesRelativeBal 0 1.000000 1 0.924102 2 1.038997 3 1.048846 4 1.068596 5 1.097100 6 1.104862 7 1.220900 8 1.165821 9 1.011556 
signalregion_dilepton_plus up_jesRelativeSample_2016 0 1.000000 2 0.968858 3 0.804042 4 0.778905 5 0.773118 6 0.732997 7 0.756739 8 0.537516 9 0.595492 
signalregion_dilepton_plus up_lf 0 1.000000 3 1.042567 4 1.057377 5 1.084053 6 1.081587 7 1.185734 8 1.079852 9 1.008383 
signalregion_dilepton_plus up_lfstats1 0 1.000000 3 0.959305 4 0.951675 5 0.952696 6 0.932397 7 1.006077 8 0.918385 9 0.783531 
signalregion_dilepton_plus up_lfstats2 0 1.000000 3 0.966540 4 0.960682 5 0.963698 6 0.946274 7 1.020780 8 0.934614 9 0.808470 
signalregion_trilepton central 0 1.000000 2 0.992839 3 1.092370 4 1.302328 5 1.074621 
signalregion_trilepton down_cferr1 0 1.000000 2 0.949392 3 1.047987 4 1.303685 5 1.051339 
signalregion_trilepton down_cferr2 0 1.000000 2 0.968390 3 1.066840 4 1.318028 5 1.074733 
signalregion_trilepton down_hf 0 1.000000 2 1.033303 3 1.169946 4 1.581688 5 1.296798 
signalregion_trilepton down_hfstats1 0 1.000000 2 0.988977 3 1.085893 4 1.300849 5 1.070101 
signalregion_trilepton down_hfstats2 0 1.000000 2 0.994004 3 1.094982 4 1.310207 5 1.081389 
signalregion_trilepton down_jes 0 1.000000 2 1.002055 3 1.097391 4 1.348315 5 1.075553 
signalregion_trilepton down_jesAbsolute 0 1.000000 2 0.761333 3 0.892290 4 1.015362 5 0.883022 
signalregion_trilepton down_jesAbsolute_2016 0 1.000000 2 0.760453 3 0.890287 4 1.019679 5 0.885954 
signalregion_trilepton down_jesBBEC1 0 1.000000 2 0.761561 3 0.895085 4 1.008146 5 0.892873 
signalregion_trilepton down_jesBBEC1_2016 0 1.000000 2 0.760152 3 0.897569 4 0.994126 5 0.884450 
signalregion_trilepton down_jesEC2 0 1.000000 2 0.758962 3 0.895611 4 0.995260 5 0.887963 
signalregion_trilepton down_jesEC2_2016 0 1.000000 2 0.759342 3 0.895608 4 0.997002 5 0.889074 
signalregion_trilepton down_jesFlavorQCD 0 1.000000 2 0.998330 3 1.093723 4 1.341320 5 1.070474 
signalregion_trilepton down_jesHF 0 1.000000 2 0.758865 3 0.895997 4 0.999501 5 0.885121 
signalregion_trilepton down_jesHF_2016 0 1.000000 2 0.759083 3 0.895310 4 0.998070 5 0.885703 
signalregion_trilepton down_jesRelativeBal 0 1.000000 2 0.993287 3 1.098466 4 1.190769 5 1.077110 
signalregion_trilepton down_jesRelativeSample_2016 0 1.000000 2 0.757857 3 0.893151 4 1.031412 5 0.870361 
signalregion_trilepton down_lf 0 1.000000 2 1.017613 3 1.115587 4 1.304304 5 1.074660 
signalregion_trilepton down_lfstats1 0 1.000000 2 1.055435 3 1.190453 4 1.438375 5 1.293838 
signalregion_trilepton down_lfstats2 0 1.000000 2 1.045298 3 1.181183 4 1.443874 5 1.265121 
signalregion_trilepton up_cferr1 0 1.000000 2 1.049766 3 1.145585 4 1.314549 5 1.109306 
signalregion_trilepton up_cferr2 0 1.000000 2 1.031609 3 1.127640 4 1.300630 5 1.086203 
signalregion_trilepton up_hf 0 1.000000 2 0.948629 3 1.012479 4 1.039242 5 0.867491 
signalregion_trilepton up_hfstats1 0 1.000000 2 0.996891 3 1.099064 4 1.303597 5 1.079226 
signalregion_trilepton up_hfstats2 0 1.000000 2 0.991576 3 1.089513 4 1.294201 5 1.067715 
signalregion_trilepton up_jes 0 1.000000 2 0.981579 3 1.082341 4 1.222935 5 1.042325 
signalregion_trilepton up_jesAbsolute 0 1.000000 2 0.754320 3 0.891444 4 0.972543 5 0.879092 
signalregion_trilepton up_jesAbsolute_2016 0 1.000000 2 0.755318 3 0.893090 4 0.969006 5 0.880865 
signalregion_trilepton up_jesBBEC1 0 1.000000 2 0.757790 3 0.890834 4 0.964064 5 0.896175 
signalregion_trilepton up_jesBBEC1_2016 0 1.000000 2 0.758302 3 0.893314 4 1.000806 5 0.889949 
signalregion_trilepton up_jesEC2 0 1.000000 2 0.759030 3 0.895150 4 1.000387 5 0.885726 
signalregion_trilepton up_jesEC2_2016 0 1.000000 2 0.759420 3 0.894369 4 1.001796 5 0.891056 
signalregion_trilepton up_jesFlavorQCD 0 1.000000 2 0.987310 3 1.085954 4 1.237169 5 1.087098 
signalregion_trilepton up_jesHF 0 1.000000 2 0.758986 3 0.895865 4 0.998744 5 0.887944 
signalregion_trilepton up_jesHF_2016 0 1.000000 2 0.759379 3 0.894998 4 0.999580 5 0.888745 
signalregion_trilepton up_jesRelativeBal 0 1.000000 2 0.994437 3 1.094162 4 1.308826 5 1.070892 
signalregion_trilepton up_jesRelativeSample_2016 0 1.000000 2 0.757325 3 0.891049 4 0.967036 5 0.896187 
signalregion_trilepton up_lf 0 1.000000 2 0.970562 3 1.069554 4 1.296783 5 1.070294 
signalregion_trilepton up_lfstats1 0 1.000000 2 0.934508 3 1.001924 4 1.175296 5 0.892350 
signalregion_trilepton up_lfstats2 0 1.000000 2 0.943453 3 1.010278 4 1.173465 5 0.912763 
trileptoncontrolregion central 0 1.000000 1 1.114549 2 1.042983 3 0.845350 
trileptoncontrolregion down_cferr1 0 1.000000 1 1.114549 2 1.039013 3 0.845350 
trileptoncontrolregion down_cferr2 0 1.000000 1 1.114549 2 1.059741 3 0.845350 
trileptoncontrolregion down_hf 0 1.000000 1 1.195720 2 1.073683 3 0.871332 
trileptoncontrolregion down_hfstats1 0 1.000000 1 1.113222 2 1.043563 3 0.846237 
trileptoncontrolregion down_hfstats2 0 1.000000 1 1.116726 2 1.044569 3 0.847476 
trileptoncontrolregion down_jes 0 1.000000 1 1.111923 2 1.055055 3 0.861959 
trileptoncontrolregion down_jesAbsolute 0 1.000000 1 1.108546 2 0.740561 3 0.854306 
trileptoncontrolregion down_jesAbsolute_2016 0 1.000000 1 1.107316 2 0.740612 3 0.851431 
trileptoncontrolregion down_jesBBEC1 0 1.000000 1 1.111853 2 0.737653 3 0.848678 
trileptoncontrolregion down_jesBBEC1_2016 0 1.000000 1 1.114611 2 0.739278 3 0.846489 
trileptoncontrolregion down_jesEC2 0 1.000000 1 1.114725 2 0.735001 3 0.844712 
trileptoncontrolregion down_jesEC2_2016 0 1.000000 1 1.114607 2 0.734516 3 0.844802 
trileptoncontrolregion down_jesFlavorQCD 0 1.000000 1 1.108785 2 1.051407 3 0.858329 
trileptoncontrolregion down_jesHF 0 1.000000 1 1.114639 2 0.736262 3 0.844457 
trileptoncontrolregion down_jesHF_2016 0 1.000000 1 1.114768 2 0.735315 3 0.845208 
trileptoncontrolregion down_jesRelativeBal 0 1.000000 1 1.115139 2 1.045368 3 0.840093 
trileptoncontrolregion down_jesRelativeSample_2016 0 1.000000 1 1.116849 2 0.741404 3 0.851173 
trileptoncontrolregion down_lf 0 1.000000 1 1.117672 2 1.040623 3 0.841362 
trileptoncontrolregion down_lfstats1 0 1.000000 1 1.157087 2 1.097583 3 0.953634 
trileptoncontrolregion down_lfstats2 0 1.000000 1 1.160991 2 1.088227 3 0.931683 
trileptoncontrolregion up_cferr1 0 1.000000 1 1.114549 2 1.057534 3 0.845350 
trileptoncontrolregion up_cferr2 0 1.000000 1 1.114549 2 1.038287 3 0.845350 
trileptoncontrolregion up_hf 0 1.000000 1 1.037126 2 1.008790 3 0.811117 
trileptoncontrolregion up_hfstats1 0 1.000000 1 1.116140 2 1.042440 3 0.844460 
trileptoncontrolregion up_hfstats2 0 1.000000 1 1.112366 2 1.041345 3 0.843135 
trileptoncontrolregion up_jes 0 1.000000 1 1.114977 2 1.031478 3 0.828384 
trileptoncontrolregion up_jesAbsolute 0 1.000000 1 1.115448 2 0.733347 3 0.839342 
trileptoncontrolregion up_jesAbsolute_2016 0 1.000000 1 1.115938 2 0.729978 3 0.842645 
trileptoncontrolregion up_jesBBEC1 0 1.000000 1 1.112778 2 0.735195 3 0.841588 
trileptoncontrolregion up_jesBBEC1_2016 0 1.000000 1 1.116280 2 0.733612 3 0.840627 
trileptoncontrolregion up_jesEC2 0 1.000000 1 1.114930 2 0.734997 3 0.845025 
trileptoncontrolregion up_jesEC2_2016 0 1.000000 1 1.114238 2 0.736060 3 0.845504 
trileptoncontrolregion up_jesFlavorQCD 0 1.000000 1 1.118292 2 1.036327 3 0.832599 
trileptoncontrolregion up_jesHF 0 1.000000 1 1.115415 2 0.735590 3 0.844989 
trileptoncontrolregion up_jesHF_2016 0 1.000000 1 1.114444 2 0.735776 3 0.845692 
trileptoncontrolregion up_jesRelativeBal 0 1.000000 1 1.112168 2 1.049398 3 0.850561 
trileptoncontrolregion up_jesRelativeSample_2016 0 1.000000 1 1.104928 2 0.734380 3 0.841968 
trileptoncontrolregion up_lf 0 1.000000 1 1.111037 2 1.044391 3 0.847179 
trileptoncontrolregion up_lfstats1 0 1.000000 1 1.074057 2 0.990720 3 0.749868 
trileptoncontrolregion up_lfstats2 0 1.000000 1 1.070866 2 0.999416 3 0.767451 
wzcontrolregion central 0 1.000000 1 1.125662 2 1.025874 
wzcontrolregion down_cferr1 0 1.000000 1 1.125662 2 0.983904 
wzcontrolregion down_cferr2 0 1.000000 1 1.125662 2 1.016333 
wzcontrolregion down_hf 0 1.000000 1 1.227658 2 1.051912 
wzcontrolregion down_hfstats1 0 1.000000 1 1.123743 2 1.026441 
wzcontrolregion down_hfstats2 0 1.000000 1 1.128275 2 1.027249 
wzcontrolregion down_jes 0 1.000000 1 1.120928 2 1.037194 
wzcontrolregion down_jesAbsolute 0 1.000000 1 1.117771 2 0.555421 
wzcontrolregion down_jesAbsolute_2016 0 1.000000 1 1.116928 2 0.555459 
wzcontrolregion down_jesBBEC1 0 1.000000 1 1.121779 2 0.553240 
wzcontrolregion down_jesBBEC1_2016 0 1.000000 1 1.124211 2 0.554458 
wzcontrolregion down_jesEC2 0 1.000000 1 1.126052 2 0.551251 
wzcontrolregion down_jesEC2_2016 0 1.000000 1 1.125674 2 0.550887 
wzcontrolregion down_jesFlavorQCD 0 1.000000 1 1.117805 2 1.033725 
wzcontrolregion down_jesHF 0 1.000000 1 1.125371 2 0.552197 
wzcontrolregion down_jesHF_2016 0 1.000000 1 1.125859 2 0.551486 
wzcontrolregion down_jesRelativeBal 0 1.000000 1 1.125003 2 1.026539 
wzcontrolregion down_jesRelativeSample_2016 0 1.000000 1 1.127158 2 0.556053 
wzcontrolregion down_lf 0 1.000000 1 1.130506 2 1.023566 
wzcontrolregion down_lfstats1 0 1.000000 1 1.170559 2 1.073950 
wzcontrolregion down_lfstats2 0 1.000000 1 1.178143 2 1.065456 
wzcontrolregion up_cferr1 0 1.000000 1 1.125662 2 1.087066 
wzcontrolregion up_cferr2 0 1.000000 1 1.125662 2 1.056155 
wzcontrolregion up_hf 0 1.000000 1 1.029354 2 0.996640 
wzcontrolregion up_hfstats1 0 1.000000 1 1.127923 2 1.025317 
wzcontrolregion up_hfstats2 0 1.000000 1 1.123050 2 1.024449 
wzcontrolregion up_jes 0 1.000000 1 1.127863 2 1.015094 
wzcontrolregion up_jesAbsolute 0 1.000000 1 1.125807 2 0.550011 
wzcontrolregion up_jesAbsolute_2016 0 1.000000 1 1.126019 2 0.547484 
wzcontrolregion up_jesBBEC1 0 1.000000 1 1.123208 2 0.551396 
wzcontrolregion up_jesBBEC1_2016 0 1.000000 1 1.126523 2 0.550209 
wzcontrolregion up_jesEC2 0 1.000000 1 1.125344 2 0.551248 
wzcontrolregion up_jesEC2_2016 0 1.000000 1 1.124235 2 0.552045 
wzcontrolregion up_jesFlavorQCD 0 1.000000 1 1.129351 2 1.019473 
wzcontrolregion up_jesHF 0 1.000000 1 1.126232 2 0.551693 
wzcontrolregion up_jesHF_2016 0 1.000000 1 1.125444 2 0.551832 
wzcontrolregion up_jesRelativeBal 0 1.000000 1 1.123282 2 1.031014 
wzcontrolregion up_jesRelativeSample_2016 0 1.000000 1 1.113831 2 0.550785 
wzcontrolregion up_lf 0 1.000000 1 1.120534 2 1.027168 
wzcontrolregion up_lfstats1 0 1.000000 1 1.083227 2 0.979743 
wzcontrolregion up_lfstats2 0 1.000000 1 1.076568 2 0.987662 
zgcontrolregion central 0 1.000000 2 1.174181 
zgcontrolregion down_cferr1 0 1.000000 2 1.074420 
zgcontrolregion down_cferr2 0 1.000000 2 1.117613 
zgcontrolregion down_hf 0 1.000000 2 1.203611 
zgcontrolregion down_hfstats1 0 1.000000 2 1.174277 
zgcontrolregion down_hfstats2 0 1.000000 2 1.175726 
zgcontrolregion down_jes 0 1.000000 2 1.175368 
zgcontrolregion down_jesAbsolute 0 1.000000 2 0.551652 
zgcontrolregion down_jesAbsolute_2016 0 1.000000 2 0.548574 
zgcontrolregion down_jesBBEC1 0 1.000000 2 0.552847 
zgcontrolregion down_jesBBEC1_2016 0 1.000000 2 0.551304 
zgcontrolregion down_jesEC2 0 1.000000 2 0.551004 
zgcontrolregion down_jesEC2_2016 0 1.000000 2 0.551504 
zgcontrolregion down_jesFlavorQCD 0 1.000000 2 1.172822 
zgcontrolregion down_jesHF 0 1.000000 2 0.550895 
zgcontrolregion down_jesHF_2016 0 1.000000 2 0.551111 
zgcontrolregion down_jesRelativeBal 0 1.000000 2 1.182040 
zgcontrolregion down_jesRelativeSample_2016 0 1.000000 2 0.550244 
zgcontrolregion down_lf 0 1.000000 2 1.173373 
zgcontrolregion down_lfstats1 0 1.000000 2 1.222266 
zgcontrolregion down_lfstats2 0 1.000000 2 1.213786 
zgcontrolregion up_cferr1 0 1.000000 2 1.302820 
zgcontrolregion up_cferr2 0 1.000000 2 1.260667 
zgcontrolregion up_hf 0 1.000000 2 1.139547 
zgcontrolregion up_hfstats1 0 1.000000 2 1.174022 
zgcontrolregion up_hfstats2 0 1.000000 2 1.172580 
zgcontrolregion up_jes 0 1.000000 2 1.177157 
zgcontrolregion up_jesAbsolute 0 1.000000 2 0.551253 
zgcontrolregion up_jesAbsolute_2016 0 1.000000 2 0.552739 
zgcontrolregion up_jesBBEC1 0 1.000000 2 0.551122 
zgcontrolregion up_jesBBEC1_2016 0 1.000000 2 0.555623 
zgcontrolregion up_jesEC2 0 1.000000 2 0.553039 
zgcontrolregion up_jesEC2_2016 0 1.000000 2 0.551952 
zgcontrolregion up_jesFlavorQCD 0 1.000000 2 1.178919 
zgcontrolregion up_jesHF 0 1.000000 2 0.549963 
zgcontrolregion up_jesHF_2016 0 1.000000 2 0.549521 
zgcontrolregion up_jesRelativeBal 0 1.000000 2 1.177505 
zgcontrolregion up_jesRelativeSample_2016 0 1.000000 2 0.549163 
zgcontrolregion up_lf 0 1.000000 2 1.174172 
zgcontrolregion up_lfstats1 0 1.000000 2 1.128441 
zgcontrolregion up_lfstats2 0 1.000000 2 1.135949 
zzcontrolregion central 0 1.000000 
zzcontrolregion down_cferr1 0 1.000000 
zzcontrolregion down_cferr2 0 1.000000 
zzcontrolregion down_hf 0 1.000000 
zzcontrolregion down_hfstats1 0 1.000000 
zzcontrolregion down_hfstats2 0 1.000000 
zzcontrolregion down_jes 0 1.000000 
zzcontrolregion down_jesAbsolute 0 1.000000 
zzcontrolregion down_jesAbsolute_2016 0 1.000000 
zzcontrolregion down_jesBBEC1 0 1.000000 
zzcontrolregion down_jesBBEC1_2016 0 1.000000 
zzcontrolregion down_jesEC2 0 1.000000 
zzcontrolregion down_jesEC2_2016 0 1.000000 
zzcontrolregion down_jesFlavorQCD 0 1.000000 
zzcontrolregion down_jesHF 0 1.000000 
zzcontrolregion down_jesHF_2016 0 1.000000 
zzcontrolregion down_jesRelativeBal 0 1.000000 
zzcontrolregion down_jesRelativeSample_2016 0 1.000000 
zzcontrolregion down_lf 0 1.000000 
zzcontrolregion down_lfstats1 0 1.000000 
zzcontrolregion down_lfstats2 0 1.000000 
zzcontrolregion up_cferr1 0 1.000000 
zzcontrolregion up_cferr2 0 1.000000 
zzcontrolregion up_hf 0 1.000000 
zzcontrolregion up_hfstats1 0 1.000000 
zzcontrolregion up_hfstats2 0 1.000000 
zzcontrolregion up_jes 0 1.000000 
zzcontrolregion up_jesAbsolute 0 1.000000 
zzcontrolregion up_jesAbsolute_2016 0 1.000000 
zzcontrolregion up_jesBBEC1 0 1.000000 
zzcontrolregion up_jesBBEC1_2016 0 1.000000 
zzcontrolregion up_jesEC2 0 1.000000 
zzcontrolregion up_jesEC2_2016 0 1.000000 
zzcontrolregion up_jesFlavorQCD 0 1.000000 
zzcontrolregion up_jesHF 0 1.000000 
zzcontrolregion up_jesHF_2016 0 1.000000 
zzcontrolregion up_jesRelativeBal 0 1.000000 
zzcontrolregion up_jesRelativeSample_2016 0 1.000000 
zzcontrolregion up_lf 0 1.000000 
zzcontrolregion up_lfstats1 0 1.000000 
zzcontrolregion up_lfstats2 0 1.000000 
