
7942 7941582
32132 32131879
11413 11412047
4253 4252636
122686 122685829
21415 21414335
9737 9736729
73441 73440932
97568 97567672
57661 57660902
59309 59308556
11219 11218547
55699 55698579
131476 131475420
4302 4301048
25603 25602390
9942 9941177
51338 51337340
129434 129433694
137101 137100955
90102 90101482
108259 108258648
85674 85673928
95814 95813419
20794 20793038
114569 114568386
61261 61260554
62340 62339440
81090 81089382
122891 122890711
31392 31391652
75045 75044431
85747 85746080
125726 125725611
34112 34111910
47291 47290054
37239 37238612
149271 149270863
83734 83733030
80803 80802636
80815 80814745
64924 64923537
57055 57054863
144658 144657446
120804 120803540
13288 13287735
35423 35422963
31175 31174741
24909 24908457
77359 77358184
74312 74311859
128777 128776100
58065 58064143
18855 18854425
19139 19138679
78001 78000914
134236 134235134
149093 149092401
17483 17482952
78411 78410151
5388 5387422
148636 148635203
67082 67081929
86695 86694765
104065 104064761
77950 77949593
34426 34425126
133542 133541368
136539 136538670
118236 118235623
141864 141863166
136360 136359787
11348 11347688
111585 111584084
219 218119
114825 114824050
136983 136982549
85185 85184570
7652 7651878
148201 148200749
75289 75288738
83204 83203272
72847 72846730
85657 85656274
87064 87063994
6046 6045253
42409 42408679
90437 90436841
114515 114514819
69781 69780910
108983 108982701
9905 9904327
133982 133981823
23780 23779489
58971 58970462
36064 36063498
62512 62511973
146265 146264428
125651 125650375
73776 73775021
49761 49760314
51747 51746566
68668 68667399
110730 110729390
60329 60328630
2897 2896772
133907 133906216
2298 2297041
6622 6621012
93610 93609855
127372 127371793
145321 145320649
61716 61715002
31713 31712273
27933 27932271
111696 111695730
136902 136901987
114064 114063142
104744 104743796
56354 56353868
35234 35233283
141367 141366188
55313 55312413
80388 80387566
133326 133325951
104970 104969831
34089 34088997
26155 26154086
30736 30735052
42178 42177051
73085 73084482
113511 113510395
89571 89570987
143016 143015893
33196 33195764
85609 85608800
52785 52784874
17386 17385423
125679 125678860
114214 114213440
82303 82302162
56098 56097348
88296 88295622
2078 2077837
53422 53421568
139507 139506587
69652 69651802
86191 86190323
22840 22839346
24031 24030030
114366 114365244
125345 125344992
137130 137129701
29249 29248953
148073 148072587
147230 147229192
143590 143589303
138772 138771639
20934 20933446
131754 131753368
58840 58839438
98957 98956495
120713 120712483
94800 94799814
97882 97881527
22943 22942624
43593 43592950
136144 136143904
16100 16099094
107601 107600211
26462 26461765
26468 26467069
51008 51007697
101000 100999471
130052 130051441
105634 105633113
42196 42195632
114626 114625739
22042 22041298
88194 88193195
32849 32848616
938 937550
69914 69913452
138914 138913380
137711 137710489
112765 112764042
71392 71391596
13186 13185428
100403 100402480
96287 96286273
148260 148259046
56292 56291833
24686 24685995
27953 27952018
107657 107656602
22828 22827164
41736 41735911
46080 46079461
2950 2949070
104572 104571517
8343 8342012
94141 94140337
124282 124281632
79948 79947805
617 616613
13787 13786530
20519 20518863
115847 115846681
88612 88611789
41745 41744920
1510 1509051
47072 47071011
2079 2078866
66848 66847896
76892 76891240
102355 102354012
34514 34513973
92959 92958111
63103 63102662
13637 13636026
64552 64551567
27039 27038650
37066 37065810
84580 84579080
27100 27099674
18825 18824507
137816 137815060
65327 65326121
83434 83433262
14743 14742238
86290 86289025
45650 45649131
30874 30873549
82113 82112222
89949 89948080
133960 133959621
8199 8198039
66924 66923296
140182 140181016
61306 61305037
68696 68695248
100534 100533850
1362 1361917
9893 9892679
13134 13133996
119716 119715035
57017 57016458
142910 142909417
128640 128639106
81547 81546359
117020 117019305
71091 71090243
19558 19557713
119022 119021656
83212 83211981
63548 63547189
96375 96374638
34907 34906547
28177 28176247
67984 67983480
22180 22179055
128405 128404450
67520 67519240
122182 122181265
99660 99659776
55337 55336811
97250 97249841
32062 32061159
56231 56230036
7696 7695306
87605 87604084
51042 51041973
109991 109990662
147153 147152627
11640 11639249
102265 102264398 102264302
63060 63059820
49847 49846102
136437 136436775
76343 76342077
16431 16430963
131949 131948807
296 295459
85837 85836897
65598 65597381
97283 97282972
18098 18097089
143090 143089863
105253 105252365
24664 24663188
73615 73614351
114805 114804345
109140 109139777
41923 41922540
35530 35529938
52647 52646159
13562 13561320
46224 46223978
98601 98600325
8946 8945242
60970 60969629
23822 23821932
132272 132271232
89584 89583258
54090 54089795
99465 99464485
120966 120965836
47404 47403499
75348 75347787
19556 19555482
13888 13887195
3546 3545436
143868 143867484
87996 87995823
23112 23111189
119755 119754453
122866 122865004
15244 15243120
101689 101688766
140231 140230204
140797 140796620
104357 104356008
130493 130492359
32820 32819279
104904 104903618
21586 21585291
31125 31124651
100067 100066462
112553 112552223
8746 8745324
40807 40806410
95275 95274155
45787 45786130
66368 66367830
72499 72498630
67701 67700063
80510 80509858
148763 148762754
42397 42396315
26677 26676122
77672 77671441
148955 148954899
117107 117106486
36703 36702371
59442 59441710
49918 49917096
132283 132282133
103333 103332209
143027 143026530
63343 63342655
74611 74610829
124455 124454177
11285 11284383
122321 122320581
59239 59238505
11011 11010330
40303 40302499
66 65333
88879 88878857
31362 31361543
106056 106055545
134817 134816484
56183 56182363
19089 19088335
91879 91878372
53143 53143000
126058 126057710
38442 38441192
70511 70510713
134384 134383667
19757 19756793
96818 96817810
9139 9138667
120163 120162126
73321 73320391
21125 21124829
144748 144747163
54476 54475427
31025 31024430
13895 13894741
125896 125895126
91798 91797963
66509 66508050
53485 53484379
72120 72119327
42971 42970158
115899 115898436
21639 21638646
79655 79654490
68345 68344311
142511 142510543
93073 93072978
12572 12571165
121583 121582366
82670 82669543
134223 134222214
117188 117187181
103537 103536938
42194 42193499
91733 91732913
86030 86029016
27877 27876597
112302 112301828
143626 143625193
111020 111019859
126420 126419062
20203 20202185
132252 132251727
63304 63303573
140539 140538299
9205 9204216
81288 81287623
106150 106149582
75395 75394613
77240 77239687
50337 50336554
3503 3502839
80765 80764889
96867 96866600
48801 48800496
94913 94912822
27382 27381068
14317 14316528
142123 142122628
129980 129979554
10315 10314577
44946 44945224
108420 108419575
38461 38460616
33021 33020777
123406 123405851
102982 102981939
3629 3628514
97217 97216481
88733 88732004
96634 96633219
57556 57555315
146574 146573741
45781 45780510
149853 149852750
148337 148336537
134548 134547138
80597 80596311
64560 64559699
115277 115276464
125107 125106138
68243 68242848
76979 76978616
120953 120952256
104818 104817414
131870 131869599
56462 56461212
44062 44061894
42954 42953757
40201 40200924
125080 125079313
26924 26923773
16036 16035200
68646 68645022
76422 76421733
127756 127755273
11094 11093829
13244 13243211
44663 44662810
51555 51554155
64624 64623982
90646 90645939
27201 27200462
106825 106824600
62913 62912797
106167 106166811
77172 77171828
68066 68065506
109964 109963527
14908 14907516
94911 94910929
57209 57208247
89534 89533607
21912 21911840
29837 29836824
59852 59851293
33875 33874501
135619 135618049
48927 48926365
145693 145692029
57473 57472658
105808 105807684
52596 52595702
134663 134662639
132228 132227595
73224 73223488
9277 9276223
114147 114146336
135985 135984743
147933 147932210
43642 43641462
108188 108187533
129578 129577975
52564 52563007
99759 99758489
122749 122748993
105291 105290535
26827 26826514
56764 56763985
52587 52586029
104624 104623599
25060 25059145
117226 117225179
54786 54785153
2083 2082146
38681 38680696 38680931
149170 149169216
42058 42057742
41118 41117771
23608 23607137
77785 77784502
109811 109810417
73166 73165389
19809 19808497
76636 76635590
149644 149643516
55856 55855133
43574 43573749
25740 25739478
51857 51856433
143302 143301322
8333 8332234
17932 17931786
73886 73885114
28132 28131825
31617 31616666
113359 113358812
95688 95687548
83218 83217399
28294 28293663
55606 55605303
27523 27522812
125122 125121939
109610 109609699
109976 109975966
104221 104220312
4267 4266935
17883 17882604
21431 21430819
139346 139345507
131287 131286102
42098 42097808
26709 26708868
125292 125291177
55676 55675933
90612 90611588
69011 69010516
57596 57595411
82348 82347145
71712 71711936
82192 82191432
17255 17254385
126498 126497223
141960 141959480
47189 47188600
105900 105899426
58104 58103653
36646 36645869
110667 110666231
103300 103299391
11506 11505009
6164 6163344
149206 149205934
126464 126463356
44826 44825394
65871 65870475
61725 61724413
73968 73967576
29997 29996570
38817 38816233
131028 131027260
135615 135614560
132765 132764574
31658 31657575
79552 79551758
115819 115818918
103736 103735965
82474 82473081
120850 120849031
127679 127678773
85062 85061676
52601 52600258
116459 116458931
61723 61722197
98803 98802239
35985 35984264
46489 46488139
130112 130111889
144895 144894680
77898 77897203
106681 106680136
83193 83192159
74649 74648849
105065 105064499
43525 43524327
74096 74095942
103169 103168158
48953 48952639
145044 145043140
141873 141872869
141395 141394976
17447 17446832
111475 111474745
108429 108428216
141302 141301787
13342 13341102
6603 6602522
132533 132532317
115172 115171338
28644 28643236
12135 12134373
56715 56714137
10122 10121180
104651 104650507
116820 116819850
128272 128271925
6333 6332318
149944 149943468
22743 22742020
91529 91528616
93783 93782701
8395 8394371
717 716965
76691 76690783
85714 85713938
124230 124229414
111286 111285827
12020 12019034
34969 34968430
63642 63641984
75904 75903756
66159 66158389
75186 75185859
96424 96423924
136830 136829843
105278 105277737
73337 73336144
95684 95683104
37584 37583845
29247 29246035
65960 65959257
135934 135933716
59555 59554921
46586 46585723
9356 9355492
108548 108547845
41925 41924139
1026 1025132
128561 128560347
73403 73402456
64275 64274628
4179 4178408
143374 143373224
135676 135675355 135675019
103480 103479594
117787 117786531
21103 21102434
134501 134500306
35341 35340926
141155 141154945
138280 138279179
47262 47261625
147545 147544289
103031 103030812
115304 115303911
11670 11669144
31337 31336414
21454 21453185
101020 101019149
39547 39546361
89375 89374337
38470 38469675
125994 125993195
1855 1854600
6297 6296454
94605 94604752
72430 72429133
103166 103165384
114802 114801248
86422 86421973
100181 100180882
61756 61755525
108970 108969672
94493 94492051
43511 43510070
57913 57912878
139868 139867323
124537 124536616
51377 51376987
121462 121461744
26783 26782972
124286 124285613
73018 73017919
73402 73401405
147750 147749806
130783 130782902
130809 130808852
30160 30159473
4593 4592794
65317 65316043
46262 46261477
121803 121802123
1042 1041920
6334 6333865
94250 94249463
75449 75448236
518 517059
44331 44330391
11128 11127674
67327 67326251
31368 31367864
44395 44394995
68319 68318362
5158 5157893
24214 24213816
61030 61029131
118106 118105895
82624 82623054
121372 121371234
37568 37567283
62494 62493765
134436 134435023
27894 27893932
81274 81273280
140999 140998428
101871 101870661
85925 85924147
48177 48176887
42465 42464814
143855 143854534
96217 96216014
123596 123595407
130146 130145621
42426 42425308
148474 148473760
78031 78030559
19792 19791905
73515 73514464
126093 126092057
40055 40054619
72661 72660733
123898 123897976
7230 7229706
15867 15866790
129196 129195473
112249 112248953
22816 22815715
6082 6081140
19945 19944591
92248 92247112
62727 62726910
87145 87144631
136304 136303163
129994 129993931
18779 18778722
71465 71464514
85404 85403142
36485 36484860
27593 27592737
15868 15867126
13800 13799983
98115 98114813
132240 132239148
76927 76926135
44709 44708887
60200 60199448
46067 46066739
1976 1975073
24227 24226588
15419 15418934
129650 129649096
89448 89447692
80648 80647148
148176 148175256
94148 94147891
70105 70104049
84007 84006296
25324 25323106
131144 131143767
110044 110043028
47499 47498139
37325 37324756
103990 103989091
122419 122418421
34070 34069162
124804 124803357
133530 133529181
7779 7778332
9937 9936678
145095 145094745
31911 31910963
138980 138979908
93796 93795206
61119 61118931
87057 87056121
62873 62872994
56889 56888225 56888173
51344 51343265
5175 5174470
43515 43514657
15780 15779710
51929 51928737
44117 44116512
41952 41951348
135894 135893075
118281 118280842
101419 101418998
149151 149150529
108897 108896622
51496 51495461
81410 81409006
62594 62593715
47824 47823595
77747 77746601
77731 77730471
28417 28416663
30267 30266631
13334 13333010
149249 149248376
96221 96220782
135493 135492388
94501 94500742
56852 56851742
136078 136077901
89355 89354156
92434 92433504
48461 48460065
98728 98727903
129170 129169169
43142 43141893
23768 23767040
36033 36032212
26268 26267977
133324 133323030
27187 27186739
134899 134898753
115121 115120993
137504 137503434
78790 78789703
3789 3788977
75271 75270827
94963 94962654
4128 4127878
62910 62909191
76907 76906825
146450 146449456
21806 21805211
124746 124745179
5938 5937587
18830 18829970
17474 17473557
115386 115385079
118199 118198587
54505 54504261
146855 146854396
15531 15530523
108969 108968991
140338 140337692
2720 2719269
39369 39368119
104553 104552881
77936 77935702
83694 83693092
119791 119790815
140171 140170422
72492 72491904
7559 7558376
24192 24191038
71921 71920260
22836 22835370
82236 82235538
132511 132510609
37570 37569055
102383 102382502
103047 103046392
96355 96354022
73682 73681213
7694 7693863
77342 77341544
111980 111979951
12168 12167091
58959 58958496
16708 16707828
94235 94234608
130895 130894596
42408 42407438
46806 46805353
114900 114899642
145501 145500707
65734 65733033
136324 136323594
55735 55734361
136668 136667784
3794 3793372
74434 74433604
149716 149715890
18118 18117849
126704 126703253
61427 61426741
38675 38674542
30342 30341679
26327 26326026
7295 7294286
22465 22464336
94318 94317012
60354 60353043
111554 111553063
46012 46011183
149781 149780197
82327 82326678
35499 35498608
54303 54302375
120540 120539995
54474 54473270
71722 71721738
116739 116738787
141676 141675999
70383 70382010
80031 80030408
82956 82955787
26693 26692864
126234 126233354
26807 26806074
116155 116154824
139340 139339759
47498 47497166
80360 80359131
107411 107410024
54076 54075410
41108 41107682
137680 137679437
28330 28329027
93586 93585155
109612 109611261
43227 43226552
17333 17332437
53714 53713751
29864 29863229
54007 54006374
94145 94144424
77149 77148685
76771 76770218
36945 36944178
106598 106597416
69466 69465472
78900 78899017
147402 147401801
64697 64696827
103251 103250445
22190 22189638
131597 131596297
59668 59667354
145338 145337805
118596 118595781
8939 8938488
113373 113372742
26950 26949860
19650 19649351
45785 45784405
110849 110848924
47913 47912335
27642 27641765
73244 73243286
15595 15594741
25322 25321887
78741 78740677
146717 146716763
8889 8888852
21471 21470165
126663 126662167
37381 37380198
74182 74181038
78180 78179297
3272 3271152
61878 61877998
62233 62232409
24200 24199437
58914 58913348
75826 75825507
48987 48986257
47989 47988847
133439 133438843
144931 144930729
19955 19954386
42141 42140280
50121 50120684
135438 135437371
14040 14039127
81372 81371835
46780 46779020
18515 18514626
106862 106861251
84094 84093736
90686 90685879
104947 104946061
89393 89392239
1471 1470216
101743 101742169
102042 102041515
126397 126396925
113649 113648171
14612 14611144
8065 8064041
148712 148711095
146014 146013805
148773 148772491
52831 52830691
118624 118623049
25789 25788188
130487 130486520
130957 130956031
64522 64521601
44706 44705477
74385 74384206
103715 103714008
43481 43480511
111571 111570778
97299 97298245
38157 38156304
24007 24006584
80308 80307037
742 741730
65006 65005844
41472 41471216
15727 15726859
88184 88183554
3527 3526905
5568 5567471
62632 62631659
115777 115776534
34255 34254549
80114 80113798
63202 63201486
54226 54225723
8491 8490363
35111 35110019
2029 2028413
130113 130112448
80784 80783869
144953 144952181
64835 64834634
139272 139271967
26953 26952931
37841 37840254
129883 129882429
30290 30289805
19981 19980411
119910 119909558
52381 52380268
16801 16800193
92453 92452551
40971 40970296
92508 92507281
46548 46547466
134553 134552965
30442 30441432
47575 47574611
96576 96575563
94702 94701142
106182 106181656
52353 52352782
96108 96107179
8801 8800813
125648 125647498
149938 149937148
85383 85382757
1118 1117977
100939 100938481
14862 14861128
128009 128008058
22725 22724961
32512 32511502
63168 63167524
24140 24139748
20230 20229904
108010 108009834
31496 31495533
31631 31630260
41275 41274141
34096 34095464
51709 51708538
58540 58539699
72178 72177361
99244 99243769
135005 135004709
134105 134104919
652 651025
108446 108445956
9714 9713450
139416 139415076
64448 64447410
137192 137191057
48146 48145650
53668 53667742
88617 88616794
147902 147901291
4513 4512385
56149 56148124
43963 43962671
113518 113517930
58619 58618891
63438 63437203
58161 58160487
46569 46568004
9984 9983642
79842 79841829
31428 31427679
69848 69847751
81891 81890758
25306 25305124
4802 4801859
93222 93221667
36116 36115364
31577 31576445
42006 42005817
61826 61825120
96821 96820528
110940 110939317
40675 40674600
127889 127888477
59375 59374856
15270 15269507
68609 68608899
77179 77178598
79454 79453567
119292 119291433
63481 63480888
57502 57501573
60595 60594505
129427 129426641
145470 145469263
1611 1610712
18378 18377958
8514 8513496
104838 104837492
135159 135158203
133266 133265816
27721 27720242
1338 1337615
126716 126715779
60811 60810224
29774 29773305
140183 140182617
143926 143925801
84722 84721489
95323 95322775
72303 72302113
96445 96444646
75105 75104002
60535 60534462
12697 12696211
100792 100791355
108024 108023196
21953 21952774
121771 121770022
96564 96563791
9261 9260086
40469 40468591
1467 1466794
48831 48830405
73219 73218499
38399 38398887
46726 46725790
143223 143222186
59302 59301882
65547 65546682
73921 73920615
101687 101686662
8373 8372642
103673 103672987
111835 111834399
140819 140818313
68406 68405613
15691 15690571
107685 107684221
14718 14717385
12464 12463429
3089 3088471
110645 110644220
88692 88691211
29725 29724458
22727 22726844
107940 107939818
140626 140625468
45198 45197077
17703 17702099
56740 56739890
101228 101227674
39451 39450016
45489 45488360
30919 30918393
33812 33811154
44684 44683186
137245 137244678
87352 87351599
123190 123189783
36142 36141139
14263 14262396
101823 101822131
113640 113639722
144868 144867962
21918 21917882
118014 118013578
139990 139989066
82868 82867852
24863 24862867
80750 80749288
142942 142941898
99583 99582561
139038 139037617
5848 5847726
107161 107160528
135321 135320483
82546 82545771
93773 93772144
36202 36201403
132659 132658372
97552 97551189
76901 76900743
96098 96097954
145880 145879463
9738 9737473
108918 108917969
59546 59545711
76980 76979034
135032 135031971
54102 54101105
142014 142013138
77579 77578845
100892 100891404
18328 18327488
6910 6909740
66588 66587431
126113 126112151
117868 117867451
7540 7539273
48963 48962854
136970 136969080
68625 68624764
16405 16404731
9748 9747822
32165 32164416
11730 11729907
987 986189
49821 49820972
112188 112187892
149653 149652685
113124 113123452
61690 61689154
114638 114637396
132122 132121972
67493 67492966
70603 70602250
40663 40662733
99932 99931996
78998 78997077
91970 91969165
124272 124271182
50641 50640572
4692 4691440
9372 9371034
63275 63274829
5432 5431037
27767 27766807
108609 108608311
77540 77539442
66120 66119699
119199 119198102
116624 116623656
60618 60617831
72476 72475960
147864 147863152
29296 29295930
91047 91046096
118651 118650288
60191 60190786
41357 41356118
1587 1586990
15819 15818908
16399 16398320
78028 78027463
61330 61329717
87188 87187799
10238 10237131
64164 64163748
54134 54133936
114968 114967299
120137 120136412
93211 93210678
75731 75730606
47764 47763718
35913 35912618
46233 46232273
146287 146286906
99612 99611193
111754 111753067
117338 117337870
90710 90709649
127948 127947733
80518 80517984
91869 91868971
42509 42508644
12713 12712877
1997 1996353
88185 88184175
71359 71358117
113323 113322289
22049 22048826
49216 49215760
45675 45674965
105775 105774389
26262 26261911
77851 77850181
68778 68777980
47363 47362084
82098 82097690
10974 10973644
33049 33048147
64122 64121137
25910 25909461
38823 38822117
94288 94287232
52296 52295661
67105 67104322
56566 56565277
76882 76881284
109151 109150468
4627 4626671
139681 139680071
73454 73453939
87544 87543431
33629 33628264
43070 43069163
11006 11005254
23959 23958975
79277 79276248
39166 39165589
104052 104051855
46006 46005679
4794 4793519
62033 62032271
100893 100892577
3016 3015448
13968 13967283
141274 141273041
123044 123043020
55859 55858034
95289 95288042
9899 9898179
35395 35394072
45837 45836917
149540 149539014
7939 7938843
77958 77957219
1947 1946812
91128 91127212
16898 16897229
72780 72779388
17520 17519083
111430 111429363
123913 123912856
83367 83366963
131408 131407558
100696 100695412
115130 115129436
30482 30481061
103297 103296689
149015 149014548
6963 6962568
48222 48221143
52943 52942015
132752 132751963
12845 12844601
130814 130813377
59264 59263948
64894 64893674
72074 72073652
89570 89569939
118827 118826646
120438 120437229
13309 13308510
16229 16228356
104351 104350530
41608 41607837
56011 56010359
135728 135727080
100952 100951071
129391 129390889
87980 87979669
6199 6198859
44093 44092274
26295 26294839
46410 46409084
112234 112233616
148735 148734126
105683 105682894
98485 98484162
101722 101721927
16540 16539834
65166 65165217
103048 103047437
113449 113448141
138534 138533195
140332 140331381
6024 6023468
127031 127030731
98304 98303796
70369 70368872
20147 20146218
44825 44824779
70782 70781606
149990 149989623
137005 137004557
118051 118050345
60363 60362431
145228 145227069
53073 53072039
48375 48374308
48131 48130487
75163 75162309
27864 27863227
88766 88765786
40845 40844621
121510 121509783
49097 49096636
44318 44317368
135651 135650923
86704 86703375
141824 141823972
41772 41771934
25219 25218936
74656 74655607
89807 89806019
39605 39604450
120528 120527267
142252 142251257
28131 28130737
20082 20081294
26768 26767041
71430 71429896
112560 112559664