
35112 35111866
15758 15757917
3035 3034866
43943 43942624
23279 23278982
42408 42407857
17504 17503118
19343 19342940
42515 42514366
27793 27792581
28058 28057075
42163 42162383
7255 7254982
23484 23483456
14616 14615269
40799 40798533
573 572053
5532 5531136
16308 16307450
30835 30834346
9340 9339689
18843 18842681
25693 25692404
38331 38330133
35440 35439300
27566 27565792
12608 12607809
43744 43743940
26814 26813559
19289 19288829
5320 5319317
251 250399
14381 14380350
22054 22053007
39348 39347673
38511 38510216
33269 33268456
6059 6058096
27680 27679333
230 229575
38275 38274403
27662 27661047
4932 4931328
24379 24378892
16829 16828018
32715 32714992
43551 43550126
43640 43639128
34588 34587619
29293 29292217
4198 4197250 4197637
19679 19678749
4468 4467208
15374 15373704
27656 27655964
39646 39645367
38381 38380785
36757 36756396
947 946345
30492 30491014
4514 4513890
8881 8880260
38737 38736260
4642 4641423
19276 19275521
25808 25807300
38373 38372404
9740 9739623
6579 6578069
25281 25280416
3688 3687130
10082 10081081
40020 40019314
15876 15875532
18343 18342262
30503 30502016
37386 37385898
29947 29946229
37339 37338694
13230 13229783
1410 1409804
37427 37426293
31943 31942469
40861 40860289
20082 20081956
40337 40336071
38967 38966295
12079 12078059
23346 23345526
16182 16181691
5584 5583678
28362 28361064
19148 19147710
38266 38265701
3855 3854135
12827 12826007
19287 19286497
8818 8817708
32415 32414845
25894 25893994
25772 25771747
34499 34498730
23052 23051930
26948 26947337
17312 17311652
21384 21383652
36504 36503959
26051 26050588
17223 17222298
6457 6456537
23661 23660483
35775 35774111
21346 21345501
23956 23955796
42059 42058892
7956 7955031
3803 3802404
36077 36076957
34909 34908485
23628 23627631
25818 25817160
4570 4569812
19047 19046214
13169 13168119
1096 1095780
18252 18251972
27798 27797766
686 685181
43505 43504419
42396 42395496
1083 1082725
5239 5238552
29702 29701803
35261 35260817
33870 33869470
40519 40518028
35954 35953050
35977 35976515
45 44554
32726 32725036
13130 13129032
15379 15378896
41087 41086680
13677 13676382
35322 35321959
17633 17632538
23113 23112982
38272 38271452
27253 27252581
37133 37132849
4337 4336555
39379 39378422
25931 25930726
27037 27036074
23382 23381444
13391 13390756
25084 25083690
20579 20578936
14795 14794865
14100 14099314
32095 32094005
31029 31028874
12192 12191598
3767 3766046
14141 14140656
2501 2500327
24883 24882641
3375 3374229
29204 29203671
18452 18451475
32813 32812893
9089 9088619
35380 35379935
21224 21223684
29820 29819709
262 261464
29566 29565416
4091 4090958
13052 13051393
24888 24887646
26620 26619446
19657 19656402
12418 12417839
31875 31874479
24588 24587698
8000 7999401
17009 17008834
32324 32323229
6384 6383882
15551 15550117
23832 23831911
31003 31002180
29986 29985804
13340 13339940
41722 41721454
2074 2073086
18636 18635036
28888 28887249
17589 17588036
27973 27972868
18418 18417488
28244 28243745
29038 29037422
39647 39646255
15259 15258251
35192 35191015
22000 21999186
6711 6710881
16584 16583539
32290 32289817
16854 16853966
30942 30941477
25215 25214863
964 963452
523 522029
3086 3085403
14456 14455864
39354 39353355
516 515561
31034 31033878
33028 33027293
6373 6372079
39756 39755663
2031 2030610
22411 22410173
22395 22394239
7114 7113855
40133 40132855
9254 9253071
20950 20949160
41635 41634504
40577 40576864
16487 16486135
21316 21315165
42974 42973896
19068 19067515
24166 24165874
5009 5008760
40659 40658179
37932 37931403
17800 17799041
42643 42642487
34820 34819255
21807 21806959
3829 3828138
40138 40137966
11363 11362026
19605 19604605
5256 5255926
41961 41960683
1589 1588502
14025 14024218
26407 26406647
8577 8576228
23799 23798162
34320 34319933
36307 36306066
17885 17884928
40803 40802472
37750 37749030
25858 25857442
2448 2447357
7922 7921701
5899 5898069
6762 6761146
6285 6284305
13106 13105929
8654 8653210
7623 7622300
3819 3818923
42331 42330252
15761 15760254
25486 25485527
31832 31831416
40828 40827781
28534 28533505
35813 35812425
34990 34989362
40914 40913744
31026 31025843
7410 7409176
2650 2649378
43209 43208786
32943 32942483
15572 15571275
3410 3409688
607 606737
5642 5641250
32414 32413270
6928 6927845
26786 26785013
19803 19802736
21713 21712633
39561 39560214
36100 36099497
4542 4541261
3898 3897507
6248 6247248
5747 5746144
36015 36014253
23452 23451204
26825 26824243
22361 22360961
34859 34858089
35015 35014932
35652 35651266
8844 8843980
5592 5591284
32045 32044691
42961 42960430
34300 34299183
40738 40737469
29323 29322957
35490 35489296
5166 5165857
25002 25001258
43240 43239490
36329 36328251
39877 39876404
40231 40230686
21862 21861869
42514 42513789
30393 30392785
9514 9513786
36354 36353541
42328 42327932
25442 25441978
23736 23735007
7858 7857789
35474 35473135
21516 21515994
36059 36058483
42553 42552987
43676 43675387
38361 38360495
6962 6961238
37171 37170160
30350 30349583
1880 1879822
38047 38046254
33390 33389112
36703 36702028
41659 41658623
12271 12270349
38754 38753090
9593 9592812
43185 43184385
36572 36571649
17872 17871467
31189 31188415
31710 31709222
30713 30712529
21461 21460101
4607 4606792
85 84776
37421 37420390
28393 28392337
21214 21213400
34910 34909452
27552 27551513
3382 3381576
33935 33934774
17810 17809505
31603 31602183
37799 37798429
23451 23450486
16161 16160597
22632 22631345
31422 31421077
3917 3916473
24486 24485187
35034 35033462
23298 23297630
8586 8585005
32479 32478918
962 961909
17753 17752649
22678 22677938
39127 39126238
7101 7100476
36040 36039021
12082 12081424
42924 42923068
36640 36639712
27997 27996021
38889 38888803
1915 1914198
18181 18180197
20709 20708306
35415 35414372
28059 28058371
21230 21229487
42951 42950129
29487 29486059
42262 42261653
1502 1501702
17846 17845026
39382 39381457
23223 23222357
11498 11497407
9647 9646513
22269 22268651
26715 26714250
29754 29753613
15547 15546607
39522 39521151
5108 5107880
16955 16954151
5029 5028956
19207 19206724
35719 35718721
13529 13528996
5966 5965493
31981 31980385
27250 27249599
34564 34563478
2435 2434943
25680 25679830
14782 14781389
5399 5398126
14593 14592046
19034 19033193
33304 33303403
14767 14766758
21387 21386220
35189 35188396
21888 21887233
4252 4251531
4739 4738410
28868 28867205
39747 39746010
21239 21238801
34860 34859008
311 310528
27915 27914319
37161 37160075
21396 21395479
43544 43543093
37943 37942886
39770 39769649
7043 7042843
32280 32279682
16801 16800482
37992 37991342
21391 21390146
18394 18393516
8802 8801348
3185 3184021
21914 21913996
15639 15638862
39619 39618544
41523 41522303
22099 22098416
41957 41956842
29238 29237716
36183 36182335
8292 8291844
13446 13445458
3762 3761010
26249 26248120
18149 18148834
987 986772
15181 15180553
6773 6772946
37692 37691171
36498 36497762
166 165197
31294 31293721
5553 5552686
19547 19546590
8880 8879521
33047 33046308
37394 37393609
29314 29313181
5344 5343080
36122 36121387
30439 30438066
33640 33639187
22575 22574210
39092 39091069
34472 34471086
38007 38006843
28677 28676238
28403 28402793
16651 16650921
39610 39609912
4164 4163816
37626 37625111
8069 8068919
8868 8867280
7513 7512812
17459 17458630
27267 27266512
32757 32756950
35896 35895265
5451 5450867
10265 10264567
2457 2456891
32833 32832922
19164 19163535
42561 42560130
43922 43921906
35825 35824576
820 819735
35917 35916577
30801 30800815
31330 31329641
42777 42776774
30853 30852056
36312 36311117
34949 34948187
13034 13033480
32022 32021444
19981 19980340
33169 33168284
21479 21478544
19816 19815615
36588 36587785
4754 4753837
9322 9321121
22200 22199927
39064 39063618
19161 19160708
39210 39209305
196 195645
14389 14388828
16759 16758911
23921 23920366
22557 22556314
16272 16271169
37375 37374791
39895 39894288
22769 22768003
33013 33012087
24299 24298417
2036 2035143
21141 21140829
12883 12882208
26252 26251829
2786 2785627
14137 14136511
6603 6602113
14777 14776727
3885 3884562
21341 21340758
5681 5680208
21562 21561179
38962 38961354
21383 21382802
3037 3036240
39976 39975025
7119 7118870
18951 18950708
37998 37997258
21267 21266337
767 766636
639 638445
5931 5930253
22772 22771701
3485 3484560
28172 28171046
14754 14753257
42115 42114434
12638 12637041
10287 10286660
5700 5699503
40974 40973148
38872 38871250
27110 27109624
14599 14598694
35128 35127730
7857 7856863
41234 41233298
33924 33923943
43447 43446810
5682 5681695
20778 20777572
32376 32375931
41563 41562050
3733 3732329
31882 31881729
2071 2070314
32359 32358979
16326 16325861
21151 21150609
32288 32287710
2846 2845853
40140 40139887
12925 12924206
2221 2220722
7208 7207747
28956 28955586
6843 6842815
32322 32321548
30603 30602482
33942 33941055
6949 6948648
40382 40381249
27345 27344464
7215 7214123
32908 32907718
17108 17107057
28144 28143305
19940 19939841
42324 42323418
28192 28191322
23617 23616985
32710 32709136
23434 23433822
33103 33102472
43493 43492916
43506 43505341
29256 29255967
43572 43571882
32387 32386084
3896 3895839
27031 27030185
27686 27685311
34506 34505277
314 313654
26575 26574963
40018 40017467
40455 40454819
37606 37605770
6088 6087822
43371 43370103
9827 9826381
24403 24402759
7189 7188647
32925 32924096
5754 5753874
8262 8261855
16297 16296190
24138 24137771
18525 18524501
43286 43285002
3614 3613640
9077 9076435
22798 22797951
22550 22549008
31527 31526922
11436 11435079
32285 32284557
9775 9774016
32619 32618976
43032 43031849
41926 41925426
40384 40383363
31030 31029503
20842 20841495
25998 25997552
34111 34110949
32551 32550342
36364 36363902
39202 39201724
28462 28461832
18778 18777882
2231 2230948
16850 16849863
14615 14614248
34093 34092595
31778 31777804
36961 36960981
6745 6744963
33402 33401759
29020 29019666
20760 20759550
35246 35245728
42217 42216015
14701 14700961