
27604 27603004
14537 14536208
30887 30886729
46608 46607600
40424 40423318
16232 16231556
7585 7584728
36735 36734618
15536 15535633
36103 36102369
38467 38466661
6665 6664078
18788 18787346
37361 37360109 37360962
6232 6231340
45907 45906204
7179 7178349
39407 39406104
27805 27804088 27804153
160 159670
9771 9770041
25059 25058725
18504 18503251
24369 24368830
45272 45271689
285 284250
13457 13456209
29874 29873065
36534 36533123
25425 25424335
11962 11961149
43475 43474402
12520 12519961
497 496556
47167 47166769
46108 46107375
11312 11311277
40529 40528369
14682 14681438
23341 23340340
46241 46240950
10096 10095449
47449 47448743
12279 12278964
37095 37094160
32366 32365379
2348 2347373
15238 15237389
37983 37982050
45015 45014221
15408 15407130
44275 44274905
10012 10011031
47338 47337187
25212 25211568
22118 22117399
1685 1684303
6754 6753858
10374 10373541
7195 7194195
34048 34047884
40254 40253369
40180 40179204
20167 20166340
24641 24640721
46415 46414231
48401 48400471
36006 36005598
32715 32714694
37664 37663104
36504 36503748
13541 13540784
45087 45086363
37601 37600063
32792 32791431
9743 9742128
27371 27370025
39627 39626887
19084 19083596
31340 31339518
14796 14795322
40084 40083225
15380 15379161
26786 26785191
34449 34448608
22400 22399129
24594 24593596
31571 31570966
779 778863
33671 33670767
34090 34089747
14195 14194223
22732 22731686
35138 35137714
48273 48272205
46445 46444078
11816 11815755
35334 35333220
2710 2709762
46014 46013005
28350 28349465
11653 11652026
19163 19162692
45693 45692552
21641 21640822
28529 28528328
7019 7018767
45126 45125445
48411 48410451
2364 2363176
40419 40418177
8117 8116190
11049 11048562
9174 9173500
7296 7295275
33343 33342413
24121 24120484
34999 34998838
4654 4653106 4653286
28846 28845590
33298 33297758
10845 10844019
13564 13563593
18149 18148099
7738 7737667
16992 16991147
7822 7821455
1046 1045512
7799 7798108
48948 48947576
46632 46631340
39228 39227121
44945 44944180
21218 21217791
8619 8618013
2736 2735919
44236 44235752
10653 10652329
8164 8163677
7138 7137346
6002 6001205
45699 45698277
2302 2301874
4136 4135685
30092 30091785
28116 28115347
2742 2741289
46882 46881767
28685 28684944
4887 4886787
3377 3376357
30283 30282012
47606 47605181
41573 41572625
11373 11372073
8215 8214127
35524 35523706
354 353559
42835 42834043
27338 27337201
933 932390
48720 48719399
8585 8584405
41606 41605597
40645 40644785
3313 3312552
34666 34665564
45075 45074368
34260 34259830
18833 18832507
6045 6044367
42601 42600444
23868 23867048
36787 36786482
6880 6879635
38903 38902091
33446 33445753
1988 1987739
22593 22592957
45747 45746284
46806 46805806
19142 19141952
47068 47067604
14248 14247817
12724 12723081
6831 6830340
8992 8991648
24259 24258715
19673 19672505
6903 6902390
8090 8089116
11831 11830043
3267 3266062
47960 47959445
32007 32006380
2907 2906201
27336 27335185
21516 21515766
4389 4388877
31361 31360100
10908 10907918
46816 46815650
24104 24103406
35919 35918733
12894 12893747
16152 16151034
4103 4102332
42172 42171439
30826 30825817
16094 16093563
17792 17791662
30587 30586613
28582 28581806
24085 24084045
12783 12782562
4261 4260925
13418 13417339
24227 24226354
30158 30157623
1351 1350620
40596 40595203
7006 7005604
48685 48684916
8153 8152502
31648 31647188
35241 35240839
48533 48532580
45442 45441656
36998 36997495
47403 47402280
18652 18651723
10938 10937393
39826 39825750
23062 23061044
10546 10545437
38527 38526977
1453 1452882 1452945
11352 11351906 11351395
23274 23273978
3557 3556044
1966 1965903
28933 28932314
4706 4705931
11720 11719335
7120 7119985
15180 15179505
38611 38610302
11519 11518964
24727 24726226
18247 18246429
12858 12857844
20872 20871862
10524 10523661
27307 27306520
18098 18097658
19165 19164171
19389 19388542
36718 36717948
4552 4551953
29170 29169170
9872 9871665
27385 27384135
37672 37671135
40312 40311733
5579 5578488
14407 14406308
17488 17487272
9293 9292847
48798 48797944
5472 5471899
2593 2592889
30253 30252135
41139 41138658
11007 11006422
11329 11328139
29452 29451025 29451958
21403 21402122
9941 9940255
47032 47031059
44249 44248357
26029 26028376
22790 22789715
24631 24630769
22745 22744169
23808 23807016
3376 3375236
28414 28413027
40616 40615176 40615326
3329 3328458
29403 29402957
14419 14418028
36443 36442738
14921 14920420
9626 9625105
37810 37809234
30026 30025336
47 46168
4283 4282717
31768 31767448
33971 33970848
19035 19034301
26016 26015455
14786 14785289
44089 44088668
13201 13200113
29238 29237906
39127 39126048
14970 14969078
4300 4299540
31871 31870084
20869 20868877
9541 9540186
34556 34555558
13361 13360905
23296 23295300
24547 24546596
3874 3873027
28917 28916104
48873 48872601
4877 4876862
2693 2692825
28439 28438624
31247 31246070
22713 22712924
13579 13578143
48071 48070366
34409 34408304
27184 27183356
40761 40760507
9812 9811629
37292 37291396
7616 7615214
33866 33865447
2475 2474070
42155 42154638
14621 14620596
17049 17048551
30557 30556937
14881 14880841
25554 25553428
9387 9386213
3549 3548792
12218 12217100
44547 44546234
9225 9224309
19449 19448903
39635 39634369
1381 1380068
3849 3848517
8378 8377698
8121 8120588
24592 24591601
11246 11245466
25110 25109003
26916 26915638
25540 25539683
38408 38407882
41471 41470839
9589 9588068
35805 35804852
33918 33917570
22782 22781878
11444 11443943
23531 23530757
28244 28243947
27945 27944415
19426 19425213
8948 8947213
47626 47625057
37057 37056512
12087 12086499
13896 13895627
22395 22394617
5735 5734916
33920 33919148
32930 32929252
45855 45854940
15458 15457888
34687 34686251
16262 16261632
28671 28670498
37590 37589409
12102 12101809
11380 11379745
21013 21012416
2324 2323535
20540 20539601
15750 15749828
44832 44831334
41626 41625529
38193 38192732
36617 36616972
26000 25999666
3518 3517387
9450 9449759
8813 8812605
11588 11587770
25986 25985757
34517 34516131
21869 21868061
46504 46503469
13976 13975182
32117 32116275
15950 15949789
31181 31180422
28422 28421126
39355 39354996
34708 34707815
7040 7039709
47616 47615797
5679 5678695
28288 28287956
2853 2852153
13766 13765727
27363 27362152
45531 45530664
11528 11527334
47474 47473693
28635 28634057
20013 20012403
6065 6064513
31985 31984442
38480 38479187
38609 38608658
2375 2374414
46479 46478596
37637 37636656
8697 8696113
13683 13682912
24020 24019199
22843 22842948
37436 37435229
11811 11810834
33069 33068488
25965 25964441
13860 13859532
13113 13112039
45591 45590505
39305 39304026
11435 11434308
29300 29299106
9840 9839534
47228 47227833
332 331981
45579 45578540
36433 36432357
36525 36524568
10568 10567383
46906 46905854
38156 38155053
2249 2248473
43469 43468444
41850 41849825
2644 2643228
8402 8401122
25573 25572075
25823 25822730
18731 18730540
13351 13350625
46034 46033732
38986 38985480
21899 21898201
17416 17415212
5437 5436501
24231 24230543
27699 27698114
26558 26557243
15589 15588881
21542 21541921
6480 6479927
9396 9395929
1071 1070014
16397 16396165
17006 17005107
37145 37144078
25526 25525624
42880 42879001
125 124878
42912 42911712
48794 48793780
36792 36791856
18643 18642402
39973 39972178
36859 36858159
45964 45963216 45963646
23117 23116972
11677 11676418
26596 26595645
22581 22580186 22580647
45768 45767049
718 717850
12502 12501497
31627 31626272
43660 43659924
30813 30812802
40318 40317016
34960 34959880
17083 17082938
36132 36131883
33624 33623405 33623108
10793 10792687
1467 1466880
30533 30532001
14097 14096619
17924 17923224
42462 42461015
19623 19622654
6169 6168426
28141 28140945
35301 35300695
46912 46911905
8749 8748136
9606 9605069
18291 18290030
15456 15455306
19381 19380630
2337 2336686
45163 45162521
10603 10602131
32966 32965542
563 562433
29070 29069712
39722 39721358
18070 18069772
33178 33177820
3940 3939180
48865 48864631
45932 45931393
40224 40223775
30693 30692486
29582 29581159
25615 25614686
10942 10941796
10041 10040894
28562 28561725
38878 38877410
391 390665
4775 4774483
43438 43437398
43496 43495637
12966 12965493
29123 29122774
20754 20753534
317 316091
35571 35570799
36925 36924522
11504 11503299
23135 23134920
7542 7541374
25905 25904822
8279 8278113
44867 44866660
41155 41154072
42355 42354769
34995 34994882
8593 8592066
9925 9924314
8445 8444956
28402 28401165
18039 18038167
21923 21922505
25080 25079463
11969 11968325
3814 3813291
11711 11710635
26678 26677503
31878 31877652
42753 42752557
26735 26734244
44776 44775268
28742 28741684
48977 48976587
1212 1211275
916 915950
23402 23401411
15239 15238728
10539 10538648
24430 24429259
26139 26138137
24715 24714842
41670 41669918
17856 17855388
16502 16501506
9910 9909217
46217 46216839
3710 3709007
24394 24393603
47001 47000415
27325 27324740
9758 9757027
45819 45818790
9203 9202950
28722 28721994
10982 10981935
23150 23149168
33405 33404896
47899 47898278
12562 12561248
10160 10159281
3080 3079105
21574 21573835
46098 46097742
33041 33040615
42700 42699188
14844 14843446
25890 25889849
33863 33862318
42971 42970512
17147 17146709
29506 29505282
16144 16143278
20913 20912600
24494 24493216
12149 12148854
10322 10321181
17527 17526347
3927 3926339
36930 36929093
36459 36458795
25063 25062206
422 421638
11698 11697035
6351 6350017
37774 37773847
16835 16834470
45259 45258417
28502 28501202
42502 42501035
31738 31737791
10781 10780737
29829 29828449
20883 20882420
48141 48140309
1882 1881592
41288 41287761
28419 28418626
29576 29575030
13473 13472431
2273 2272525
33706 33705632
23189 23188429
15149 15148783
18599 18598615
10189 10188631
43260 43259807
29555 29554870
18228 18227746
33331 33330783
2095 2094198
44660 44659140
29063 29062400
48681 48680080
5647 5646269
41187 41186381
19506 19505010
41076 41075613
9526 9525203
5719 5718997
38285 38284502
30511 30510496
15860 15859069
4126 4125216
14538 14537440
2883 2882050
9312 9311769
22582 22581969
27298 27297608
31434 31433077
36898 36897829
22795 22794112
31249 31248693
7278 7277513
22807 22806341
46477 46476693
42417 42416771
48452 48451998
4847 4846112
13949 13948005
19171 19170491
35504 35503749
41263 41262118
13928 13927923
1002 1001797
5270 5269322
22738 22737176
33561 33560259
16367 16366951
36214 36213923
48138 48137649
11153 11152502
41209 41208582
7611 7610421
13707 13706710
9413 9412280
32831 32830452
32489 32488127
936 935294
48215 48214149
42958 42957258
43765 43764036
47148 47147941
36065 36064804
21787 21786200
10360 10359589
9592 9591026
35400 35399332
2072 2071455
40864 40863006
40963 40962341
20244 20243895
46 45201
35630 35629628
18611 18610032
24706 24705571
23153 23152139
34052 34051498
27293 27292661
5288 5287067
5596 5595887
4354 4353979
40918 40917500
18386 18385028
9071 9070513
36256 36255725
11203 11202414
40984 40983137
25877 25876087
25387 25386121
6409 6408773
37925 37924970
31717 31716163
9397 9396466
14917 14916472
41671 41670773
36392 36391930
8611 8610047
47892 47891453
23350 23349071
17971 17970769
12686 12685448
43663 43662056
34375 34374004
22265 22264774
4795 4794293
46405 46404382
13011 13010973
47863 47862995
5313 5312265
28198 28197804
15145 15144896
39037 39036120
41248 41247479
17559 17558346
9169 9168480
23577 23576805
14290 14289014
15996 15995941
13483 13482461
25815 25814420
1305 1304058
33695 33694618
23839 23838543
32046 32045191
39387 39386512
10848 10847301
3346 3345318
40500 40499708
32660 32659455
45351 45350727
22417 22416924
33246 33245796
21683 21682226
48195 48194193
7598 7597806
11507 11506007
23713 23712134
12428 12427682
46744 46743505
23348 23347177
18868 18867593
35973 35972743
32614 32613720
18729 18728035
23306 23305113
24638 24637752
2078 2077367
8882 8881994
13110 13109915
35870 35869240
40080 40079191
28560 28559492
2933 2932064
40838 40837447
11953 11952080
17783 17782359
34793 34792932
29356 29355366
5011 5010114
25943 25942526
38881 38880989
48118 48117070
895 894923
18107 18106069
22361 22360257
270 269813
39389 39388294
22898 22897286
9170 9169825
21968 21967774
15345 15344127
42052 42051614