
72810 72809714
39246 39245366
38006 38005264
64485 64484116
53554 53553731
77828 77827619
64964 64963398
78803 78802984
44253 44252146
9583 9582689
17213 17212010
79507 79506561
58761 58760325
87071 86098738
80198 80197794
55284 55283029
8494 8493787
81487 81486200
56399 56398849
4824 4823201
26104 26103159
89548 89911656
41526 41525161
59039 59038549
90570 90569932
80683 80682380
26419 26418556
81137 81136997
21048 21047330
69902 69901890
34426 34425212
30144 30143837
32054 32053639
85762 85761821
49240 49239245
96978 96977914
4195 4194470
71176 71175983
24303 24302912
94974 94973377
87360 87359856
81773 81772911
101451 101450305
102555 102554754
103791 103790589
38556 38555560
16206 16205277
55751 55750358
29047 29046731
69542 69541899
54805 54804555
65567 65566454
49252 49251520
3488 3487891
94708 94707696
77687 77686434
12990 12989483
49437 49436316
39487 39486384
102366 102365764
86665 86664044
81209 81208999
103976 103975091
89009 89372638
70017 70016759
89945 90308931
50831 50830181
32011 32010275
98755 98754100
100455 100454992
91699 91698014
42620 42619238
1121 1120185
9109 9108204
25227 25226808
89624 89987723
9349 9348414
41000 40999270
79351 79350367
77615 77614760
83060 83059871
53470 53469814
72920 72919083
77407 77406024
87490 87489712
51255 51254329
75915 75914392
95502 95501782
74912 74911600
42447 42446924
34849 34848184
43957 43364937
27199 27198949
25917 25916706
5666 5665900
31015 31014036
71232 71231900
92588 92587722
55337 55336650
58250 58249820
84267 84266290
12582 12581367
22445 22444709
74849 74848004
52040 52039212
80571 80570249
56197 56196822
40102 40101982
62428 62427739
100909 100908056
5577 5576131
32734 32733806
82674 82673151
50885 50884076
65675 65674907
62941 62940629 62940893
40226 40225948
45013 45012106
17340 17339653
24450 24449849
106441 106440093
31205 31204861
37985 37984828
78997 78996902
65099 65098271
20685 20684655
26312 26311885
85668 85667590
12827 12826271
20958 20957760
31718 31717185
10205 10204657
100228 100227424
18600 18599326
49984 49983337
90723 90722776
56879 56878331
49396 49395125
91526 91525475
81097 81096269
99437 99436655
80670 80669292
16644 16643805
61370 61369797
52723 52722621
95020 95019061
81526 81525746
41100 41099583
8495 8494206
2757 2756766
54008 54007157
41204 41203695
91939 91938059
78006 78005081
65558 65557223
83894 83893196
62914 62913696
90943 90942676
17359 17358414
65844 65843534
11265 11264037
34312 34311482
73400 73399994
11061 11060956
82395 82394382
25832 25831538
31633 31632656
27241 27240446
77007 77006946
18626 18625502
7710 7709526
84815 84814115
21787 21786074
72576 72575631
88567 88930580
5435 5434512
34333 34332159
93500 93499013
63902 63901040
54171 54170274
44969 44968230
92704 92703166
72779 72778373
2488 2487540
42979 42978272
5048 5047394
33980 33979329
74604 74603963
55963 55962778
37424 37423763
20428 20427082
5222 5221668
76204 76203140
99052 99051517
81885 81884977
70283 70282955
79297 79296828
51219 51218817
82683 82682835
19259 19258851
57328 57327925
18792 18791055
60041 60018291
88353 88716073
45860 45859879
8463 8462603
35332 35331458
65403 65402337
89384 89747585
77470 77469882
54001 54000123
3761 3760518
59990 59989048
11793 11792520
4309 4308096
43108 43107309
106669 106668785
90444 90443019
79350 79349170
46881 46880286
99353 99352191
14167 14166677
96460 96459317
28252 28251885
76351 76350342
26251 26250269
43205 43204507
80309 80308385
4565 4564307
46203 46202465
70123 70122057
72487 72486638
45029 45028634
33726 33725904
12565 12564700
63357 63356804
106949 106948954
40648 40647707
36264 36263890
4904 4903345
105367 105366345
56415 56414948
38456 38455647
69059 69058936
10350 10349159
104704 104703062
57794 57793826
57011 57010042
48538 48537352
41919 41918755
63055 63054052
102961 102960014
36067 36066747
42274 42273927
36315 36314149
55191 55190081
88261 88624573
46024 46023178
90708 90707070
6304 6303250
90159 90158745
3890 3889685
102781 102780490
88586 88949939
72193 72192025
12701 12700579
8204 8203220
73696 73695424
80152 80151804
49708 49707002
6569 6568252
91493 91492568
98366 98365058
7663 7662497
104727 104726299
20913 20912746
101467 101466912
25363 25362584
13448 13447215
84525 84524281
25084 25083124
102899 102898030
33203 33202001
50569 50568842
64861 64614120
101400 101399588
1475 1474123
44057 44056602
67244 67243774
68674 68673251
82250 82249922
23080 23079415
6862 6861544
40194 40193228
106331 106330771
55577 55576354
11190 11189936
65118 65117030
36032 36031258
17671 17670556
42975 42974677
64394 64393643
36165 36164836
104989 104988190
16169 16168983
77886 77885679
29053 29052917
59768 59045567
35387 35386504
105812 105811259
94393 94556650
83209 83208935
85164 85163659
31663 31662224
84477 84476119
68075 68074880
11040 11039256
55705 55704482
85964 85963570
23192 23191675
19472 19471409
79847 79846364
102161 102160163
3936 3935487
102348 102347220
40011 40010176
33294 33293809
89437 89800643
67377 67376074
29924 29923761
39424 39423379
101459 101458870
82238 82237178
47531 47530190
94216 94379772
89636 89999354
98813 98812476
26965 26964445
62700 62699349
55222 55221423
72598 72597863
6182 6181495
50504 50503891
1566 1565063
97141 97140627
36592 36591392
31120 31119816
34069 34068026
91213 91212928
98894 98893089
105265 105264511
85926 85925439
41299 41298959
815 814233
102939 102938256
4637 4636615
37297 37296826
20882 20881489
19975 19974823
26881 26880430
39861 39860782
81341 81340150
92386 92385687
96351 96350879
20270 20269901
49410 49409015
22313 22312042
96001 96000027
51424 51423028
91118 91117908
58952 58951627
31563 31562824
47722 47721641
7266 7265298
2704 2703387
104517 104516013
59948 59947917
105790 105789687
29461 29460599
18057 18056255
72814 72813605
8320 8319498
89800 90163448
38369 38368660
29490 29489448
86182 86181732
100508 100507784
77551 77550002
15418 15417289
82785 82784425
46573 46572748
42889 42888714
77519 77518862
17502 17501957
8485 8484627
76265 76264306
32020 32019727
52172 52171771
39802 39801930
92942 92941363
28129 28128379
86670 86669247
81269 81268672
62084 62083437
13481 13480098
27875 27874781
8220 8219399
97454 97453856
85046 85045738
77120 77119470
39835 39834210
9197 9196314
53459 53458329
92769 92768722
40955 41546882
39927 39926721
11643 11642180
6676 6675034
52327 52326336
64966 64965955
77200 77199620
71596 71595575
72924 72923068
75981 75980786
17080 17079334
94753 94810443
7100 7099524
46562 46561802
71092 71091973
29204 29203881
53895 53894409
63195 63194417
105302 105301163
79243 79242122
100215 100214211
98731 98730069
63965 63964664
83505 83504553
33242 33241334
94773 94772264
9649 9648716
95829 95828111
56828 56827147
33838 33837645
19000 18999972
95078 95077737
105836 105835011
77843 77842245
431 430853
50629 50394825
62971 62970320
81468 81467024
79863 79862278
28419 28418477
34904 34903758
1632 1631573
23535 23534156
67146 67145532
6246 6245045
106846 106845389
31966 31965891
106091 106090778
36306 36305503
93541 93540179
75204 75203107
100775 100774058
24892 24891246
55849 55848915
87722 87721905
99276 99275067
87441 87440837
57253 57252138
90000 90363112
52198 52197593
69901 69900419
34736 34735096
47078 47077425
20689 20688520
53195 53194811
89869 90232772
44534 44533352
32614 32613994
15010 15009660
49759 49758013
85986 85985136
11752 11751120
51344 51343643
24720 24719950
61957 61956134
8214 8213769
97621 97620305
91465 91464460
7637 7636448
42715 42714204
39127 39126243
77129 77128793
76319 76612888
86358 86357233
97588 97587846
11416 11415477
48788 48787820
47361 47360292
62573 62572795
65650 65649670
43569 43568620
25746 25745642
44441 44440447
52108 52107281
83605 83604957
75345 75344739
33466 33465445
83349 83348803
16596 16595647
74804 74803308
69385 69384878
19498 19497347
100631 100630181
43399 43320877
34220 34219850
45219 45218571
52797 52796343
71979 71978015
3374 3373872
64499 64498305
65500 65499310
99538 99537150
49936 49935410
29932 29931874
82598 82597760
99126 99125414
59475 59474131
28772 28771399
55178 55177430
13553 13552722
20826 20825901
43038 43037426
57464 57463904
93429 93428933
3929 3928212
22715 22714997
71105 71104650
82211 82210961
55457 55456776
85451 85450594
24789 24788681
62070 62069927
21485 21484806
37822 37821590
47238 47237317
65815 65814044
69527 69526203
23873 23872775
74203 74202408
89277 89640430
70040 70039026
13555 13554279
61766 61765044
93509 93508733
97624 97623559
106242 106241839
44799 44798940
41599 41598996
6156 6155147
74833 74832652
53786 53785332
90641 90640149
98421 98420342
76811 76810995
63179 63178792
82198 82197162
77948 77947599
57141 57140863
47365 47364889
72720 72719862
87549 87548054
19299 19298278
66386 66385715
4078 4077370
6374 6373627
90940 90939818
102800 102799830
25948 25313291
56544 56543040
33533 33532023
2622 2621414
48286 48285018
44433 44432853
63636 63635947
15507 15506280
45016 45015640
68587 68586861
37093 37092979
56373 56372231
55997 55996660
4550 4549443
55649 55648886
104743 104742546
7938 7937373
91656 91655053
65187 65186336
99412 99411182
5935 5934628
85901 85900582
85597 85596137
25150 25149740
24415 24414800
81138 81137718
65094 65093132
7194 7193686
62122 62121433
106063 106062130
3752 3751136 3751512
80885 80884537
95095 95094594
24771 24770597
70257 70256457
95084 94867956
52027 52026123
27862 27861905
95777 94968551
26489 26488983
47286 47285479
45646 45645757
1594 1593678
77364 77363620
68558 68557252
11494 11493967
13943 13942604
39793 39792196
53358 53357412
104746 104745325
67444 67443469
34563 34562722
43787 43786498
105157 105156287
2493 2492453
51157 51156039
86903 86092623
50373 50372453
18388 18387857
55057 55056608
42451 42450504
70134 70133987
5463 5462829
37509 37508075
35663 35662379
78379 78378021
80207 80206876
46175 46174042
73329 73328797
69356 69355691
76653 76652560
32787 32786201
92179 92178790
101351 101350947
7236 7235647
21740 21739338
58602 58601277
96754 96753885
24822 24821002
44571 44570731
42783 42782829
2568 2567159
22978 22977953
45348 45347688
8787 8786305
43001 43000491
4365 4364318
90191 90190490
29279 29278080
40639 40638841
11945 11944277
19864 19863044
98579 98578934
39834 39833687
54494 54493786
59688 59687058
80841 80840439
88546 88909532
37868 37867553
96129 96128442
66338 66337945
30519 30518461
66189 66188483
83539 83538577
40121 40120843
9247 9246803
94418 94581964
72446 72445559
32411 32410252
45155 45154604
92171 92170781
92252 92251946
60740 60739328
100825 100824423
97905 97904724
53231 53230394
67767 67766590
31645 31644091
102686 102685960
34060 34059313
10729 10728013
84116 84115580
62329 62328250
84069 84068623
66439 66438137
63340 63339255
12457 12456517
99620 99619509
183 182629
69396 69395002
75205 75204321
30097 30096300
73937 73936985
29059 29058496
54985 54984792
1749 1748587
103327 103326112
76735 76734840
21455 21454110
55975 55974250
12469 12468069
105444 105443422
100927 100926175
106377 106376640
93913 93912582
79517 79516560
68641 68640415
36597 36596739
21882 21881033
30992 30991096
73689 73688016
68386 68385966
24832 24831545
37701 37700416
96233 96232327
76221 76220237
55671 55670605
23886 23885299
45935 45714870
93404 93403759
75351 75350818
99062 99061298
102993 102992649
43071 43070070
52136 52135510
76752 76751714
33651 33650093
5402 5401705
60458 60457718
55080 55079725
83719 83718022
54917 54916890
106561 106560862
71417 71416567
23705 23704292
31114 31113880
3410 3409395
63973 63972008
39845 39844268
24552 24551578
95314 95313649
8743 8742652
75853 75852598
42266 42265762
27440 27439343
40141 40140727
49100 49099572
93555 93554418
69552 69551304
15365 15364894
9427 9426604
84926 84925876
68719 68718031
81623 81622201
88521 88884787
4601 4600360
75549 75548193
105448 105447728
66311 66310916
40036 40035067
4329 4328954
41141 41598886
16492 16491608
64544 64543963
89525 89888701
69128 69127900
49391 49390981
53165 53164135
43822 43821070
63013 63012588
24674 24673610
41813 41812083
86479 86062260
2889 2888784
42607 42606527
98263 98262646
89511 89874896
58399 58398093
80478 80477790
94386 94549093
35265 35264210
79678 79677434
53095 53094231
27882 27881691
74270 74269328
43624 43623199
66864 66863816
13916 13915711
10727 10726931
97945 97944243
105441 105440670
49816 49815478
62438 62437488
89344 89707173
11684 11683283
67812 67811453
18821 18820579
6529 6528355
57472 57471938
105173 105172916
67399 67398745
36445 36444148
84232 84231293
70713 70712593
102950 102949893
70932 70931772
43510 43509234
98222 98221866
74385 74384829
45359 45358324
17549 17548935
38210 38209734
35295 35294043
77961 77960760
40455 40454576
18150 18149189
50306 50305738
31666 31665963
61706 61705496
31011 31010984
19019 19018030
27224 27223011
68381 68380638
81625 81624497
83696 83695017
38941 38940623
37970 37969304
28724 28723021
100997 100996024
21094 21093662
45197 45196242
13973 13972408
79307 79854222
102073 102072067
33387 33386776
85817 85816078
100977 100976610
63052 63051647
3998 3997268
48931 48930764
44609 44608010
95945 95944530
67223 67222892
91549 91548942
86834 86833949
75594 75593135
9571 9570316
89874 90237853
33404 33403937
97860 97859796
17477 17476966
49188 49187199
1800 1799664
63355 63354590
46902 46901013
81071 81070524
3275 3274095
89858 90221326
28514 28513311
50473 50472978
99609 99608559
7232 7231911
94761 94760825
10901 10900186
41026 41025311
83219 83218377
73763 73762992
33063 33062514
37881 37880791
91288 91287310
93616 93615345
72093 72092292
63296 63295443
105896 105895217
52373 52372728
97341 97340280
90079 90078845
18305 18304504
37599 37598281
79302 79301463
90961 90960067
59179 59178866
29143 29142301
10741 10740803
16514 16513124
15041 15040735
51710 51709898
42373 42372342
47662 47661258
45080 45079314
101785 101784248
81971 81970646
55949 55948294
11024 11023822
38012 38011755
65028 65027833
30936 30935122
76714 76713135
50432 50431641
71218 71217995
64316 64315155
14227 14226081
82171 82170096
16287 16286268
103966 103965983
26874 26873881
76441 76440635
72424 72423457
53132 53131136
31436 31435723
82626 82625049
100868 100867226
101570 101569114
24186 24185378
81285 81284811
99603 99602121
23220 23219844
7545 7544600
87531 87530556
24818 24817923
51006 51005101
3319 3318074
33908 33907226
51991 51990600
31119 31118175
76916 76915147
96468 96467116
49318 49317356
82207 82206829
20081 20080557
64860 64613640
86836 86835878
68554 68553183
33185 33184321
35495 35494516
106660 106659016
99634 99633745
98239 98238350
53432 53431195
74655 74654835
58742 58741007
85730 85729859
33312 33311361
18226 18225132
9494 9493567
17285 17284660
56477 56476071
29263 29262259
73588 73587386
59150 59149284
71357 71356289
17379 17378646
79865 79864970
84677 84676947
82107 82106095
94791 94818386
2934 2933778
75884 75883591
95038 95037176
16831 16830503
14780 14779316
95746 95745026
69545 69544021
36511 36510360
40647 40646845
2309 2308198
56044 56043303
36709 36708413
40759 40758287
18031 18030869
18737 18736837
71340 71339585
106375 106374026
71255 71254006
64983 64982455
50107 50106619
95339 95338187
13472 13471425
26356 26355148
66137 66136648
19483 19482873
24365 24364064
100458 100457213
81994 81993995
90949 90948990
37654 37653862
5849 5848949
81884 81883455
981 980588
48161 48160325
84183 84182717
99591 99590164
69873 69872838
20214 20213355
43786 43785301
105510 105509252
47082 47081917
78462 78461745
19454 19453462
106110 106109551
73756 73755962
99196 99195109
65679 65678494
70023 70022544
102973 102972252
16176 16175262
2479 2478153
6718 6717492
10104 10103723
66060 66059352
29831 29830588
48560 48559127
69655 69654813
88935 89298031
15477 15476010
3102 3101396
104094 104093302
71697 71696228
12085 12084689
36552 36551526
32790 32789043
26589 26588662
14478 14477360
48511 49418871
68299 68298729
48360 48359071
97026 97025693
82613 82612685
28452 28451694
5791 5790884
42754 42753986
15291 15290375
82413 82412228
94319 94482490
25793 25792787
27607 27606268
12532 12531244
40711 40710668
104119 104118173
49956 49955536
105791 105790664
75625 75624692
4325 4324922
28572 28571025
84467 84466569
14328 14327131
84078 84077901
82401 82400706
106805 106804317
3623 3622795
32012 32011583
31889 31888279
77827 77826636
97583 97582677
15836 15835705
20319 20044456
64650 64649083
92523 92522339
56652 56651333
102072 102071908
4219 4218212
14388 14387480
32396 32395068
21173 21172379
35919 35918112
48713 48712004
39937 39936875
62264 62263429
2219 2218880
63863 63862812
45738 45737234
37586 37585200
17673 17672060
7972 7971690
80441 80440562
6301 6300570
28794 28793332
68411 68410514
67408 67407861
102701 102700371
90301 90300352
32480 32479371
57749 57748129
45927 45926578
2800 2799199
87241 87240321
39772 39771563
66929 66928405
47237 47236307
15227 15226790
102496 102495242
12069 12068779
72337 72336396
103231 103230560