
122940 122939772
66843 66842054
136427 136426388
102271 102270170
83333 83332296
134102 134101345
112017 112016959
13138 13137057
111293 111292747
34119 34118040
70861 70860225
128411 128410690
18590 18589927
130671 130670618
25366 25365313
87039 87038662
108453 108452702
118499 118498631
15626 15625289
116460 116459187
68677 68676045
29208 29207757
32194 32193818
47153 47152113
20033 20032441
111342 111341051
88215 88214708
109507 109506400
108747 108746085
79163 79162705
63386 63385851
137131 137130611
125566 125565985
96576 96575752
124502 124501484
71631 71630302
99130 99129059
64348 64347932
49496 49495537
141140 141139669
128025 128024233
130756 130755997
94607 94606727
71922 71921723
51480 51479531
42927 42926220
93231 93230984
59675 59674886
56396 56395203
65507 65506617
19516 19515159
134230 134229650
141791 141790438
30629 30628773
98664 98663547
8042 8041395
22308 22307790
117895 117894517
40113 40112364
8804 8803013
22528 22527369
58295 58294472
104752 104751987
80541 80540270
106692 106691683
8116 8115152
21520 21519062
143899 143898595
37996 37995495
64189 64188257
81476 81475627
98140 98139817
45868 45867227
143694 143693864
68063 68062043
40669 40668098
36012 36011481
37743 37742715
140666 140665264
59824 59823361
131693 131692133
1529 1528573
124088 124087079
74021 74020278
19128 19127462
143243 143242590
2980 2979249
72151 72150480
6658 6657001
6897 6896856
27959 27958544 27958167
61950 61949317
47410 47409993
13211 13210996
128101 128100160
137367 137366029
99083 99082077
41851 41850443
135100 135099498
87289 87288171
79473 79472918
113294 113293574
7301 7300810
129414 129413834
86549 86548503
23559 23558912
133389 133388768
139193 139192625
86372 86371506
14242 14241497
123394 123393723
132345 132344981
98308 98307572
112747 112746525
60889 60888893
32215 32214642
127409 127408892
24358 24357327
45152 45151234
87930 87929831
122593 122592564
126918 126917374
60365 60364261
17173 17172462
100636 100635992
35408 35407639
75162 75161635
9042 9041461
65707 65706213
69779 69778228
97023 97022449
131448 131447642
122694 122693414
62174 62173759
85713 85712856
141582 141581600
95068 95067363
14881 14880278
36871 36870323
125973 125972779
30811 30810750
96593 96592840
94370 94369542
91433 91432290
88608 88607764
137231 137230715
143813 143812381
69815 69814603
114273 114272109
56618 56617349
48856 48855281
112771 112770343
110594 110593425
139081 139080085 139080081
111801 111800448
30894 30893438
32106 32105301
132342 132341463
51839 51838913
53279 53278715
110465 110464938
130142 130141297
13754 13753941
54154 54153073
102761 102760105
23271 23270489
64009 64008820
67476 67475099
19369 19368597
46295 46294259
34358 34357009
131619 131618362
10856 10855031
20095 20094182
128400 128399791
84519 84518653
52661 52660804
108616 108615779
115753 115752512
51664 51663081
38294 38293386
7338 7337265
13585 13584169
77889 77888069
31889 31888045
4325 4324795
15021 15020164
17330 17329437
22635 22634600
62515 62514683
13408 13407647
66195 66194444
36138 36137317
14541 14540595
90007 90006061
61467 61466854
44344 44343393
77662 77661489
100473 100472544
33310 33309377
15313 15312532
21114 21113681
65501 65500044
91377 91376101
218 217856
97366 97365489
98678 98677543
106695 106694249
112148 112147112
67085 67084148
9866 9865113
39893 39892633
58105 58104211
120939 120938012
99223 99222044
116693 116692628
113668 113667927
109333 109332121
134503 134502028
43645 43644701
70746 70745825
14028 14027782
123200 123199901
108214 108213469
84943 84942417
119346 119345307
23357 23356032
97857 97856686
42663 42662965
137804 137803799
37497 37496575
20210 20209267
42207 42206709
41764 41763651
22142 22141329
131828 131827565
95027 95026322
21659 21658386
128727 128726725
7721 7720106
96619 96618782
112495 112494577
15154 15153362
33415 33414020
84901 84900920
15203 15202881
133068 133067205
130901 130900149
140892 140891635
128923 128922706
118029 118028334
124510 124509465
13921 13920570
8701 8700891
50602 50601418
92659 92658639
47507 47506747
2196 2195460
84461 84460456
56359 56358449
95597 95596805 95596840
13521 13520798
50593 50592589
75963 75962795
105689 105688505
38757 38756288
83529 83528587
116078 116077107
80600 80599366
96430 96429146
140886 140885806
14267 14266155
3866 3865370
63830 63829771
62316 62315482
116877 116876977
80932 80931686
34593 34592762
75936 75935445
126965 126964270
7144 7143728
31915 31914358
105202 105201050
52654 52653565
108508 108507557
132912 132911854
55346 55345462
114884 114883854
41107 41106770
57038 57037731
74756 74755119
65081 65080638
50092 50091732
101451 101450625
106781 106780330
108729 108728940
87518 87517012
114865 114864501
133677 133676019
59089 59088514
8726 8725772
3897 3896645
12820 12819344
2772 2771974
97667 97666666
103724 103723109
78539 78538783
103833 103832723
33914 33913561
108219 108218907
10344 10343352
53783 53782067
7875 7874158
110028 110027407
28736 28735190
26883 26882774
29947 29946082
126947 126946028
130665 130664371
61891 61890020
74913 74912896
99987 99986842
24333 24332845
118847 118846243
54461 54460342
139324 139323681
30007 30006572
50086 50085528
85460 85459734
2257 2256635
79071 79070637
120950 120949471
72384 72383157
141456 141455246
51532 51531765
65820 65819473
73469 73468831
77297 77296446
37687 37686812
106199 106198433
70748 70747692
49961 49960513
84264 84263757
38719 38718845
98581 98580503
17866 17865159
72245 72244805
67193 67192998
333 332810
35073 35072925
26527 26526946
37520 37519503
120926 120925595
99970 99969294
91640 91640000
46247 46246528
81522 81521762
110047 110046029
46714 46713136
120463 120462203
93621 93620065
98408 98407575
121943 121942441
38189 38188115
112191 112190852
99146 99145475
87825 87824153
6346 6345009
113865 113864112
7739 7738369
39941 39940193
53360 53359840
76083 76082667
123839 123838786
140324 140323454
58209 58208686
109404 109403621
37231 37230731
139808 139807336
75347 75346638
13570 13569370
143343 143342911
68281 68280828
98055 98054322
104579 104578060
134123 134122601
119099 119098354
46388 46387380
58767 58766221
104213 104212176
20249 20248534
79515 79514173
63773 63772568
105349 105348629
56817 56816313
127804 127803986
69151 69150336
41816 41815372
114801 114800850
82360 82359447
58859 58858952
105163 105162553
55527 55526666
62189 62188048
69570 69569033
104024 104023051
25751 25750167
43024 43023415
36854 36853650
79933 79932212
107836 107835425
29745 29744627
105802 105801481
2447 2446362
102215 102214186
3122 3121254
127956 127955982
46412 46411342
111566 111565503
43343 43342013
31566 31565650
34889 34888113
63953 63952290
57778 57777050
44511 44510586
43548 43547544
97308 97307925
36560 36559771
111786 111785319
81999 81998613
105955 105954152
42991 42990903
124338 124337789
25277 25276385
109781 109780654
14898 14897719
127689 127688894
135591 135590888
104501 104500461
38139 38138508
112712 112711356
29492 29491052
141839 141838178
75551 75550794
85432 85431315
108560 108559293
103960 103959980
139465 139464993
67542 67541599
62338 62337624
904 903202
108844 108843756
26673 26672427
25700 25699378
116718 116717945
114061 114060493
14649 14648349
25734 25733977
9469 9468014
114672 114671390
1396 1395487
112366 112365079
2393 2392352
79485 79484958
3818 3817411
39981 39980820
42442 42441481
119103 119102957
50274 50273530
24892 24891347
110247 110246698
76478 76477688
47063 47062661
105709 105708140
113024 113023901
71058 71057513
53550 53549323
58565 58564129
124563 124562313
134623 134622883
73242 73241013
122861 122860358
88160 88159202
30562 30561725
62223 62222560
104569 104568609
11905 11904064
64259 64258367
28424 28423067
18642 18641830
69909 69908964
11484 11483379
109906 109905424
117427 117426171
103201 103200590
80848 80847913
93789 93788091
29653 29652031
92076 92075993
80301 80300478
108068 108067945
70304 70303699
97476 97475317
104022 104021167
16977 16976283
112691 112690863
48844 48843645
44789 44788255
136318 136317756
61836 61835353
137573 137572922
99172 99171264
77394 77393713
85855 85854470
46063 46062061
16300 16299372
141277 141276593
1212 1211078
55027 55026946
61475 61474073
52526 52525103
129812 129811365
114787 114786876
97144 97143265
55687 55686488
62563 62562995
40098 40097092
33556 33555205
20139 20138137
11471 11470293
83282 83281342
935 934093
71135 71134694
56382 56381827
125817 125816954
25683 25682064
34225 34224257
102055 102054029
3525 3524588
79332 79331139
16246 16245090
88882 88881039
39197 39196182
6364 6363958
61527 61526208
45740 45739152
129030 129029719
86164 86163844
101329 101328691
136075 136074236
7498 7497653
108801 108800626
67425 67424578
112595 112594935
102010 102009337
58078 58077393
95465 95464075
137681 137680540
47121 47120482
138517 138516420
54084 54083918
134941 134940742
50787 50786538
75539 75538165
45780 45779514
125616 125615768
19847 19846932
8158 8157673
112982 112981193
123674 123673154
41232 41231286
73569 73568326
129640 129639543
26450 26449560
73911 73910967
19663 19662876
47773 47772384
66287 66286082
6509 6508006
139676 139675099
40306 40305152
45127 45126949
57560 57559494
97631 97630965
81487 81486094
33162 33161133
40254 40253256
52191 52190207
102779 102778812
79468 79467935
113078 113077912
49544 49543542
26196 26195242
58727 58726508
128540 128539298
39253 39252560
143230 143229840
139576 139575300
60185 60184815
3052 3051309
80824 80823259
104365 104364267
6418 6417886
83708 83707132
89726 89725711
122516 122515658
108963 108962684
9507 9506788
127418 127417405
111618 111617434
95040 95039061
136820 136819086
15654 15653960
76395 76394823
13464 13463573
37407 37406730
7810 7809335
45753 45752670
89403 89402939
53276 53275117
40990 40989993
89313 89312693
41428 41427035
59978 59977650
13245 13244380
127240 127239865
59268 59267331
28517 28516358
82868 82867256
6723 6722448
12721 12720438
106739 106738134
29742 29741336
111385 111384664
143405 143404918
14577 14576025
96967 96966414
85818 85817264
76033 76032217
53120 53119100
3780 3779150
79740 79739950
88467 88466127
797 796124
111292 111291320
49911 49910087
65990 65989031
119324 119323758
62271 62270570
120063 120062670
106258 106257056
90175 90174802
83207 83206847
78646 78645688
62580 62579401
82519 82518561
71630 71629720
49059 49058013
18748 18747802
129884 129883382
58381 58380630
50928 50927164
35411 35410158
20832 20831396
23472 23471421
114249 114248450
133459 133458808
101502 101501593
109712 109711326
112590 112589876
77115 77114979
83761 83760799
59055 59054373
110513 110512561
71265 71264441
5344 5343704
51078 51077698
3729 3728514
98655 98654502
83519 83518440
80291 80290200
15461 15460950
71050 71049852
45087 45086113
117045 117044675
6582 6581921
82718 82717097
138701 138700518
108038 108037632
89662 89661327
114985 114984990
123209 123208109
23884 23883441
78405 78404054
94349 94348756
37965 37964964
14693 14692876
141584 141583200
15848 15847693
131719 131718224
121388 121387147
6622 6621067
66427 66426436
26934 26933284
39730 39729158
78745 78744763
35061 35060069
104104 104103137
100841 100840512
28436 28435663
139620 139619891
125719 125718221
56500 56499067
137086 137085460
68549 68548531
134098 134097723
38559 38558996
122339 122338867
8536 8535424
125179 125178208
26626 26625475
121841 121840095
22680 22679484
96429 96428034
88461 88460249
138800 138799117
103602 103601917
107220 107219451
140559 140558571
92579 92578398
71059 71058013
91676 91675184
110964 110963494
34052 34051208
92191 92190661
140268 140267653
94418 94417726
90665 90664855
93418 93417600
30944 30943770
77946 77945033
12357 12356890
58274 58273576
123908 123907116
133584 133583444
124034 124033995
22471 22470201
136119 136118522
103030 103029634
83256 83255026
35327 35326931
44156 44155242
90460 90459212
102471 102470454
99195 99194216
118468 118467392
14154 14154000
78103 78102937
133780 133779550
69890 69889759
100536 100535362
136131 136130404
18176 18175318
61389 61388844
53935 53934143
121869 121868915
53990 53989586
41713 41712907
31226 31225428
95710 95709041
30609 30608125
39503 39502728
53443 53442294
12230 12229297
128333 128332958
129902 129901502
586 585671
67400 67399909
1858 1857226
110329 110328124
89159 89158904
35075 35074432
104283 104282187
6595 6594911
126397 126396015
104244 104243803
17062 17061952
138670 138669133
17378 17377807
102771 102770039
65680 65679079
25205 25204827
24698 24697316
135390 135389920
34912 34911478
42494 42493286
130155 130154242
45143 45142435
108058 108057241
19653 19652731
111120 111119647
56393 56392822
74938 74937691
116741 116740855
141698 141697564
134963 134962747
52207 52206466
112515 112514891
120720 120719552
84249 84248760
61246 61245069
69845 69844035
62456 62455641
75606 75605923
114867 114866058
142268 142267438
78726 78725144
127560 127559713
136105 136104221
118402 118401859
6535 6534771
46223 46222761
124230 124229814
110307 110306833
122201 122200743
102571 102570235
31667 31666619
124478 124477716
128141 128140965
91357 91356516
24287 24286402
81235 81234547
51191 51190750
15290 15289547
26899 26898969
77374 77373213
102173 102172523
4075 4074401
112076 112075023
98422 98421124
123009 123008892
66113 66112298
125286 125285791
88286 88285883
113557 113556480
60829 60828863
109657 109656305
21728 21727500
28818 28817982
128015 128014183
10232 10231120
31300 31299936
10802 10801215
1916 1915304
141706 141705814
117634 117633031
8259 8258414
44987 44986380
45018 45017109
1111 1110974
111843 111842015
85531 85530358
38896 38895565
94466 94465382
56073 56072648
4693 4692126
89543 89542648
54307 54306596
42112 42111497
60463 60462312
22547 22546935
75770 75769392
4231 4230992
10661 10660864
34238 34237505
19890 19889236
52074 52073910
86927 86926776
105597 105596498
103477 103476525
67326 67325608
35981 35980077
116595 116594176
83371 83370293
21924 21923011
62210 62209106
18496 18495222
110099 110098973
93003 93002286
62721 62720167
40403 40402585
126157 126156271
128618 128617093
92163 92162998
37983 37982298
35635 35634692
48650 48649127
115260 115259594
140876 140875179
7769 7768583
105483 105482524
84440 84439283
102536 102535719
3164 3163640
56628 56627603
22662 22661160
33123 33122725
8779 8778284
121206 121205872
116180 116179977
138431 138430322
76391 76390402
12952 12951220
56933 56932361
29903 29902235
130264 130263802
40448 40447810
84257 84256527
102014 102013082
18887 18886988
67135 67134034
98892 98891062
62672 62671796
6636 6635059
63974 63973710
107591 107590031
6778 6777639
13438 13437519
97710 97709385
9922 9921786
141633 141632089
10439 10438202
14879 14878750
12951 12950093
869 868241
55213 55212863
79727 79726671
45342 45341299
115835 115834341
130630 130629723
22117 22116935
51020 51019391
132670 132669474
31079 31078591
10198 10197112
77528 77527512
141970 141969689
93374 93373007
28489 28488439
36444 36443346
24108 24107090
65458 65457852
131833 131832696
62236 62235230
98153 98152653
113847 113846548
40859 40858905
105258 105257204
57134 57133147
129795 129794879
52787 52786639
122183 122182975
117467 117466467
120131 120130223
95502 95501848
27284 27283793
78719 78718627
96099 96098443
34753 34752199
81789 81788900
102869 102868258
21692 21691256
64005 64004206
8977 8976875
40804 40803201
37197 37196349
90932 90931597
28438 28437923
64837 64836441
47922 47921889
35087 35086382
112284 112283251
34816 34815104
113413 113412853
37921 37920373
23175 23174117
8489 8488071
124079 124078275
8490 8489347