
150478 150477973
71925 71924736
56483 56482824
33781 33780121
50795 50794192
126311 126310406
155457 155456261
58499 58498576
22859 22858986
149832 149831649
127756 127755103
159774 159773294
6137 6136902
155565 155564051
24329 24328502
133283 133282154
149215 149214334
15284 15283454
51418 51417617
18868 18867274
71750 71749961
65300 65299870
130123 130122681
156243 156242458
44587 44586476
107702 107701572
780 779655
140841 140840119
124651 124650444
18922 18921040
113126 113125269
46764 46763539
44631 44630166
145116 145115567
154675 154674850
79228 79227093
139914 139913868
147947 147946188
65982 65981726
126126 126125029
12100 12099088
115665 115664524
67904 67903349
86232 86231435
47466 47465265
32878 32877403
150003 150002899
38343 38342401
9715 9714361
138250 138249803
59661 59660080
2830 2829205
61677 61676557
93099 93098314
45549 45548552
57726 57725871
49270 49269038
159982 159981774
68223 68222141
29044 29043878
40737 40736737
139456 139455276
156355 156354451
12538 12537742
104593 104592958
20948 20947020
79822 79821540
78555 78554957
109191 109190958
1808 1807471
1763 1762964
18110 18109748
363 362351
149651 149650264
37975 37974821
101148 101147056
133554 133553583
28745 28744455
84224 84223090
66827 66826157
25628 25627133
135790 135789060
137272 137271279
106066 106065985
104513 104512424
11238 11237477
17981 17980996
126329 126328028
132590 132589806
140994 140993554
104916 104915081
74326 74325034
144416 144415714
148839 148838698
62348 62347063
122231 122230559
40340 40339901
105020 105019252
84144 84143798
125099 125098851
72003 72002661
124342 124341656
55981 55980796
73994 73993035
33157 33156938
108779 108778098
79196 79195041
90603 90602138
114672 114671674
37016 37015679
67650 67649124
140400 140399375
6262 6261587
132035 132034077 132034164
14130 14129267
154530 154529090
4923 4922538
102785 102784426
44311 44310745
124497 124496212
120515 120514843
97608 97607459
85115 85114286
31982 31981749
155176 155175631
84568 84567663
122105 122104304
27396 27395880
25712 25711802
64755 64754648
51546 51545520
79244 79243904
79673 79672425
119411 119410558
100073 100072168
52638 52637114
15803 15802944
140389 140388808
71568 71567692
118297 118296466
123203 123202535
10719 10718826
151193 151192908
154108 154107664
98772 98771411
154724 154723229
35536 35535179
95463 95462798
87341 87340283
19420 19419428
121191 121190210
5385 5384169
28424 28423007
25950 25949848
94898 94897320
46126 46125021
12547 12546178
72245 72244822
140855 140854915
66578 66577909
136950 136949238
58371 58370877
433 432626
8544 8543362
89029 89028639
139357 139356251
75839 75838772
149337 149336524
81806 81805581
142922 142921798
104979 104978294
38140 38139016
20706 20705012
111436 111435224
46920 46919963
69461 69460641
127043 127042350
98096 98095522
39659 39658559
105228 105227356
50113 50112923
114525 114524538
18124 18123069
57931 57930413
48040 48039701
129904 129903534
91966 91965695
60407 60406543
150339 150338118
33580 33579426
14009 14008945
139753 139752466
132410 132409559
12709 12708931
47211 47210638
100578 100577793
97014 97013649
96299 96298329
155628 155627841
47795 47794725
16104 16103484
121203 121202075
26714 26713340
131555 131554310
37658 37657135
146214 146213141
128190 128189641
75907 75906266
41547 41546079
51722 51721592
130212 130211345
147327 147326724
113646 113645926
66181 66180325
110910 110909542
132547 132546424
20190 20189579
30075 30074364
136019 136018090
59465 59464138
101559 101558223
110393 110392731
43069 43068095
10399 10398981
153663 153662565
46564 46563176
67516 67515726
154002 154001219
153208 153207527
109632 109631072
157017 157016690
5282 5281587
159054 159053081
139363 139362142
106771 106770919
68723 68722950
56570 56569198
48915 48914597
32004 32003167
113965 113964725
16536 16535074
110195 110194271
146812 146811812
7216 7215153
4694 4693657
145366 145365536
88005 88004491
89648 89647653
128955 128954421
124298 124297542
77464 77463998
98898 98897231
99809 99808820
78194 78193395
135961 135960845
37935 37934307
137227 137226378
107963 107962575
98664 98663212
15174 15173379
27054 27053604
99389 99388897
10440 10439882
87832 87831681
93472 93471742
3347 3346274
142425 142424012
132363 132362591
102720 102719621
139682 139681516
137618 137617511
44425 44424178
126008 126007104
69185 69184816
26749 26748517
110756 110755122
83030 83029711
72101 72100011
91514 91513865
110354 110353514
48089 48088883
19703 19702414
41633 41632053
89498 89497037
108860 108859785
141313 141312766
40373 40372556
101694 101693322
136749 136748236
56308 56307158
160105 160104614
101733 101732386
151077 151076150
77967 77966019
76187 76186355
26907 26906837
81256 81255430
63478 63477297
50439 50438462
89558 89557941
124015 124014884
10930 10929897
113108 113107907
52352 52351994
2406 2405441
44316 44315831
107421 107420103
142659 142658724
1183 1182735
151155 151154471
145696 145695887
4085 4084669
124400 124399723
106657 106656781
112230 112229163
145653 145652463
53472 53471252
42266 42265194
152073 152072859
26958 26957419
145357 145356517
6541 6540088
57569 57568057
69016 69015211
40249 40248048
74102 74101997
131783 131782028
49415 49414545
48808 48807953
18406 18405584
155707 155706229
106706 106705435
59293 59292518
26311 26310557
53916 53915134
121871 121870560
5761 5760065
158877 158876007
126629 126628135
1610 1609866
37496 37495600
160896 160895902
61419 61418946
50706 50705713
105474 105473234
128570 128569747
14982 14981966
65500 65499620
71607 71606928
114038 114037182
123582 123581926
7846 7845669
101482 101481011
49616 49615443
12940 12939324
60053 60052760
28985 28984661
158746 158745178
105073 105072053
85311 85310775
83681 83680601
42221 42220959
76010 76009925
48298 48297255
61740 61739727
124352 124351712
153614 153613304
97604 97603778
28564 28563195
3398 3397763
25631 25630049
46534 46533066
1100 1099258
89565 89564405
28938 28937461
96645 96644136
108818 108817531
102861 102860795
74881 74880376
132159 132158057
82641 82640061
20282 20281058
140018 140017422
17532 17531299
72271 72270796
70376 70375508
121805 121804339
68802 68801146
114802 114801919
26941 26940141
140207 140206020
102312 102311708
91127 91126949
34638 34637882
21591 21590819
101335 101334809
45083 45082467
18218 18217870
63928 63927280
6495 6494776
141765 141764836
106463 106462801
29614 29613495
102311 102310239
122836 122835502
148828 148827759
97179 97178342
106558 106557456
54199 54198681
58501 58500547
98159 98158761
101613 101612183
118249 118248482
72268 72267963
112612 112611444
46000 45999021
49963 49962132
9203 9202605
28255 28254629
75479 75478880
120834 120833454
77610 77609640
41286 41285493
96531 96530803
98626 98625302
117099 117098086
126451 126450641
120826 120825615
104485 104484515
82172 82171386
24950 24949960
129935 129934802
48162 48161137 48161766
135253 135252845
66660 66659042
50864 50863376
153381 153380882
23819 23818744
56827 56826588
76618 76617002
79536 79535372
5657 5656916
48454 48453055
19707 19706912
131763 131762366
99115 99114463
90641 90640632
29717 29716964
44165 44164629
104835 104834053
50087 50086454
116317 116316110
18632 18631872
135240 135239950
126185 126184631
12147 12146485
29685 29684962
12354 12353079
80491 80490621
92204 92203018
66224 66223895
80349 80348752
95890 95889829
118597 118596194
43808 43807814
27573 27572695
159293 159292851
154288 154287647
78610 78609859
5723 5722671
106168 106167075
92070 92069969
83711 83710915
135940 135939919
147419 147418294
102012 102011729
81306 81305005
52859 52858721
158418 158417737
79367 79366707
140029 140028383
47549 47548322
56569 56568597
96912 96911071
114479 114478163
16141 16140962
138289 138288633
130117 130116359
5695 5694073
48751 48750369
92710 92709147
104234 104233473
64032 64031089
104714 104713477
112874 112873911
154264 154263540
149459 149458433
70487 70486815
121286 121285754
6758 6757257
50926 50925329
158294 158293214
130552 130551372
32886 32885660 32885354
93633 93632825
91614 91613155
117177 117176892
20943 20942257
101799 101798308
10050 10049537
45085 45084364
32762 32761266
119029 119028394
98245 98244451
101111 101110592
53827 53826833
27264 27263768
87108 87107698
108470 108469871
79688 79687801
55611 55610360
31055 31054463
9629 9628463
30105 30104818
73899 73898516
57953 57952107
30358 30357252
27606 27605189
69893 69892511
138044 138043732
14418 14417593
147434 147433633
117991 117990627
30440 30439802
100909 100908492
7096 7095554
156526 156525025
137263 137262580
52430 52429340
131684 131683324
127506 127505004
157899 157898423
103788 103787556
109283 109282200
76547 76546341
39517 39516198
138114 138113976
16857 16856715
37414 37413616
44594 44593029
104305 104304550
157619 157618281
97227 97226976
79945 79944091
7228 7227506
11860 11859512
42055 42054367
115778 115777548
149077 149076544
125440 125439356
62103 62102321
75909 75908410
79318 79317101
72634 72633765
153869 153868492
19536 19535566
138612 138611263
105300 105299256
103172 103171072
128070 128069713
42922 42921553
106198 106197881
119958 119957163
144799 144798861
75487 75486445
33102 33101539
29251 29250271
29648 29647568
143192 143191392
36709 36708613
117552 117551361
159866 159865599
87680 87679793
37770 37769675
84271 84270898
76431 76430115
72112 72111518
29015 29014573
157174 157173978
55476 55475487
55018 55017759
65997 65996511
99373 99372124
60302 60301808
150619 150618336
22768 22767020
43283 43282222
151507 151506653
116679 116678174
26173 26172256
110107 110106675
20654 20653520
17819 17818543
97694 97693087
80455 80454739
59009 59008017
88631 88630625
100103 100102033
69262 69261276
100784 100783860
151514 151513654
154612 154611304
57160 57159080
90912 90911263
78027 78026345
141424 141423807
143511 143510917
38062 38061449
143975 143974570
42383 42382092
86294 86293185
114793 114792642
103972 103971479
59588 59587634
29279 29278890
111298 111297687
93830 93829502
90430 90429885
124432 124431479
82778 82777804
151904 151903192
32083 32082835
114235 114234444
113833 113832140
95284 95283491
58756 58755131
156159 156158789
43543 43542732
109516 109515877
67911 67910325
125971 125970243
55097 55096607
112667 112666250
38599 38598632
99797 99796879
149491 149490336
96128 96127640
27847 27846925
20773 20772939
126037 126036703
69536 69535912
32658 32657690
75506 75505806
79739 79738832
30657 30656326
119085 119084241
83441 83440465
130822 130821200
87797 87796730
160494 160493536
104344 104343326
12730 12729694
49026 49025379
135243 135242648
32602 32601458
66406 66405205
28421 28420719
55608 55607036
27561 27560103
149951 149950856
140021 140020862
8301 8300613
26168 26167155
121689 121688781
129509 129508900
119050 119049795
71586 71585999
12438 12437391
89541 89540852
74975 74974279
88505 88504327
99535 99534860
117921 117920296
134452 134451353
69378 69377167
63159 63158130
130740 130739338
10248 10247147
83406 83405014
130011 130010154
91683 91682267
60335 60334931
9506 9505077
145886 145885123
159175 159174118
38720 38719115 38719365
74491 74490515
103362 103361277
24285 24284338
41603 41602381
122644 122643953
122031 122030632
123412 123411751
138772 138771247
115985 115984912
76135 76134738
154455 154454367
85 84810
77979 77978912
82774 82773886
97956 97955478
23170 23169325
1965 1964471
102451 102450658 102450803
128933 128932942
3804 3803714
35912 35911543
152047 152046705
109742 109741997
94911 94910954
78476 78475126
94824 94823001
152810 152809274
1973 1972656
95827 95826467
57204 57203308
37470 37469256
18402 18401284
58114 58113886
100755 100754525
43506 43505535
146306 146305863
107213 107212016
48989 48988251
64113 64112593
152197 152196197
123824 123823398
67400 67399645
93257 93256276
40539 40538342
49220 49219159
63072 63071257 63071491
35557 35556716
133227 133226219
103112 103111011
157930 157929896
28433 28432959
39013 39012960
122282 122281898
6505 6504040
72732 72731826
110727 110726461
87385 87384428
157520 157519088
24120 24119253
75601 75600440
137570 137569955
157498 157497444
66621 66620964
46118 46117578
135565 135564822
126564 126563785
8436 8435862
91035 91034477
39493 39492766
99288 99287726
68858 68857005
70981 70980669
134205 134204640
6382 6381816
90499 90498840
82170 82169343
140397 140396806
80474 80473955
60003 60002524
23347 23346096
28484 28483291
17790 17789214
145107 145106324
152469 152468015
141337 141336756
2440 2439667
149944 149943131
111840 111839196
125765 125764327
6203 6202760
60609 60608678
73352 73351129
125936 125935480
50762 50761715
65891 65890248
134034 134033441
72593 72592604
141117 141116224
105264 105263836
74258 74257239
12926 12925341
66163 66162628
12184 12183525
104334 104333770
40786 40785982
152337 152336778
94822 94821619
136296 136295595
148963 148962948
40654 40653879
62803 62802711
89058 89057661
19590 19589570
74117 74116555
118369 118368535
100508 100507897
7756 7755354
98990 98989537
122902 122901099
131168 131167084
104531 104530971
137052 137051945
4507 4506190
144511 144510739
81046 81045565
146163 146162647
160296 160295027
32034 32033206
120107 120106758
149234 149233045
36474 36473081
3254 3253253
137590 137589907
82506 82505667
69043 69042519
106063 106062486
21370 21369819
109948 109947445
107570 107569763
51616 51615509
41133 41132648
152478 152477170
10432 10431079
45742 45741912
36670 36669947
120538 120537645
82975 82974850
30983 30982777
30505 30504932
125096 125095243
15016 15015581
35559 35558388
19390 19389920
127623 127622226
102455 102454247
43947 43946237
24942 24941121
57602 57601971
100250 100249220
77716 77715126
72311 72310324
33226 33225875
117477 117476082
198 197784
64738 64737974
23075 23074659
104450 104449512
117215 117214143
148467 148466448
31088 31087447
135496 135495209
113178 113177080
136720 136719595
67476 67475643
26497 26496348
50283 50282548
137575 137574325
40222 40221600
87043 87042473
66559 66558254
38585 38584010
113046 113045707
44489 44488953
51981 51980220
426 425836
77147 77146413
139329 139328891
79444 79443358
144654 144653116
125669 125668592
145861 145860926
17575 17574225
111048 111047830
100097 100096547
117046 117045687
44124 44123707
113739 113738385
71989 71988644
29013 29012020
13466 13465699
21053 21052265
140961 140960587
66430 66429837
89650 89649635
51912 51911494
74325 74324318
96729 96728167
102909 102908861
143331 143330540
32712 32711542
125776 125775394
131618 131617706
3610 3609501
130473 130472195
69369 69368599
70149 70148038
34175 34174671
146477 146476708
30187 30186626
34630 34629564
7563 7562274
158411 158410894
103813 103812166
49528 49527642
64644 64643126
119685 119684440
57024 57023730
34206 34205591
106341 106340058
46856 46855860
73699 73698588
116763 116762865
6493 6492485
123096 123095841
101434 101433514
25051 25050505
89039 89038364
46896 46895063
16871 16870721
106488 106487397
141750 141749658
84759 84758244
101206 101205599
74096 74095795
35090 35089594
157030 157029331
67423 67422898
52854 52853700
89533 89532753
81894 81893833
70946 70945742
80572 80571498
82205 82204759
103260 103259652
81059 81058188
77576 77575383
37642 37641588
80398 80397909
121291 121290438
57225 57224451
49422 49421339
27413 27412614
82111 82110247
85934 85933036
66112 66111613
45472 45471198
93816 93815629
104675 104674048
5404 5403095
108931 108930091
133878 133877707
62762 62761424
79883 79882023
150681 150680587
23060 23059228
127602 127601588
90877 90876903
19213 19212234
33834 33833872
121332 121331046
25976 25975993
107486 107485473
2358 2357505
113818 113817569
31254 31253142
43165 43164719
109792 109791263
97121 97120068
67511 67510867
14962 14961742
160298 160297691
28857 28856642
102108 102107091
80918 80917001
18128 18127158
30272 30271150
20115 20114930
153391 153390724
43809 43808353
108825 108824793
9596 9595450
94704 94703996
13943 13942533
114863 114862918
71201 71200922
28271 28270993
91353 91352659
89014 89013448
157167 157166691
61326 61325839
155649 155648900
139113 139112022
102390 102389262
128215 128214790
90705 90704318
73425 73424444
152043 152042618
73232 73231102
42265 42264519
42703 42702920
59872 59871286
156967 156966628
47503 47502702
153980 153979902
58610 58609999
137326 137325539
105317 105316986
102371 102370974
49030 49029398
64317 64316460
2563 2562832
87645 87644698
42653 42652788
8835 8834037
109924 109923688
60488 60487531
59793 59792135
34153 34152612
137480 137479147
72223 72222889
138930 138929447
42106 42105006
6073 6072265
79058 79057044
140953 140952774
58080 58079055
58829 58828356
8766 8765963
48962 48961395
77957 77956965
125031 125030944
44646 44645701
118989 118988954
47176 47175496
124799 124798277
143222 143221363
48472 48471194
21971 21970292
154390 154389672
15559 15558321
61657 61656440
20379 20378164
64388 64387336
49138 49137803
83442 83441249
65400 65399075
128465 128464893
222 221147
148746 148745428
111391 111390121
50077 50076951
123379 123378702
1197 1196840
9751 9750157
100049 100048370
140350 140349542
128552 128551697
137214 137213930
33876 33875843
146817 146816066
135769 135768744
66709 66708215
148507 148506779
79341 79340473
60937 60936944
59945 59944683
141818 141817284
8038 8037607
79286 79285787
81375 81374710
137320 137319139
1720 1719054
52634 52633920
100904 100903945
110925 110924119
25343 25342237
110531 110530866
128268 128267355
83897 83896265
17743 17742668
5353 5352564
148016 148015226
141738 141737781
118014 118013012
2473 2472369
54522 54521533
110157 110156310
48735 48734821
56478 56477312
16198 16197838
86510 86509553
103206 103206000
126912 126911292
6543 6542172
4880 4879671
53374 53373168
131565 131564825
125706 125705666
141485 141484925
19417 19416909
113822 113821998
9103 9102010
83774 83773241
10989 10988715
62260 62259752
110664 110663664
16046 16045020
106242 106241263
33340 33339217
92377 92376711
134725 134724270
88098 88097026
132540 132539938
18485 18484749
874 873007
65713 65712570
26060 26059267
22644 22643030
104422 104421096
7774 7773917
48385 48384307
13874 13873142
88492 88491946
75676 75675034
26585 26584558
30989 30988894
62731 62730463
77900 77899911
125661 125660584
76288 76287270
22787 22786652
67809 67808462
47700 47699503
37832 37831645
133847 133846604
34724 34723794
99353 99352867
94187 94186906
104502 104501584
26421 26420747
21508 21507398
58572 58571053
23799 23798985
105701 105700815
155083 155082642
112412 112411887
98557 98556482
9978 9977463
94923 94922341
48506 48505623
8091 8090731
98780 98779561
131951 131950132
51514 51513017
41258 41257123
150304 150303766
68868 68867704
84866 84865178
38763 38762366
33568 33567045
157647 157646888
157936 157935058
24008 24007565
16550 16549361
69658 69657699
155480 155479435
155928 155927546
117531 117530377
97907 97906879
70576 70575310
11633 11632798
101472 101471049
138352 138351989
3313 3312716
43792 43791774
29814 29813783
126144 126143014
138031 138030111
121835 121834173
38372 38371718
159391 159390807
132368 132367540
121028 121027906
93994 93993578
52192 52191287
42278 42277770