
416344 416343959
493407 493406151
1537 1536948
445386 445385971
381606 381605556
172319 172318906
481985 481984580
303850 303849919
412204 412203084
441162 441161826
454043 454042624
164550 164549479
489086 489085490
416259 416258957
106672 106671470
317255 317254776
453502 453501976
486888 486887559
382447 382446758
160982 160981871
45158 45157478
485193 485192251
6832 6831052
360807 360806243
243346 243345036
388907 388906867
154661 154660247
292787 292786587
223430 223429074
472563 472562316
429913 429912504
155049 155048147
12570 12569049
248861 248860105
484917 484916718
37781 37780569
406703 406702692
216578 216577296
101546 101545279
55324 55323239
15651 15650291
13786 13785516
313975 313974561
175872 175871961
262335 262334001
787 786958
155537 155536433
422680 422679738
369773 369772974
379219 379218221
440885 440884431
142447 142446749
139529 139528354
228246 228245698
298065 298064858
250194 250193828
233212 233211538
256496 256495708
219516 219515288
362268 362267611
79228 79227236
479486 479485242
133918 133917807
177213 177212601
48812 48811976
383848 383847336
425501 425500979
19303 19302702
283943 283942045
229852 229851067
496291 496290165
80160 80159706
193392 193391972
359675 359674431
62907 62906549
368299 368298661
225580 225579063
475905 475904373
317725 317724925
317158 317157626
6223 6222287
90786 90785505
275871 275870042
164390 164389403
455467 455466874
128731 128730401
384594 384593826
103735 103734469
487618 487617588
250645 250644494
300952 300951377
491793 491792761
223016 223015506
41464 41463165
30351 30350652
207404 207403327
148989 148988343
95519 95518541
49151 49150920
284296 284295294
465339 465338246
14737 14736183
417560 417559820
265663 265662900
377174 377173372
25973 25972035
420439 420438773
442820 442819622
354936 354935725
208347 208346712
284516 284515762
157211 157210265
295484 295483819
458636 458635297
464376 464375944
173634 173633122
258979 258978928 258978467
285122 285121903
420783 420782293
123771 123770305
58340 58339546
115944 115943073
323682 323681630
409938 409937660
396622 396621231
137186 137185107
487538 487537130
365767 365766881
176631 176630357
183660 183659414
322664 322663542
499907 499906949
98344 98343850
324628 324627906
101864 101863353
268406 268405367
470792 470791135
148405 148404882
61700 61699744
34180 34179152
265636 265635223
124999 124998555
303616 303615091
215298 215297944
448898 448897960
99058 99057282
215107 215106914
329087 329086598
10501 10500277
270266 270265107
434789 434788091
123268 123267359
181935 181934193
444543 444542357
34081 34080508
44435 44434393
227715 227714575
301195 301194131
94169 94168568
128168 128167542
25618 25617725
39636 39635383
387075 387074418
108956 108955205
450118 450117449
360336 360335382
39472 39471712
52754 52753582
299728 299727183
130171 130170238
238278 238277164
311105 311104555
312439 312438828
322541 322540856
295987 295986222
280052 280051300
90091 90090407
246403 246402086
289435 289434906
27942 27941206
343509 343508805
489388 489387305
394274 394273722
314405 314404461
83752 83751089
331313 331312427
475531 475530584
211270 211269099
460068 460067646
426432 426431918
441292 441291050
75106 75105940
476114 476113743
469383 469382805
410081 410080995
335783 335782687
131312 131311403
413583 413582563
203584 203583115
74122 74121840
197988 197987875
376985 376984416
264864 264863974
196599 196598054
421626 421625983
379661 379660914
246840 246839830
390981 390980552
169133 169132229
129394 129393419
436196 436195277
135879 135878791
419918 419917516
124389 124388991
22593 22592743
498352 498351732
178728 178727648
83037 83036085
39036 39035792
116551 116550734
328153 328152937
382152 382151252
13148 13147580
268285 268284220
28755 28754650
327971 327970840
290694 290693065
400875 400874331
305328 305327959
335764 335763041
216883 216882425
398585 398584131
80193 80192140
456489 456488449
282137 282136071
120327 120326738
96221 96220025
456471 456470293
78651 78650770
141701 141700476
497050 497049582
422427 422426669
175597 175596191
257131 257130749
36103 36102406
476575 476574325
49814 49813723
148388 148387300
228822 228821490
202662 202661883
139819 139818533
26444 26443069
405161 405160593
2658 2657443
96691 96690132
132544 132543803
293796 293795039
254670 254669549
197229 197228834
439781 439780785
339700 339699442
236524 236523079
370815 370814999
146829 146828879
428561 428560792
221914 221913049
443791 443790324
201677 201676873
349949 349948529
186171 186170377
349618 349617745
206535 206534980
184480 184479534
446671 446670418
450086 450085733
76089 76088963
468544 468543435
429926 429925001
293366 293365594
157937 157936374
300127 300126173
107931 107930359
29901 29900195
287538 287537408
329630 329629292
160954 160953033
381539 381538557
293844 293843270
120898 120897469
309703 309702367
28774 28773896
47186 47185998
316322 316321328
34167 34166396
100909 100908447
159442 159441702
441131 441130104
470831 470830428
231127 231126517
309546 309545440
482978 482977593
166951 166950464
456597 456596256
457897 457896800
119344 119343959
467722 467721615
433537 433536838
252225 252224249
342868 342867219
132238 132237641
75841 75840803
212371 212370271
47141 47140313
260132 260131320
60462 60461608
256281 256280954
311824 311823568
471383 471382302
193409 193408253
202460 202459935
402986 402985001
368614 368613052
12853 12852160
385486 385485120
340185 340184451
330835 330834550
10449 10448032
15857 15856021
175629 175628324
183781 183780197
146196 146195822
392697 392696436
447634 447633484
306766 306765101
366921 366920210
205522 205521407
11874 11873361
306294 306293701
338492 338491089
485143 485142113
179879 179878379
63362 63361400
314391 314390704
301985 301984445
268179 268178408
345638 345637455
66438 66437810
10846 10845548
41617 41616310
202940 202939902
112878 112877426
367945 367944929
140312 140311293
394450 394449089
178111 178110563
392745 392744868
101798 101797642
405141 405140556
419365 419364709
462134 462133366
463743 463742936
127833 127832970
145088 145087187
35516 35515394
27304 27303262
243193 243192324
258787 258786523
435184 435183075
364762 364761070
190098 190097584
368947 368946906
379798 379797263
332639 332638622
128654 128653214
10566 10565213
212804 212803390
55420 55419482
83756 83755598
89278 89277253
393078 393077991
244520 244519142
295450 295449659
449549 449548022
14253 14252192
58332 58331891
280809 280808038
481379 481378748
129443 129442304
271063 271062256
496104 496103175
411160 411159871
36094 36093765
179656 179655149
386433 386432745
410664 410663108
165411 165410002
275893 275892112
257546 257545007
489712 489711827
416187 416186033
303764 303763730 303763814
167992 167991070
238178 238177576
326481 326480997
465244 465243430
164668 164667270
294464 294463128
115109 115108050
373779 373778358
313314 313313428
468915 468914862
219449 219448744
480916 480915326
287803 287802675
374347 374346367
84316 84315356
159298 159297974
346486 346485358
350645 350644127
297387 297386133
493819 493818789
4932 4931433
3390 3389813
212326 212325116
4020 4019088
292651 292650532
48517 48516523
44954 44953976
334194 334193682
218707 218706929
35988 35987247
284632 284631170
300565 300564402
55275 55274749
132750 132749244
411617 411616968
162847 162846453
48022 48021915
352289 352288178
493558 493557956
69949 69948113
434548 434547334
457675 457674069
305541 305540762
321336 321335727
452183 452182279
448889 448888078
320973 320972160
493606 493605901
252627 252626591
94525 94524865
424601 424600721
22130 22129558
162956 162955740
299235 299234574
147742 147741600
108226 108225806
319115 319114802
333818 333817659
306440 306439006
148978 148977380
88312 88311881
60574 60573553
45750 45749988
7644 7643566
370528 370527893
285616 285615338
27119 27118931
338770 338769496
212894 212893395
136750 136749028
332161 332160750
209912 209911678
298922 298921136
5188 5187528
454814 454813290
93125 93124019
164874 164873235
252436 252435590
236690 236689997
308209 308208770
260691 260690632
327045 327044794
105904 105903494
166477 166476187
234261 234260809
188539 188538492
207640 207639390
286174 286173613
148898 148897205
229450 229449547
292097 292096977
422251 422250451
387501 387500227
373932 373931796
461152 461151746
323789 323788151
87058 87057068
114623 114622375
491167 491166421
391455 391454748
379625 379624336
74718 74717428
314400 314399405 314399189
210075 210074586
482927 482926017
462092 462091252
480456 480455185
127177 127176694
19725 19724418
79541 79540848
158071 158070266
325725 325724489
145552 145551322
402733 402732164
56109 56108496
68657 68656803
386030 386029209
74827 74826237
7734 7733142
93260 93259215
356629 356628737
171768 171767664
234551 234550169
464262 464261427
393398 393397513
159188 159187240
217904 217903695
27872 27871324
113212 113211918
54234 54233595
131837 131836913
156663 156662043
363578 363577620
140559 140558285
266672 266671599
250471 250470094
308040 308039696
122372 122371565
258151 258150683
349680 349679678
135207 135206830
158567 158566399
96142 96141626
427165 427164683 427164454
112471 112470217
128214 128213782
464619 464618024
327254 327253585
158421 158420063
165782 165781872
250703 250702014
86429 86428968
163572 163571722
279968 279967655
364456 364455350
489608 489607960
37088 37087657
222111 222110373
204599 204598710
422872 422871542
102369 102368249
380904 380903622
53624 53623481
207506 207505015
490114 490113116
95447 95446150
406500 406499487
334630 334629721
135522 135521569
1700 1699250
180959 180958612
164046 164045756
72604 72603590
191793 191792083
416773 416772116
303487 303486972
171396 171395159
366748 366747699
185252 185251282
467541 467540819
38105 38104930
410377 410376146
200843 200842739
271722 271721310
257484 257483073
117011 117010892
79043 79042036
149702 149701467
205691 205690811
51910 51909339
185129 185128517
382257 382256266
123491 123490639
85155 85154320
230555 230554291
137293 137292673
11460 11459470
371338 371337768
410390 410389450
456294 456293544
37165 37164145
56188 56187321
272933 272932444
329612 329611524
352673 352672298
417146 417145548
238471 238470222
176552 176551429
410150 410149971
349374 349373037
349114 349113782
222670 222669280
43761 43760327
401787 401786081
234521 234520884
208974 208973556
147792 147791772
74861 74860686
183016 183015150
150989 150988948
255106 255105106
188591 188590684
229528 229527030
399176 399175603
340898 340897742
466817 466816493
264233 264232794
139278 139277486
70991 70990938
136638 136637603
494070 494069797
250558 250557510
62516 62515577
192978 192977680
365534 365533994
395487 395486155
316490 316489572
39202 39201881
326691 326690922
35794 35793439
254445 254444760
300939 300938852
465212 465211221
152158 152157207
344674 344673805
428156 428155435
464084 464083315
163320 163319018
91979 91978756
310753 310752393
450247 450246741
91238 91237159
207619 207618745
35348 35347900
450752 450751510
253956 253955076
227554 227553654
267330 267329798
458421 458420423
114023 114022327
298366 298365942
308724 308723908
370779 370778287
407984 407983358
459991 459990905
305306 305305035
92752 92751910
470040 470039650
235554 235553501
437707 437706180
289688 289687122
136488 136487662
180996 180995048
124993 124992181
129199 129198198
221705 221704764
348437 348436916
115805 115804957
337482 337481956
405015 405014120
154451 154450817
87081 87080867
206056 206055705
429195 429194980
49598 49597087
354642 354641123
23741 23740747
458753 458752250
479066 479065820
298149 298148210
107219 107218833
424832 424831550
86588 86587399
217851 217850468
311168 311167768
154085 154084194
47521 47520903
336917 336916386
458512 458511639
208580 208579784
268580 268579796
2490 2489288
469700 469699817
15884 15883543
135747 135746648
410059 410058755
396349 396348275
459652 459651791
283699 283698627
253276 253275236
287224 287223506
73959 73958998
57593 57592022
206508 206507947
296017 296016660
171910 171909895
67506 67505758
433566 433565228
496132 496131172
118810 118809943
55159 55158356
106324 106323509
102421 102420859
344705 344704044
66980 66979744
110232 110231755
106610 106609845
117815 117814702
294634 294633614
321255 321254113
263665 263664717
5178 5177889
238558 238557815
112654 112653447
59074 59073092
463775 463774532
17972 17971255
175331 175330852
212344 212343324
70061 70060304
330855 330854406
413442 413441942
216582 216581669
413221 413220365
104572 104571027
489089 489088659
221478 221477792
334456 334455204
254513 254512179
207288 207287746
88438 88437131
124297 124296627
227290 227289783
196636 196635032
80359 80358526
170601 170600660
353742 353741979
4715 4714674
117030 117029992
426892 426891738
37416 37415286
191332 191331144
35985 35984076
423223 423222832
7022 7021635
26147 26146932
14740 14739046
192106 192105432
73377 73376874
450475 450474179
364648 364647488
4451 4450322
141835 141834450
54935 54934740
256308 256307017
134342 134341829
319680 319679187
9585 9584154
330399 330398588
221490 221489871
24653 24652939
197430 197429464
350254 350253296
70051 70050132
111678 111677736
318339 318338263
134286 134285918
361610 361609345
261689 261688577
445295 445294695
215656 215655523
71732 71731205
226019 226018036
251901 251900571
480517 480516519
424847 424846377
336026 336025786
379689 379688003
405783 405782786
324046 324045968
329039 329038875
372886 372885210
246566 246565062
378567 378566031
175617 175616852
362526 362525695
380143 380142449
263352 263351591
141030 141029941
241142 241141513
157283 157282356
212097 212096445
386755 386754834
356447 356446729
114172 114171126
420872 420871990
219092 219091615
288535 288534357
169323 169322262
482366 482365918
281744 281743884
385158 385157467
178238 178237528
425377 425376312
285926 285925271
66642 66641193
106444 106443633
335848 335847422
189492 189491096
174145 174144743
58158 58157744
360748 360747640
191728 191727643
444427 444426256
271503 271502157
447027 447026110
466477 466476272
57366 57365581
220961 220960843
167813 167812167
42171 42170671
25993 25992717
80750 80749964
426564 426563314
46468 46467106
226518 226517857
222722 222721430
284775 284774809
446992 446991107
219094 219093672
392487 392486240
45850 45849946
287030 287029163
63385 63384493
151587 151586305
15566 15565471 15565979
272450 272449442
371350 371349031
66417 66416272
298384 298383577
159945 159944300
301429 301428102
494136 494135803
52283 52282982
202239 202238132
412567 412566266
270535 270534661
481381 481380236
12722 12721217
167989 167988960
244679 244678976
3770 3769255
417246 417245465
424875 424874350
88871 88870216
488036 488035902
432790 432789255
262829 262828211
354388 354387425
167080 167079917
2599 2598869
220840 220839962
151117 151116645
387130 387129233
134577 134576857
490591 490590053
95383 95382875
59769 59768641
482845 482844205
191489 191488888
188165 188164582
491123 491122998
428043 428042763
75492 75491305
121251 121250695
63615 63614592
204437 204436723
184359 184358854
279120 279119110
156758 156757459
5574 5573208
259896 259895183
350372 350371730
365665 365664229
446434 446433557
343343 343342524
143150 143149959
67805 67804012
487138 487137027
171318 171317572
375631 375630403
21522 21521859
420677 420676347
349919 349918725
313773 313772524
439496 439495577
75056 75055204
313164 313163325
325253 325252763
422873 422872372
246933 246932967
22007 22006550
429190 429189186
273850 273849879
68645 68644481
309246 309245334
256423 256422539
58032 58031553
269237 269236630
258994 258993544
52112 52111363
135732 135731493
387009 387008183
107094 107093699
313872 313871328
326672 326671060
130193 130192947
260074 260073398
246139 246138163
77797 77796674
325452 325451508
463889 463888914
480268 480267194
230951 230950394
92868 92867524
49630 49629724
281066 281065721
158099 158098302
321827 321826925
461678 461677712
297903 297902108
246464 246463703
312832 312831936
93073 93072111
248112 248111875
288436 288435096
205065 205064421
138354 138353009
231745 231744047
52131 52130325
26149 26148787
188022 188021397
21371 21370827
209514 209513983
358107 358106633
266254 266253215
46219 46218189
234389 234388629
57493 57492096
73427 73426201
48832 48831122
63293 63292420
331177 331176796
378352 378351089
117048 117047178
444971 444970801
473683 473682311
479896 479895039
37308 37307294
389742 389741051
490413 490412334
329349 329348990
276421 276420792
14143 14142887
167140 167139760
205378 205377214
248665 248664881
272376 272375511
157433 157432675
303652 303651100
282004 282003195
308795 308794333
43072 43071855
91848 91847373
474565 474564218
14065 14064483
86907 86906650
199560 199559254
269144 269143293
140515 140514867
426505 426504920
406100 406099712
15533 15532071
320332 320331477
291234 291233471
243640 243639457
351844 351843907
405473 405472587
402990 402989318
381794 381793067
43916 43915162
344334 344333558
27073 27072923
216067 216066293
191186 191185418
61900 61899775
426475 426474865
440216 440215879
293109 293108922
253082 253081313
492027 492026275
5272 5271929
62755 62754158
293137 293136356
183981 183980421
306469 306468083
59985 59984298
333609 333608340
486368 486367359
178883 178882851
135740 135739679
395199 395198005
225525 225524525
178690 178689369
1025 1024389
104953 104952186
411669 411668316
37498 37497748
173287 173286812
136989 136988220
92306 92305700
462215 462214118
157545 157544274
275232 275231018
82359 82358316
289972 289971651
389329 389328862
463757 463756357
297892 297891330
284828 284827718
254150 254149651
2606 2605755
278420 278419255
205607 205606557
270735 270734080
194406 194405931
132939 132938673
94448 94447729
88687 88686585
25165 25164354
427748 427747710
9368 9367761
415464 415463194
287844 287843746
116297 116296345
378454 378453545
288568 288567571
373704 373703715
63042 63041956
213943 213942845
104279 104278186
206171 206170468
219069 219068055
482230 482229457
498943 498942791
196315 196314430
499010 499009179
346628 346627592
250707 250706810
141349 141348240
277097 277096262
88081 88080277
259346 259345842
231112 231111652
33124 33123863
436869 436868636
91275 91274520
165433 165432470
421823 421822821
305534 305533811
131415 131414091
213395 213394117
124628 124627871
488769 488768574
93081 93080605
109425 109424813
336174 336173024
299672 299671794
328830 328829124
429110 429109622
103628 103627217
443763 443762043
387070 387069955
486411 486410948
76926 76925232
296580 296579919
262395 262394585
450229 450228166
19242 19241373
295918 295917765
208260 208259411
499496 499495231
454357 454356396
258020 258019083
152793 152792457
214728 214727839
261902 261901988
74362 74361379
207386 207385508
320051 320050958
9530 9529922
146485 146484509
434717 434716360 434716062
90433 90432947
475808 475807474
319698 319697240
337452 337451917
253777 253776842
337644 337643574
231158 231157613
347143 347142403
286454 286453344
426451 426450541
434935 434934154
166502 166501699
413731 413730318
495869 495868386
303082 303081371
466228 466227674
358714 358713367
263451 263450044
494066 494065487
399677 399676709
450637 450636755
237627 237626928
195043 195042659
244844 244843489
49055 49054575
1473 1472163
56296 56295110
212903 212902324
331003 331002067
188598 188597038
95915 95914229
418389 418388950
333793 333792553
5751 5750971
380716 380715295
88633 88632881
232055 232054046
103211 103210563
460452 460451607
15230 15229938
388942 388941142
436655 436654814
227329 227328892
449903 449902570
1998 1997476
182961 182960694
396077 396076446
80538 80537250
286271 286270728
339144 339143489
221674 221673943
373499 373498263
160936 160935182
13770 13769005
77194 77193980
75094 75093606
221277 221276659
341072 341071676
303059 303058124
353147 353146388
81158 81157070
15946 15945401
160810 160809358
434810 434809521
199223 199222987
195497 195496411
483770 483769093
479244 479243655
432073 432072649
480883 480882608
459784 459783548
42177 42176361
225132 225131201
104998 104997568
499100 499099298
294241 294240112
101015 101014118
335797 335796449
430691 430690497
174181 174180356
443850 443849761
411190 411189036
127287 127286501
304814 304813914
116488 116487070
497966 497965074
143278 143277050
495808 495807354
325714 325713351
230242 230241301
483652 483651150
217325 217324472
366913 366912445
71195 71194506
305810 305809941
373945 373944938
175570 175569363
252526 252525077
103427 103426950
417182 417181262
189127 189126884
26265 26264261
356841 356840172
458567 458566640
493202 493201048
43075 43074898
49739 49738041
230784 230783492
95548 95547404
219091 219090885
154372 154371832
450867 450866848
326446 326445231
440984 440983661
42328 42327227
221248 221247009
232829 232828035
37960 37959617
159642 159641935
391454 391453696
48703 48702421
34382 34381132
275215 275214488
182453 182452415
419740 419739573
333827 333826052
97396 97395544
333042 333041741
320800 320799681
245613 245612232
144445 144444531
98538 98537038
199255 199254387
114451 114450800
169366 169365455
296568 296567098
450150 450149922
414879 414878035
220709 220708149
262790 262789672
241639 241638177
234336 234335116
472615 472614496
197725 197724022
336416 336415230
360049 360048132
233829 233828133
276625 276624755
347256 347255422
247258 247257791
235815 235814431
324958 324957884
349746 349745976
107140 107139771
498911 498910414
104348 104347453
448333 448332980
482486 482485904
36396 36395732
293928 293927301
225085 225084320
85677 85676672
473616 473615714
110120 110119509
469191 469190652
7300 7299840
393969 393968372
79204 79203783
29857 29856382
487209 487208552
315485 315484138
94702 94701193
288423 288422393
418519 418518301
366419 366418926
304536 304535373
452214 452213787
385037 385036227
378816 378815826
482255 482254347
360245 360244939
87158 87157543
335993 335992060
452173 452172100
19166 19165530
487927 487926142
462149 462148133
449965 449964458
321488 321487195
383144 383143061
82163 82162166
495825 495824470
6763 6762497
11282 11281340
101425 101424602
209747 209746324
168059 168058801
49289 49288610
220816 220815612
460259 460258381
197320 197319088
186143 186142168
353245 353244695
403780 403779174
428191 428190991
330793 330792108
181850 181849075
164528 164527812
88556 88555907
165096 165095369
395588 395587083
147398 147397342
297372 297371415
35066 35065134
456308 456307781
39724 39723924
367897 367896387
146284 146283110
305632 305631813
493718 493717552
464399 464398469
139099 139098946
288187 288186534
454495 454494810
12376 12375035
98752 98751747
97558 97557494
121611 121610579 121610060
30927 30926544
326286 326285943
495106 495105003
498141 498140001
197571 197570444
244481 244480918
380851 380850975
192925 192924395
168324 168323397
336347 336346557
145358 145357432
454183 454182636
65197 65196133
205312 205311338
369602 369601082
209417 209416144
370073 370072094
387877 387876891
200192 200191755
420957 420956546
122737 122736622
8590 8589517
432169 432168917
252198 252197163
456093 456092330
162030 162029137
75629 75628746
260326 260325188
338212 338211204
367172 367171806
30230 30229278
262270 262269563
114366 114365730
95914 95913770
211919 211918633
101570 101569919
138835 138834014
387722 387721957
116282 116281873
389806 389805253
286526 286525348
222284 222283044
230767 230766318
478587 478586814
93026 93025855
470023 470022955
91843 91842754
457501 457500391
308207 308206265
62345 62344398
337219 337218512
208689 208688772
311456 311455642
421940 421939717
200845 200844905
216285 216284080
369993 369992314
365740 365739349
14408 14407023
280130 280129798
245853 245852515
285713 285712927
103416 103415303
132267 132266461
18100 18099233
164581 164580412
424137 424136531
210074 210073751
476385 476384627
294662 294661516
478137 478136310
148364 148363903
378467 378466526
23196 23195982
456789 456788143
269918 269917639
165380 165379700
230826 230825680
447252 447251868
113445 113444457
46250 46249603
85655 85654152
162638 162637778
335501 335500641
277156 277155840
41929 41928461
362507 362506482
485505 485504204
263011 263010557
486163 486162415
57675 57674871
443192 443191040
442983 442982376
449137 449136191
27405 27404865
307028 307027090
408897 408896320
409041 409040379
499245 499244237
65042 65041557
318282 318281385
286093 286092453
261074 261073451
143085 143084433
157247 157246294
89451 89450828
16364 16363729
202130 202129922
304975 304974667
7303 7302236
163675 163674294
461215 461214829
200668 200667225
433800 433799876
300752 300751508
393687 393686567
313777 313776318
469905 469904399
453657 453656255
340682 340681693
215375 215374435
435154 435153026
454339 454338451
267128 267127807
266121 266120889
493521 493520598
467359 467358698
310872 310871361
92183 92182665
94330 94329005
21078 21077640
227370 227369166
326154 326153374
134805 134804180
365537 365536923
34816 34815600
1853 1852621
166058 166057478
213 212215
469218 469217322
368892 368891245
297337 297336873
403885 403884813
422082 422081776
95681 95680990
477381 477380659
220253 220252591
245289 245288759
7093 7092532
99012 99011080
92801 92800936
147377 147376061
117099 117098323
21257 21256897
227250 227249236
234763 234762386
397234 397233998
303430 303429331
398050 398049738
480446 480445080
165912 165911022
430333 430332919
128688 128687043
345607 345606716
165930 165929843
255614 255613951
392367 392366341
469140 469139410
164960 164959868
76426 76425300
428804 428803135
102978 102977952
325101 325100907
149571 149570887
316897 316896921
221386 221385321
372345 372344134
414126 414125052
472845 472844009
83344 83343739
360020 360019067
306685 306684054
111486 111485973
133570 133569140
337986 337985568
31280 31279002
146839 146838260
355435 355434646
120109 120108864
206765 206764467
57594 57593912
114887 114886602
252728 252727109
313478 313477231
93786 93785101
346523 346522312
322593 322592125
170262 170261343
73591 73590511
428005 428004971
282761 282760184
40792 40791299
162092 162091511
120731 120730079
177448 177447581
381780 381779121
120681 120680370
108533 108532309
173452 173451328
136932 136931928
58115 58114997
164373 164372455
478433 478432562
352663 352662083
145997 145996027
187418 187417289
213732 213731067
167931 167930573
6014 6013795
166041 166040885
165471 165470059
392930 392929052
254836 254835514
329166 329165083
367716 367715561
468928 468927467
312027 312026977
233391 233390329
249713 249712685
287718 287717315
92687 92686502
444515 444514359
21906 21905238
419522 419521888
296655 296654686
159950 159949508
301492 301491850
336002 336001797
17021 17020056
398650 398649372
53145 53144015
384899 384898678
117609 117608315
280454 280453037
381293 381292725
359169 359168103
377964 377963435
496988 496987357
228224 228223940
159246 159245346
461677 461676033
46805 46804265
337799 337798199
247055 247054174
264151 264150490
367383 367382402
221197 221196149
265969 265968286
391748 391747717
303161 303160231
1960 1959238
162107 162106019
496959 496958458
140630 140629209
58281 58280985
223365 223364833
161458 161457660
418382 418381567
243355 243354144
179149 179148852
53147 53146452
17164 17163066
193601 193600733
451159 451158952
306070 306069394
258389 258388871
321077 321076437
294378 294377774
434746 434745616
358460 358459031
129108 129107790
161978 161977265
462794 462793746
458553 458552729
231855 231854622
405168 405167634
417429 417428975
198806 198805219
293372 293371541
386838 386837133
77446 77445426
68000 67999018
15247 15246223
144543 144542046
97664 97663383
465503 465502363
492065 492064341
479014 479013994
419899 419898099
253050 253049165
209699 209698435
453902 453901492
22861 22860389
276562 276561136
272190 272189768
133273 133272255
95923 95922227
419968 419967843
266922 266921284
272794 272793005
293790 293789536
45335 45334364
422632 422631709
211587 211586162
361733 361732500
231372 231371913
96582 96581835
232248 232247242
135892 135891082
107213 107212130
121630 121629208
212674 212673821 212673875
127221 127220070
405416 405415246
141947 141946217
390865 390864647
412734 412733563
417905 417904880
10140 10139094
117904 117903218
242979 242978855
189091 189090480
245111 245110207
294014 294013680
54160 54159339
65633 65632772
37590 37589036
478572 478571631
147797 147796078
362945 362944790
176835 176834591
488005 488004629
266136 266135422
273519 273518761
37557 37556266
225517 225516056
188261 188260886
378919 378918582
95108 95107769
36795 36794402
131013 131012212
15002 15001907
157852 157851388
225375 225374223
418367 418366232
348697 348696415
57176 57175836
407018 407017045
154690 154689273
341407 341406873
307338 307337229
158509 158508789
382603 382602549
311315 311314057
74505 74504052
198338 198337969
372616 372615590
243177 243176607
360269 360268593
132592 132591974
335858 335857022
36562 36561222
64538 64537785
226789 226788066
100951 100950431
179591 179590862
182777 182776378
206814 206813821
322977 322976791
479989 479988046
361472 361471714
129743 129742012
410941 410940891
145012 145011007
43637 43636669
251750 251749123
493665 493664761
149861 149860923
96443 96442474
25434 25433566
288174 288173124
114505 114504447
263354 263353703
431379 431378186
447733 447732773
213613 213612580
13782 13781641
430536 430535878
244738 244737398
281533 281532537
216862 216861464
139201 139200534
217606 217605701
286444 286443895
62032 62031791
219119 219118337
452866 452865848
264292 264291076
188576 188575791
334143 334142638
85454 85453333
203649 203648235
1159 1158687
361569 361568826
431814 431813686
101247 101246964
295481 295480371
278570 278569455
72750 72749745
31470 31469486
125035 125034575
145291 145290278
333896 333895145
371007 371006466
61653 61652624
294386 294385008
485604 485603236
265650 265649800
27383 27382770
371366 371365246
213746 213745680
417915 417914316
476447 476446152
163558 163557569
396342 396341823
175133 175132353
135323 135322897
206864 206863939
148349 148348530
481541 481540398
52099 52098588
42834 42833590
356007 356006819
362436 362435262
445894 445893534
86082 86081745
89034 89033581
456946 456945642
249692 249691330
470402 470401318
167008 167007912
61745 61744163
313851 313850735
233655 233654932
418803 418802322
486369 486368097
92337 92336889
475107 475106564
466007 466006770
222514 222513593
17555 17554616
313284 313283485
67432 67431380
139364 139363586
478208 478207426
390439 390438654
19239 19238898
366039 366038009
303315 303314668
43862 43861944
410035 410034712
474030 474029829
449853 449852613
216926 216925982
439980 439979824
1782 1781848
47233 47232372
323937 323936555
366104 366103690
308714 308713577
96026 96025260
252850 252849235
239385 239384721
89078 89077975
319223 319222251
234962 234961432
205311 205310210
309041 309040485
68685 68684648
267877 267876734
196314 196313309
242716 242715571
372958 372957745
175593 175592794
335057 335056247
343974 343973508
28466 28465336
144747 144746585
130584 130583550
207764 207763412
282116 282115861
180800 180799318
348143 348142738
492886 492885542
242983 242982031
4209 4208339
126938 126937524
160633 160632909
140116 140115804
118729 118728797
66970 66969582
305109 305108362
265305 265304569
195018 195017708
28588 28587929
137757 137756230
383510 383509385
74425 74424156
383974 383973180
336776 336775874
65332 65331373
451198 451197346
394776 394775572
189627 189626015
197896 197895314
431405 431404677
430931 430930191
186359 186358294
159940 159939451
367221 367220678
170849 170848806
64275 64274116
115237 115236560
442828 442827505
67441 67440756
143521 143520269
136130 136129800
69206 69205340
201101 201100609
386465 386464891
180410 180409279
113464 113463505
448438 448437315
276214 276213473
148345 148344149
308847 308846703
243723 243722846
194676 194675059
68677 68676936
425186 425185711
187898 187897561
496705 496704995
242865 242864265
237426 237425623
24894 24893947
381160 381159716
329104 329103574
388055 388054128
62581 62580378
270734 270733724
496080 496079512
410428 410427938
221519 221518564
52673 52672528
410147 410146084
48976 48975700
243115 243114090
40376 40375031
84256 84255912
171311 171310039
321073 321072658
59934 59933086
463266 463265312
26912 26911380
271024 271023008
46630 46629237
117390 117389346
137865 137864062
448064 448063496
154922 154921758
289385 289384590
277419 277418667
360992 360991686
82241 82240943
7773 7772510
224009 224008856
359082 359081442
322089 322088776
148251 148250410
229822 229821028
161006 161005886
230646 230645534
363089 363088463
412895 412894047
466994 466993088
4762 4761692
420953 420952726 420952137
141654 141653934
121504 121503294
299180 299179299
461815 461814407
317067 317066248
420478 420477449
238545 238544399
182745 182744537
162964 162963431
75211 75210040
280650 280649893
353080 353079288
182005 182004505
413524 413523260
400616 400615007
335081 335080739
257898 257897924
37151 37150048
308295 308294954
328028 328027368
205676 205675716
102001 102000326
388518 388517968
22357 22356943
465827 465826605
105025 105024718
378749 378748049
349637 349636512
35217 35216901
52266 52265867
292761 292760744
440280 440279381
482193 482192492
445935 445934742
74974 74973146
240399 240398485
479921 479920789
226835 226834863
153786 153785063
271588 271587217
425064 425063541
230418 230417530
369847 369846044
361306 361305384
199999 199998166
17008 17007274
36918 36917481
75419 75418831
393453 393452328
383350 383349252
196180 196179454
475689 475688279
324940 324939028
125625 125624110
86788 86787147
121448 121447832
398780 398779745
176980 176979654
137328 137327483
45485 45484624
19183 19182067
380523 380522769
124087 124086539
243869 243868257
83249 83248611
289961 289960727
380034 380033816
478469 478468151
436191 436190219
53733 53732057
417534 417533211
57722 57721881
440857 440856223
170045 170044003
23281 23280968
428856 428855047
356402 356401634
362737 362736047
464297 464296315
316029 316028624
154194 154193760
247905 247904120
133468 133467865
410449 410448393
331722 331721516
55762 55761876
468869 468868053
85508 85507353
78320 78319191
271412 271411312
399451 399450247
219144 219143990
369230 369229019
196279 196278126
119254 119253962
398844 398843754
199466 199465300
423728 423727210
391844 391843931
492047 492046969
69049 69048542
494230 494229965
455436 455435332
14725 14724343
124456 124455359
472927 472926956
496608 496607864
467403 467402622
167061 167060917
299776 299775896
56353 56352951
81631 81630027
317289 317288610
13673 13672360
473633 473632663
424167 424166703
99393 99392725
336576 336575233
247432 247431364
355501 355500850
452126 452125156
43220 43219308
50191 50190681
491142 491141684
404369 404368555
333641 333640039
457429 457428669
184317 184316846
219218 219217812
238596 238595860
232568 232567013
399769 399768655
10200 10199359
155921 155920303
334418 334417378
446291 446290890
126495 126494812
126459 126458720
114158 114157886
345203 345202439
290900 290899933
312828 312827751
379183 379182014
358685 358684035
463776 463775059
73298 73297684
115029 115028205
258941 258940692
243741 243740429
208184 208183795
228050 228049069
460830 460829651
40953 40952742
462513 462512969
242446 242445239
441402 441401482
288109 288108839
491570 491569864
494846 494845026
243 242095
200586 200585899
486056 486055963
194849 194848125
421529 421528949
330362 330361631
128301 128300523
341007 341006562
190793 190792704
338551 338550301
326063 326062151
99221 99220892
29936 29935112
242549 242548678
302513 302512121
50275 50274944
60421 60420282
242411 242410278
360606 360605213
369986 369985405
248858 248857849
423732 423731152
63526 63525267
357087 357086489
65357 65356837
369265 369264868
135194 135193927
355624 355623179
301589 301588919
170595 170594287
136876 136875465
392263 392262733
122912 122911456
346618 346617199
326007 326006445
162262 162261218
461216 461215056
328661 328660373
201131 201130263
429328 429327840
50503 50502558
17516 17515451
188641 188640294
420337 420336568
113910 113909251
201715 201714511
326879 326878762
122832 122831090
179039 179038648
57111 57110270
468513 468512527
102343 102342903
222200 222199765
431671 431670181
172206 172205574
86359 86358821
342832 342831114
388759 388758070
249391 249390416
208897 208896425
492148 492147162
111048 111047802
435651 435650537
300269 300268934
237004 237003958
413214 413213441
327986 327985504
60449 60448761
58383 58382656
414948 414947921
484268 484267057
273034 273033364
384690 384689368
323814 323813788
37285 37284906
24591 24590311
332117 332116194
95651 95650817
217932 217931271
200572 200571894
62098 62097549
240150 240149604
209416 209415794
445162 445161916
42897 42896103
59452 59451150
407189 407188469
294451 294450783
217347 217346894
228816 228815525
243114 243113332
325042 325041027
445715 445714244
268634 268633546
268628 268627753
164778 164777129
251892 251891549
451422 451421632
216117 216116515
336208 336207088
442008 442007578
76654 76653863
70475 70474295
112589 112588076
257025 257024180
12865 12864353
187298 187297908
24434 24433301
457580 457579439
437343 437342725
470973 470972565
292474 292473862
426937 426936781
406249 406248369
183241 183240527
77776 77775757
371431 371430313
229172 229171414
269204 269203961
404046 404045300
279093 279092093
495429 495428569
357292 357291967
231144 231143060
286915 286914377
278637 278636408
336095 336094179
114322 114321428
84183 84182926
164812 164811282
379549 379548511
309005 309004754
460668 460667648
468110 468109178
75543 75542371
18847 18846834
239830 239829419
29861 29860693
169160 169159398
57945 57944727
454255 454254626
380091 380090393
341382 341381901
48760 48759782
327975 327974512
60113 60112882
56 55087
326318 326317447
270369 270368784
173521 173520885
294243 294242034
441120 441119064
15581 15580818
358010 358009795
250721 250720194
200902 200901776
180379 180378186
443408 443407594
463956 463955336
260819 260818892
188879 188878811
433662 433661043
64334 64333837
482422 482421797
130248 130247921
254178 254177331
221460 221459726
233776 233775442
462595 462594042
346974 346973189
24764 24763019
438838 438837722
316598 316597095
448780 448779753
265268 265267661
383464 383463501
449339 449338777
120191 120190701
425046 425045774
84915 84914433
186765 186764448
7085 7084024
333242 333241556
184154 184153004
268829 268828681
353822 353821853
327273 327272974
339050 339049906
30099 30098240
376500 376499923
56616 56615022
168798 168797470
189942 189941486
495091 495090518
310392 310391721
368488 368487993
297810 297809977
350891 350890129
279742 279741916
169001 169000703
409642 409641952
260093 260092796
103674 103673400
217245 217244706
52006 52005126
154019 154018522
427227 427226849
455174 455173717
261820 261819897
35579 35578959
351831 351830930
409608 409607809
361539 361538189
113931 113930867
279415 279414711
128216 128215851
365642 365641426
309914 309913026
472195 472194334
370929 370928220
390428 390427641
7005 7004202
212742 212741023
368233 368232703
54441 54440613
323040 323039508
81877 81876618
243276 243275129
3299 3298455
149965 149964711
412885 412884344
311744 311743945
141146 141145934
428211 428210204
320239 320238123
423445 423444839
223514 223513011
218620 218619405
283632 283631140
415473 415472129
126981 126980104
30486 30485183
233804 233803890
96174 96173867
314573 314572715
482804 482803478
240886 240885903
100664 100663431
206821 206820067
11267 11266743
307433 307432275
55895 55894689
61876 61875895
81573 81572333
210982 210981019
269794 269793100
111608 111607350
186145 186144500
480642 480641617
195108 195107634
356679 356678983
347823 347822274
453503 453502101
27645 27644346
463574 463573026
143515 143514130
492153 492152837
343797 343796642
47264 47263393
326759 326758914
30192 30191762
298058 298057258
466952 466951125
175035 175034860
157138 157137417
39382 39381286
285284 285283633
39187 39186900
484689 484688626
225646 225645228
279373 279372991
246931 246930755
322724 322723700
432886 432885307
361378 361377240
177780 177779458
38764 38763979
172943 172942270
104619 104618013
43507 43506326
488852 488851579
78234 78233093
464281 464280109
353998 353997778
63627 63626085
273550 273549163
417090 417089644
93750 93749684
37496 37495880
425346 425345127
17108 17107083
427116 427115804
396923 396922786
436683 436682321
19723 19723000
442112 442111422
424335 424334749
485565 485564972
208040 208039623
401664 401663524
353063 353062157
229989 229988464
19499 19498557
274223 274222587
483257 483256840
349760 349759887
210439 210438042
454356 454355905
299568 299567367 299567163
443413 443412114
208959 208958715
309539 309538909
40578 40577278
163039 163038505
17603 17602869
345777 345776967
4386 4385685
328454 328453754
163811 163810801
301397 301396222
413541 413540172
491558 491557669
9253 9252477
267597 267596371
479714 479713778
8718 8717090
61822 61821990
185597 185596034
309512 309511385
223916 223915450
488562 488562000
151819 151818212
19806 19805746
446107 446106558
280172 280171335
401207 401206809
462201 462200663
268557 268556619
37881 37880059
392602 392601671
257661 257660546
209532 209531339
258138 258137424
108339 108338155
81456 81455355
155549 155548845
249655 249654980
102604 102603998
1070 1069504
252040 252039558
121983 121982589
270195 270194423
186001 186000505
389037 389036422
469970 469969967
445968 445967409
59896 59895483
484755 484754156
499729 499728445
172366 172365967
432527 432526953
180822 180821852
195340 195339163
165002 165001294
100147 100146249
375166 375165160
466792 466791421
228890 228889754
237318 237317023
52725 52724298
9748 9747186
209550 209549577
437478 437477621
68456 68455453
223301 223300263
339612 339611691
57325 57324811
48705 48704526
464198 464197238
176455 176454843
479203 479202974
235843 235842242
373509 373508848
354428 354427531
414649 414648880
30392 30391597
131097 131096639
375364 375363385
114021 114020427
441811 441810040
474329 474328595
309106 309105651
18642 18641866
229991 229990115
30655 30654577
326411 326410741
404732 404731965
158477 158476257
46333 46332659
184814 184813442
415726 415725424
237496 237495830
344782 344781316
430443 430442091
257160 257159009
488510 488509981
226120 226119963
95357 95356357
406162 406161030
144511 144510176
215597 215596857
479083 479082207
320061 320060812
435654 435653208
108273 108272228
132558 132557246
24618 24617376
135140 135139729
163923 163922781
195234 195233287
377030 377029471
395594 395593153
445558 445557672
316531 316530805
172571 172570369
424681 424680667
202960 202959322
394979 394978853
290748 290747444
437207 437206967
293957 293956866
277079 277078862
488826 488825702
273288 273287621
364214 364213654
282903 282902752
167048 167047741
64151 64150002
438643 438642211
6107 6106898
123232 123231187 123231253
62368 62367156
44642 44641078
122743 122742890
438041 438040416
117753 117752807
175901 175900504
86391 86390139
259750 259749929
351050 351049373
401304 401303502
38078 38077090
211920 211919390
478061 478060514
388737 388736467
403624 403623416
148111 148110287
126015 126014459
173434 173433886
220338 220337303
36188 36187028
12855 12854749
76643 76642107
465544 465543824
479405 479404136
419051 419050581
180454 180453612
479681 479680027
170084 170083215
484246 484245656
141925 141924226
122149 122148927
28034 28033217
183782 183781490
340326 340325585
286549 286548628
466877 466876938
300153 300152494
459563 459562188
189925 189924907
87368 87367338
487863 487862928
153787 153786871
74231 74230441
499264 499263338
83935 83934212
150806 150805595
133542 133541307
89887 89886840
318501 318500512
146785 146784697
201880 201879746
181579 181578924
341205 341204407
317950 317949853
344154 344153462
423651 423650712
349439 349438749
1914 1913792
250231 250230531
71640 71639126
110748 110747433
279972 279971786
346393 346392982
92307 92306130
153311 153310905
471373 471372708
231172 231171935
41316 41315549
200041 200040001
397957 397956539
277153 277152805
390286 390285326
178983 178982886
94094 94093943
498765 498764295
99710 99709186
178194 178193788
292863 292862482
95015 95014864
76309 76308384
450705 450704025
31989 31988262
208406 208405254
367499 367498345
452849 452848275
4297 4296500
357679 357678847
307477 307476567
268674 268673412
408974 408973397
64578 64577430
3478 3477995
415288 415287790
351846 351845178
427382 427381015
113099 113098555
292264 292263068
360979 360978783
297656 297655251
21814 21813259
372785 372784078
487111 487110231
471139 471138909
50260 50259312
39323 39322474
320707 320706578
379534 379533023
1440 1439382
272462 272461823
329080 329079372
266216 266215593
375255 375254246
295445 295444574
23737 23736716
184771 184770921
388771 388770115
452212 452211896
370754 370753500
30488 30487545
155976 155975575
130604 130603860
79070 79069777
468383 468382787
262716 262715635
237359 237358532
363150 363149093
484626 484625068
181951 181950797
411364 411363515
56717 56716984
107254 107253114
116822 116821874
11303 11302056
281968 281967126
85373 85372636
384848 384847490
63084 63083260
131319 131318122
376119 376118855
76074 76073496
270356 270355245
337275 337274321
144436 144435264
101419 101418848
98198 98197377
57236 57235276
292289 292288483
425702 425701048
165963 165962393
18122 18121973
124367 124366197
389436 389435606
346436 346435802
95298 95297979
292964 292963018
182551 182550273
110013 110012942
122438 122437267
494605 494604265
81373 81372660
176919 176918972
393317 393316442
143234 143233938
224210 224209165
314190 314189436
215533 215532705
331757 331756664
478134 478133484
400515 400514112
384970 384969945
411994 411993670
378903 378902294
75502 75501104
372751 372750056
79258 79257656
298820 298819668
68928 68927406
41790 41789676
87962 87961895
26404 26403763
347280 347279028
351478 351477704
197557 197556783
419155 419154199
424130 424129978
363950 363949004
275070 275069388
102221 102220683
220365 220364187
2481 2480070
346027 346026536
323639 323638123
137031 137030364
454158 454157385
368569 368568357
153057 153056352
62613 62612141
372642 372641947
267906 267905009
215028 215027722
388917 388916195
478428 478427330
298912 298911318
393469 393468326
313017 313016734
300888 300887253
110965 110964538
49183 49182384
153 152553
225558 225557168
28262 28261934
38677 38676019
201484 201483121
204136 204135024
36033 36032080
468565 468564649
279877 279876788
55152 55151867
151056 151055719
139482 139481627
189233 189232849
436799 436798295
183884 183883747
239378 239377705
447533 447532225
435163 435162656
124782 124781246
35607 35606528
5816 5815348
151215 151214985
63300 63299553
97473 97472669
273983 273982998
888 887005
312918 312917363
173792 173791115
139392 139391939
237356 237355506
133631 133630382
117097 117096624
37980 37979521
468974 468973532
445390 445389488
41219 41218394
96805 96804579
413168 413167441
193589 193588654
102068 102067234
250244 250243386
311294 311293749
403732 403731122
372845 372844263
307321 307320498
494310 494309658
44867 44866231
16985 16984127
403106 403105788
90600 90599427
271072 271071698
477908 477907338
47554 47553030
353986 353985898
373966 373965580
2362 2361318
445076 445075250
31614 31613156
262933 262932184
111979 111978224
362996 362995632
474000 473999124
460611 460610943
280923 280922483
263369 263368400
312067 312066839
170070 170069446
154669 154668437
293099 293098791
339814 339813721
35000 34999454
124841 124840515
294225 294224944
233322 233321541
98864 98863044
65533 65532297
217056 217055194
314058 314057126
121292 121291044
84822 84821419
276557 276556912
20089 20088900
208599 208598821
432192 432191302
96814 96813202
142070 142069855
40047 40046273
320658 320657784
239400 239399829
229523 229522514
127703 127702463
61231 61230143
494210 494209542
259979 259978977
375512 375511296
495265 495264138
282074 282073051
477965 477964001
473787 473786343
423834 423833893
362561 362560618
90718 90717928
395428 395427683
478887 478886433
166674 166673874
301266 301265080
237657 237656046
297631 297630617
475695 475694104
292072 292071527
448860 448859928
399465 399464538
366051 366050771
387400 387399325
402741 402740930
472422 472421307
445815 445814830
337388 337387351
405356 405355898
156668 156667266
24923 24922442
222114 222113294
206943 206942821
176981 176980674
70322 70321380
233414 233413277
365652 365651773
317036 317035912
456610 456609319
117612 117611470
208795 208794083
433594 433593878
81799 81798118
102887 102886983
371064 371063338
132748 132747713
14458 14457018
123595 123594336
237148 237147224
490420 490419820
385454 385453278
489929 489928811
64883 64882419
172392 172391336
459806 459805472
335723 335722020
215785 215784704
192067 192066228
75091 75090461
383855 383854408
100903 100902346
450157 450156574
181474 181473033
56557 56556305
402120 402119291
352476 352475594
438487 438486059
337654 337653753
108198 108197159
57396 57395651
380005 380004827
285068 285067080
127409 127408620
428237 428236703
300414 300413840
53141 53140571
151305 151304244
355944 355943090
145626 145625282
103414 103413455
299420 299419290
311649 311648720
5214 5213534
132292 132291859
373545 373544633
445605 445604513
213024 213023384
366680 366679620
153350 153349144
286301 286300977
99056 99055968
26593 26592343
268991 268990610
451963 451962682
387734 387733021
393399 393398834
272668 272667347
193325 193324645
206854 206853980
22038 22037240
491140 491139410
200862 200861359
28730 28729940
436717 436716868
338309 338308632
477915 477914397
30304 30303886
357826 357825799
429166 429165935
5841 5840649
379894 379893607
347581 347580747
875 874031
399831 399830790
91428 91427961
340948 340947848
230825 230824955
66955 66954283
42419 42418078
172663 172662023
483167 483166407
183110 183109956
238852 238851599
91833 91832072
238678 238677436
157350 157349908
434909 434908388
248921 248920586
37295 37294703
184322 184321871
244151 244150891
251255 251254269
360865 360864163
264239 264238667
356686 356685322
17672 17671738
396979 396978590
147867 147866450
150074 150073298
452910 452909899
61703 61702930
415003 415002661
150482 150481645
270106 270105027
28941 28940298
272943 272942420
54019 54018237
154844 154843337
431801 431800722
317316 317315075
275094 275093990
112651 112650668
216126 216125793
414980 414979556
285238 285237206
267239 267238783
497819 497818188
12299 12298380
13196 13195860
497473 497472029
342510 342509745
132133 132132347
71123 71122591
144644 144643896
84311 84310412
359482 359481444
313364 313363337
435028 435027107
77489 77488111
287997 287996421
233297 233296292
498013 498012484
48758 48757530
294423 294422858
229327 229326701
236711 236710301
185976 185975464
495598 495597890
495975 495974555
420405 420404727
403104 403103975
416202 416201197
31249 31248465
85029 85028452
439684 439683256
261414 261413481
106540 106539911
84101 84100223
478460 478459190
276478 276477748
497280 497279623
453473 453472606
379137 379136266
197639 197638886
369625 369624110
323734 323733846
72543 72542414
25341 25340157
105925 105924456
237976 237975940
41232 41231826
48982 48981592
112491 112490141
336679 336678522
32576 32575515
433722 433721847
118890 118889480
170604 170603129
297699 297698285
435155 435154638
296090 296089991
362012 362011036
368710 368709754
395518 395517575
158561 158560437
426299 426298295
217620 217619429
200273 200272838
105580 105579554
384401 384400817
486600 486599354
309346 309345750
60543 60542829
192039 192038879
321699 321698577
330046 330045975
182358 182357426
269798 269797123
314463 314462400
404411 404410498
135610 135609524
138563 138562656
357175 357174342
434837 434836645
351440 351439248
223597 223596924
96044 96043044
453214 453213913
168216 168215016
398647 398646205
349011 349010364
412079 412078761
281131 281130032
47622 47621135
36412 36411325
463232 463231450
54531 54530580
194748 194747705
19433 19432902
473260 473259870
396597 396596912
363142 363141853
300528 300527513
313429 313428894
186360 186359987
348681 348680982
250811 250810220
68379 68378953
56479 56478457
225314 225313313
298896 298895508
105848 105847198
102333 102332888
211589 211588217
241790 241789757
108589 108588853
499673 499672328
482112 482111999
244871 244870323
365196 365195131
116498 116497466
112771 112770580
297618 297617706
355340 355339515
491758 491757297
424265 424264179
410101 410100536
91500 91499613
230421 230420126
182781 182780904
153644 153643216
154758 154757142
364018 364017169
194159 194158884
303958 303957756
464170 464169576
106001 106000269
423744 423743139
70709 70708948
51133 51132075
163942 163941995
284915 284914222
79573 79572859
37129 37128870
332754 332753091
318902 318901073
421055 421054211
336927 336926645
332979 332978389
94645 94644151
417614 417613917
190097 190096861
207069 207068680
462653 462652914
156480 156479604
490637 490636064
113416 113415706
341529 341528906
195544 195543811
13774 13773716
150149 150148111
88752 88751890
372422 372421957
483822 483821005
68498 68497874
45133 45132983
495411 495410126
404924 404923051
279514 279513339
245358 245357788
357414 357413496
143358 143357053
131090 131089425
474775 474774151
135534 135533229
443406 443405579
409435 409434749
78502 78501116
132761 132760703
215084 215083707
123273 123272066
278436 278435505
41570 41569361
101038 101037464
21747 21746821
414161 414160953
229161 229160828
334372 334371171
288679 288678003
469853 469852071
229985 229984097
22571 22570883
494614 494613930
224452 224451343
94153 94152961
402422 402421155
190757 190756275
495143 495142567
138131 138130095
297573 297572644
230049 230048223
426805 426804856
277786 277785644
377617 377616069
56996 56995740
19208 19207213
272574 272573033
492288 492287845
442979 442978174
405870 405869677
412760 412759584
364022 364021051
398189 398188871
96995 96994015
13376 13375402
294807 294806933
200079 200078108
303783 303782564
164083 164082344
292642 292641520
83198 83197407
267725 267724475
284750 284749310
375556 375555184
401724 401723123
325422 325421287
285127 285126218
227589 227588211
210752 210751896
13604 13603008
489102 489101419
55766 55765609
188577 188576598
174044 174043351
197241 197240061
32787 32786918
417175 417174900
121478 121477527
377808 377807912
102483 102482113
337995 337994062
83993 83992517
253291 253290267
494546 494545452
4007 4006989
249484 249483270
439032 439031330
57450 57449676
285873 285872600
323556 323555086
157747 157746653
65850 65849124
136447 136446882
47716 47715956
262831 262830967
392349 392348429
288650 288649982
365693 365692594
40020 40019491
26434 26433807
471572 471571037
375748 375747335
214999 214998617
344533 344532797
188673 188672575
348040 348039686
463662 463661393
485321 485320274
493162 493161402
252090 252089534
123587 123586270
394757 394756555
165567 165566217
91615 91614669
447031 447030638
417942 417941735
254894 254893245
141832 141831676
207502 207501534
463931 463930489
255544 255543724
115008 115007234
342594 342593441
155204 155203206
106492 106491775
118141 118140832
331083 331082242
478538 478537009
296648 296647330
288005 288004444
213717 213716573
99475 99474868
283416 283415619
138116 138115596
327958 327957643
451488 451487042
8119 8118652
57167 57166086
250965 250964711
128873 128872480
73296 73295149
362635 362634348
459953 459952271
244487 244486637
174546 174545311
429665 429664137
419821 419820181
272952 272951735
487009 487008171
239606 239605724
189221 189220030
112831 112830790
363322 363321421
392533 392532147
161294 161293518
130415 130414777
140910 140909258
472958 472957731
454176 454175942
354311 354310376
302458 302457520
295605 295604690
125722 125721535
235913 235912024
283314 283313209
340207 340206846
254560 254559899
393949 393948666
42832 42831439
128914 128913353
154973 154972487
480359 480358545
101299 101298746
72196 72195558
199145 199144051
138401 138400242
449452 449451977
399672 399671240
186768 186767710
210963 210962591
438978 438977103
378941 378940703
270292 270291140
466853 466852708
485073 485072758
167248 167247789
351100 351099250
295346 295345799
413856 413855152
26629 26628114
450145 450144187
37799 37798186
338726 338725125
75088 75087668
458996 458995284
191683 191682374
405584 405583593
159695 159694474
115467 115466229
367173 367172144
302028 302027207
199155 199154899
299263 299262327
186637 186636773
456681 456680758
36423 36422314
2757 2756091
353536 353535109
80144 80143456
117898 117897290
247753 247752821
4997 4996623
387428 387427494
177104 177103387
117937 117936871
367020 367019508
218640 218639788
18353 18352094
173719 173718382
145067 145066059
299658 299657937
205877 205876418
375040 375039937
271038 271037648
196450 196449972
91305 91304060
440007 440006106
371053 371052397
485720 485719488
33461 33460282
435812 435811903
485864 485863366
192406 192405942
384766 384765839
441152 441151397
359360 359359946
179340 179339838
438821 438820985
330764 330763242
467136 467135172
79180 79179693
99792 99791691
314078 314077235
184902 184901480
941 940271
96427 96426063
109806 109805153
424302 424301644
205358 205357791
373299 373298717
85636 85635133
458858 458857042
235557 235556451
464688 464687947
296015 296014382
173607 173606984
309158 309157808
449651 449650574
487372 487371478
201280 201279291
362511 362510006
245814 245813319
77978 77977918
15163 15162407
474926 474925745
336411 336410104
214738 214737367
263987 263986312
437020 437019832
374885 374884262
459567 459566946
369852 369851220
13797 13796341
116740 116739081
413775 413774621
401982 401981356
317755 317754370
315530 315529172
322315 322314423
27496 27495383