
27785 27784619
212209 212208607
81463 81462904
276473 276472486
74419 74418849
96612 96611454
308440 308439350
26188 26187072
1116 1115141
227635 227634470
44463 44462447
305810 305809895
255281 255280202
225272 225271374
152537 152536555
132532 132531720
85286 85285706
171890 171889342
108210 108209036
350172 350171785
336228 336227059
225781 225780888
254572 254571865
326931 328638929
142307 142306095
168261 168260512
25359 25312242
143903 143902760
5385 5384364
351132 351131163
195030 195029774
272181 272180996
193437 193436622
83246 83245437
262782 262781877 262781231
335841 335840039
332362 332361647
118538 118907349
227726 227725136
324707 324706156
282103 282102978
212124 212123575
228704 228703923
61148 61147391
285926 285925335
126395 126394615
339708 338915767
213162 213043770
344347 344346820
231829 231828424
309044 309043547
7272 7271806
295090 295089277
145827 145826750
246366 246365077
338903 338902590
14971 15670126
163388 163387836
200837 200836405
287627 287626533
195125 195124560
242172 242171660
338437 338436095
38916 38915643
106643 106642667
110103 110102098
34850 34849107
208189 208188340
115852 115851744
244319 244318229
266750 266749886
200893 200892416
133161 133160830
279189 279188721
201240 201239314
150581 150580402
342721 342720798
211206 211205901
126300 126299261
308627 308626773
264444 264443283
173738 173737644
5016 5015577
220765 220764215
105299 105298863
241988 241987382
337214 337213980
315454 315453158
231960 231959342
53713 53712159
65430 65429402
204811 204810991
34749 34748992
214358 214357788
39799 39798081
155495 155494121
47924 47923660
317429 317428381
147893 147892161
311995 311994436
32058 32057830
37666 38853110
254836 254835721
137286 137285393
277313 277312813
296674 296673194
61470 61469324
300961 300960707
280957 280956746
117297 117296811
123236 123235496
335609 335608551
224040 224039451
8279 8278009
262259 262258193
167294 167293006
272644 272643199
209790 209789771
137066 137065409
354772 354771914
76190 76189064
54756 54755608
333358 333357299
341758 341757660
324667 324666039
53903 53902656
108657 108656433
202434 202433253
264439 264438436
169449 169448620
176031 176030118
327458 329165692
21683 21682979
235745 235744604
11742 11741416
250870 250869149
100982 100981794
156515 156514524
263564 263563748
101488 101487736
114089 114088432
76259 76258955
71601 71600086
41759 41758139
229420 229419070
29146 29145794
25949 25948425
45541 45540053 45540737
228500 228499450
45127 45126084
31019 31018252
127425 127424423
66413 66412145
352914 352243571
147457 147456480
46543 46542436
64186 64185078
170293 171098703
344025 344024308
24227 24226467
131518 131517402
342581 342580184
224840 224839614
41028 41027869
106461 106460073
130693 130692120
88304 88489162
8490 8489081
296150 296149765
61181 61180062
70419 70418913
298239 298238755
145300 145299241
291389 291388427
199968 199967347
119028 119397910
346125 346124185
329936 329935786
56246 56245276
279019 279018739
102001 102000321
246423 246422329
253445 253444716
265295 265294199
197816 198033474
68690 68689895
165250 165249844
124294 124293255
39401 39400863
92335 92334394
178263 178262258
126409 126408362
115056 115055385
93084 93083272
33255 33254459
106294 106293721
34351 35106246
115228 115227188
11540 11539803
157461 157460628
215910 215909443
337968 337967733
81154 81153271
146226 146225235
185625 185624723
339655 338862020
51125 51124708
60096 60095942
106665 106664176
269970 269969922
6899 6898211
185663 185662928
280069 280068004
171841 171840103
305895 305894587
49481 49480694
113697 113486153
335020 335019347
55271 55270095
85933 85932895
270852 270851616
25070 25069296
155600 155599325
237997 237996696
335991 335990993
112410 112409265
251827 251826808
345236 345235963
49166 49165963
186900 186899751
246670 246669904
10935 10934866
174371 174370833
331852 332299251
256386 256385599 256385177
66237 66078313
41057 41056487
69185 69184183
4977 4976535
143928 143927819
189154 189153235
170614 171161968
7588 7587935
205897 205896447
268673 268672341
336019 336018982
269987 269986359
235088 235087368
339488 338695021
85951 85950992
228224 228223057
156799 156798544
158369 158368472
74835 74834248
240971 240970895
174670 174669689
280434 280433183
242140 242139715
332171 332170207 332170105
9935 9934197
59231 59230306
135567 135566149
289566 290053326
213362 213243846
343614 343613197
295411 295410034
256956 256955154
46174 46173908
117586 117585504
252464 252463212
131877 131876800
254750 254749352
243731 243730105
11390 11389816 11389355
137401 137400093
95784 95783159
261677 261676223
266708 266707677
276317 276316495
132983 132982438
3007 3006986
298327 298326995
304742 304741430
21821 21820020
47723 47722837
143686 143685824
147577 147576880
297473 297472152
120738 120737925
136579 136578773
315233 315232656
213824 213705253
63511 63510346
27329 27328309
114877 114876440
136185 136184575
279700 279699517
269867 269866003
122002 122001912
191021 191020058
90033 90032438
304546 304993843
292590 292589319
9715 9714923
81886 81885559
207712 207711052
149527 149520773
233899 233898718
322606 322605659
321192 321191774
340623 340622119
37503 38746722
199660 199659920
215308 215307239
217282 217281469
113046 113045158
44263 44262097
19410 19409223
10987 10986036
59545 59544560
217396 217395221
165413 165412386
259709 259708323 259708997
321795 321794728
164868 164867120
43721 43720765
83962 83961909
342279 342278009
326227 327934213
32531 32530379
204576 204575053
336187 336186438
105403 105402674
104035 104034171
212238 212237776
346481 346480146
277410 277409106
162545 162544640
131919 131918563
218341 218340732
52866 52865348
257746 257745520
169976 169975999
355004 355003455
164955 164954010
115353 115352302
310552 310551153
206508 206507688
190706 190705507
186764 187363342
335985 335984769
220027 220026561
266259 266258100
22284 22283573
54698 54697059
95550 95549620
42648 42647491
97239 97238910
286359 286358528
72984 74867611
5445 5444499
6347 6346774
233481 233480719
307942 307941681
315538 315537637
235704 235703029
281870 281869312
211798 211797285
290818 290817566
331190 331637427
251175 251174012
34596 34595097
289792 290279302
319307 319306663
108189 108188859
49606 49605712
203494 203493719
155317 155316270
141996 141995644
221756 221755529
52935 52934955
206157 206156190
84648 84647889
300340 300339250
139054 139053432
83127 83126473
302931 302930789
51772 51771328
23535 23534044
296107 296106686
263644 263643474
107953 107952137
71198 71197579
245416 245415840
66757 66756601
57436 57435745
305600 305599178
302429 302428192
268997 268996950
66296 66095479
355216 355215616
140075 140074540
5396 5395980
254140 254139597
26226 26225860
114036 114035526
184429 184428292
57104 57103866
279762 279761659
185496 185495385
240321 240320131
278493 278492358
206672 206671906
39499 39498511
251347 251346587
142067 142066518
178226 178225740
61362 61361718
219186 219185323
192182 192181794
259125 259124608
122311 122310338
165511 165510171
156509 156508439
156482 156481180
179030 179029418
227871 227870743
241656 241655485
262857 262856478
265820 265819074
227653 227652700
299162 299161214
224994 224993201
15209 15208087
226261 226260657
303396 303395389
252093 252092856
341408 341407664
232534 232533251
103945 103944345
83757 83756605
168879 168878643
287663 287662776
107903 107902629
48691 48690924
131842 131841230
227095 227094579
351757 351756897
207609 207608318
133432 133431554
30550 30549383
72487 74370246
195280 195279721
309163 309162344
102104 102103270
3747 3746319
20844 20843765
70508 70507278
239226 239453823
167549 167548380
247890 247889147
241273 241272329
13102 13101607
231499 231498450
154191 154190937
91132 91131751
70749 70748616
225102 225101826
347911 347910715
89715 89900730
266249 266248470
208903 208902988
352257 352256584
332853 332852953
172450 172449071
76307 76306878
86995 86994698
174121 174120417
175741 175740665
306214 306213831
213434 213315534
129239 129238551
222178 222177104
245826 245825481
53055 53054048
233108 233107200
335433 335432820
2626 2625306
289369 289856588
252357 252356706
329502 329501703
263315 263314171
8464 8463321
37633 37632473
27780 27779389
35123 35112611
175031 175030021
345205 345204383
62386 62385084
116455 116454332
191077 191076932
226486 226485897
347216 347215419
325294 325293294
218104 218103573
199039 199038384
277186 277185694
36979 38248061
99250 99249548
290225 290224905
300294 300293649
305905 305904208
109488 109487194
208627 208626437
120363 120362898
150918 150917761
200993 200992253
136170 136169487
148461 148456929
144677 144676192
286744 286743474
274750 274749227
251065 251064357
259104 259103264
221952 221951714
179066 179065075
52278 52277991
136736 136735787
158411 158410124
150960 150959998
354669 354668834
6861 6860662
336872 336871584
42702 42701466
325259 325258908
145294 145293025
195621 195620079
240267 240266192
131192 131191655
319114 319113644
332861 332860610
29548 29547498
207142 207141853
29927 29926902
211448 211447792
262382 262381528
81427 81426208
245004 245003659
135207 135206493
26325 26324984
19657 19656810
191479 191478930
2947 2946683
194643 194642705
295315 295314327
262199 262198335
209151 209150112
55187 55186981
174586 174585228
332122 332121310
240529 240528337
286562 286561478
36113 37918558
316835 316834476
551 550563
354024 354023492
92058 92057110
99392 99477405
286535 286534604
82844 82843524
336494 336493486
159657 159656949
41096 41095836
128065 128064130
37046 38309184
42377 42376290
146688 146687861
345618 345617675
244743 244742526
318392 318391888
135233 135232131
182149 182148440
232231 232230643
112372 112371653
153992 153991531
214069 214068227
213935 213816887
70342 70341873
107550 106413913
160639 160638175
87354 87353569
153196 153195781
188362 188361245
105808 105807432
329808 329807364
21903 21902980
354122 354121684
127867 127866355
161238 161237437
209240 209239415
46074 46073530
111055 111054839
280643 280642069
349316 349119427
195096 195095249
93787 93786954
61282 61281737
230263 230262251
55496 55495975
308957 308956168
258662 258661769
152646 152645087
335345 335344501
137306 137305050
43141 43140817
113463 113462898
315030 315029837
150948 150947380
97307 97306294
315568 315567483
62347 62346889
330087 330534724
63721 63720966
259843 259842764
234924 234923819
221835 221834582
84663 84662813
273966 273965013
159595 159594007
30877 30876209
15332 15331501
198344 198343957
90495 90494851
274462 274461309
192035 192034354
67267 67266922
268281 268280312
219395 219394419
119628 119997677
169465 169464145
125620 125619854
67452 67451893
231684 231683685
54963 54962036
170455 170454681
96382 96381161
125274 125273264
296317 296316869
212330 212329652
151957 151956324
137482 137481522
263788 263787921
226202 226201032
180073 180072746
234646 234645925
218840 218839256
118606 118975156
197611 197828670
238450 238677899
238916 239143294
192090 192089057
59598 59597410
13941 13940545
316842 316841819
267388 267387049
342346 342345037
189443 189442538
30595 30594581
274973 274972247
4716 4715900
71052 71051663
191646 191645255
109185 109184284
347530 347529160
334079 334078171
22022 22021030
329588 329587184
2283 2282079
57937 57936575
285653 285652621
183108 183107373
315975 315974878
152141 152140902
244894 244893837
10362 10361477
1544 1543627
50184 50183465
320495 320494640
143655 143654949
321417 321416821
255737 255736373
218821 218074326
329322 329321177
20259 20258752
294772 294771783
289542 290029614
127267 127266566
145192 145191994
91921 91920798
49883 49882585
72418 74301425
156837 156836963
50882 50881239
316724 316723694
142975 142974030
241413 241412781
86823 86822349
162405 162404235
22241 22240780
287992 287991137 287991596
4644 4643580
7991 7990295
322287 322286303
96332 96331339
190609 190608201
178355 178354654
24649 25200639
56941 56940601
204318 204317126
33468 33467286
102453 102452894
330664 331111456
244063 244062520
218790 218789325
89882 90067980
328509 328508484
250416 250415895
223394 223393091
232864 232863280
342289 342288395
188257 188256531
282347 282188814
219185 219184930
297687 297686500
234962 234961401
118915 119284362
153710 153709383
264051 264050497
353499 353498527
306037 306036292
188690 188689799
257839 257838293
145612 145611413
196916 197133341
153711 153710613
192948 192947779
3639 3638627
103022 103021162
346595 346594612
94770 94769430
130725 130724672
3948 3947305
312176 312175012
85835 85834628
51808 51807956
114065 114064046
230482 230481238
288487 288974840
262481 262480592
83866 83865412
174249 174782029
206447 206446068
329043 329042809
181555 181554572
328589 328588193
3109 3108830
187692 188133823
224640 224639940
28657 28656812
212174 212173515
211924 211923968
185774 185773289
198203 198202404
88586 88771951
67475 67474095
311710 311709132
61829 61828429
72505 74388556
218169 218168436
40091 40090090 40090051
216614 216613618
350206 350205019
135897 135896412
129875 129874867
281275 281274579
168272 168271609
353657 353656533
347601 347600675
200695 200694357
225519 225518593
100359 100358413
158759 158758520
161091 161090033
130700 130699321
66790 66789515
333490 333489358
108818 108817068
63880 63879529
149641 149634360
139616 139615319
338984 338983954
290681 290680230
286170 286169287
188599 188598328
323999 323998732
299465 299464084
72154 74037640
324054 324053564
164636 164635355
63460 63459877
250176 250175769
145854 145853321
215156 215155825
91326 91325007
197838 198055141
78562 78561630
142465 142464241
76775 76774446
138218 138217589
278327 278326842
146529 146528043
191173 191172873
58152 58151213
269945 269944431
141075 141074690
253666 253665660
249864 249863607
59517 59516014
42920 42919817
90953 90952583
126217 126216948
128811 128810086
240852 240851373
173253 173252625
114759 115488516
33876 33875438
266450 266449054
353928 353927112
151482 151481710
197421 197638991
23315 23314694
64092 64091839
200485 200484205
144120 144119643
294331 294330533
307071 307070044
211984 211983271
83953 83952666
2296 2295414
307127 307126613
249930 249929239
48418 48417725
218528 218527398
96251 96250234
715 714881
43766 43765392
264999 264998443
157275 157274800
296480 296479846
216125 216124389
237518 237517651
83430 83429814
319641 319640023
273194 273193425
218389 218042596
352160 352159129
202500 202499759
170198 170197801
112563 112562763
277563 277562204
79931 79930312
72156 74039174
268961 268960273
43489 43488768
345780 345779607
227301 227300441
28319 28318377
135899 135898395
208395 208394798
112073 112072837
55398 55397913
150542 150541502
263828 263827149
293211 293210654
115985 115984078
145894 145893232
118142 118511810
304282 304281279
134387 134386142
314293 314292759
39200 39199739
273598 273597382
270625 270624908
72007 72006250
262827 262826007
71023 71022182
234705 234704917
346491 346490583
77974 77973008
193991 193990228
203411 203410258
302702 302701781
320511 320510243
328134 328133525
273567 273566959
174771 174770358
80511 80510293
293221 293220517
231183 231182299
100679 100678358
270917 270916458
64518 64517302
228273 228272162
211217 211216341
197882 198099482
101875 101874610
105917 105916842
120668 120667007
330177 330624105
318146 318145309
346749 346748188
188548 188547829
77904 77903472
302356 302355573
150773 150772224
8095 8094948
176136 176135197
248785 248784846
115594 115593303
128012 128011630
70217 70216015
145285 145284365
350604 350603055
87991 87990623
200519 200518518
332508 332507765
215472 215471639
138421 138420548
312918 312917987
288873 289360355
307602 307601510
42380 42379825
21305 21304404
22131 22130068
333164 333163350
262716 262715029
284237 284236470
253911 253910872
174481 174480821
74357 74356104
318712 318711003
79848 79847742
118855 119224160
298715 298714925
74675 74674127
290144 290143901
231290 231289232
259611 260010793
338056 338045376
48205 48204122
299792 299791282
70380 70379071
128140 128139087
45509 45508854
121442 121441180
253264 253263870
140411 140410312
278187 278186575
306912 306911016
263539 263538987
148256 148251313
351673 351672283
94850 95969114
221730 221729435
250988 250987845
333970 333969654
152636 152635174
343005 343004520
179546 179545546
146312 146311507
221013 221012997
16135 16134782
247746 247745756
253375 253374367
324271 324270297
305500 305499709
285713 285712842
123178 123177550
269558 269557228
184346 184345202
275943 275942806
172860 172859931
312353 312352854
302530 302529767
346275 346274904
326936 328643746
258137 258136734
347595 347594446
85968 85967382
730 729193
150545 150544961
294927 294926051
138463 138462129
140707 140706614
259716 259715416
55140 55139310
110029 110028536
30341 30340879
239540 239767965
166267 166266789
291277 291276900
318403 318402928
245755 245754579
156277 156276924
100944 100943563
39333 39332171
298152 298151480
218048 218047444
338576 338211225
40829 40828242
156699 156698747
277399 277398811
165694 165693167
242654 242653613
283722 283721588
263244 263243702
272429 272428966
206120 206119683
304426 304947833
580 579447
168452 168451785
161695 161694377
318440 318439009
51199 51198463
36743 36742475
55125 55124848
115492 115491547
149369 149362202
53750 53749752
230147 230146179
28195 28194148
224255 224254443
137987 137986894
45466 45465255
217747 217746521
35842 35841784
258636 258635094
19294 19293486
345662 345661589
243126 243125741
327377 329084237
326328 328035964
122456 122455592
64329 64328974
331905 332352140
43418 43417252
178994 178993726
256154 256153122
130920 130919379
25217 25216473
166511 166510519
281938 281937171
193390 193389459
345244 345243682
151591 151590868
128888 128887895
279015 279014366
119143 119512418
347231 347230722
240012 240011201
184713 184712977
31065 31064071
292217 292216483
125909 125908093
124933 124932455
235456 235455785
221593 221592324
231663 231662580
82779 82778604
183230 183229593
63839 63838667
315759 315758017
131540 131539268
320722 320721023
27245 27244349
136594 136593494
342474 342473202
3078 3077389
25245 25244043
347325 347324584
325711 325710046
17071 17070386
1825 1824909
105111 105110454
32943 32942469
288491 288978761
219152 219151641
301537 302428226
183510 183509118
263921 263920505
153924 153923172
155220 155219014
243227 243226102
216025 216024484
322530 322529341
216732 216731364
176642 176641461
329853 329852517
225723 225722681
327274 328981379
296013 296012233
197605 197822918
346670 346669072
229487 229486896
153284 153283396
80380 80379145
57795 57794321
132763 132762466
295159 295158731
160399 160398325
136867 136866158
199527 199526900
24077 24076550
186493 186492570
80413 80412014
276557 276556138
177299 177298962
202198 202197035
7255 7254790
303335 303334952
128078 128077861
238904 239131906
30862 30861943
41532 41531802
12151 12150823
152614 152613231
13845 13844817
74657 74656837
122875 122874807
179603 179602500
348022 348021629
231480 231479450
147911 147910364
300996 300995684
191495 191494388
154943 154942208
133035 133034099
223982 223981620
246433 246432726
170725 170724597
63630 63629716
130337 130336338
341359 341358832
32109 32108412
138114 138113271
226830 226829910
89544 89729726
203502 203501371
266845 266844156
22257 22256981
314453 314452504
47720 47719404
58110 58109033
195924 195923624
175596 175595778
162999 162998096
18790 18789162
210600 210599332
220300 220299584
218881 218880162
225304 225303134
76804 76803300
228711 228710203
227518 227517350
220956 220955485
57955 57954653
116820 116819996
113131 113130769
160764 160763318
191508 191507023
190095 190094056
164557 164556425
194125 194124959
332381 332380236
202759 202758987
109956 109955302
31040 31039269
258633 258632150
127269 127268893
130468 130467571
328007 328006352
99767 99852750
120742 120741290
141142 141141688
240362 240361074
53733 53732066
120162 120161695
242300 242299436
341956 341955846
84970 84969623
233595 233594985
151738 151737844
183468 183467314
331470 331917925
45437 45436120
259407 259406455
34633 34632812
117981 117980783
228493 228492922
107011 107010117
322439 322438496
185795 185794390
340402 340401582
67259 67258874
352332 352331566
326366 328073916
294535 294534250
85165 85164941
53373 53372932
225105 225104392
90909 90908856
69186 69185195
267645 267644250
155812 155811495
62430 62429681
253232 253231124
131755 131754465
227251 227250574
250029 250028556
69534 69533934
229574 229573322
82326 82325544
303688 303687452
301399 302292243
192902 192901564
65841 65840810
119165 119534312
81597 81596699
341026 341025241
171375 171374280
343715 343714095
160050 160049073
208869 208868335
30098 30097537
233543 233542355
91566 91565750
345833 345832744
174379 174378156
269367 269366942
113409 113408936
167608 167607767
312592 312591065
198301 198300763
130692 130691743
36714 38137250
290312 290311841
316435 317928466
112054 112053968
221611 221610160
325278 325277306
166661 166660564
145672 145671072
296730 296729097
247095 247094976
140124 140123485
77065 77064514
215015 215014021
21993 21992783
204780 204779332
147742 147741896
191386 191385550
61583 61582986
136457 136456202
205673 205672714
153202 153201634
232597 232596947
110202 110201122
199334 199333750
273180 273179921
119718 120087252
271709 271708805
44160 44159133
104831 104830940
269196 269195442
110788 110787279
143530 143529882
49665 49664176
58137 58136953
234323 234322949
327705 329412344
23980 23979226
89282 89467686
254042 254041422
92381 92380747
53379 53378315
232859 232858424
159470 159469774
279930 279929045
223571 223570459
242697 242696671
102094 102093522
304315 304314702
281913 281912756
276715 276714628
279531 279530826
265855 265854818
147396 147395671
253398 253397489
23986 23985368
331041 331488541
45736 45735406
312927 312926334
64598 64597595
256921 256920192
243196 243195851
158199 158198176
255997 255996575
239393 239620234
74241 74240678
87147 87146015
38672 38671603
270578 270577796
249509 249508127
223135 223134093
315557 315556696
125790 125789149
327348 329055086
81002 81001508
222687 222686296
199045 199044538
75546 75545537
274047 274046081
325633 325632034
346561 346560671
268804 268803740
265070 265069976
181959 181958641
94681 94680156
249739 249738046
306151 306150998
272615 272614491
315242 315241285
191220 191219055
179193 179192094
11307 11306815
85890 85889572
252185 252184680
32800 32799989
87418 87417248
170083 171064805
272698 272697763
259005 259004302
268555 268554072
350054 350053820
78940 78939497
312904 312903258
71205 71204830
319318 319317026
71458 71457977
273174 273173602
347192 347191891
195516 195515155
242045 242044253
304673 304672166
121036 121035873
341907 341906270
57009 57008298
301545 302436842
196720 196937946
347476 347475999
147543 147542541
348373 348372217
17452 17451583
307136 307135890
70388 70387791
51344 51343995
25289 25288283
307755 307754413
135873 135872075
4599 4598548
335422 335421022
29698 29697854
46650 46649949
351930 351929478
276726 276725961
291808 291807912
271660 271659396
66964 66963397
278478 278477098
233710 233709155
139832 139473207
287684 287683091
62761 62760225
337029 337028632
134972 134971992
193712 193711570
284385 284384994
304249 304248641
67963 67962466
237154 237153745
213278 213159394
35084 35083280
2061 2060321
75628 75627453
191325 191324314
162512 162511269
87685 87684386
17128 17127533
91771 91770759
243560 243559992
231842 231841535
194677 194676270
121844 121843450
251330 251329992
265266 265265995
332578 332577481
267412 267411986
75529 75528596
161720 161719642
64428 64427228
163395 163394064
185549 185548926
65891 65904135
131820 131819449
251661 251660896
102226 102225008
295252 295251088
6980 6979203
45550 45549457
28721 28720348
209526 209525304
330790 331237168
70425 70424569
241635 241634359
49454 49453514
281848 281847482
320061 320060295
134716 134715968
328189 328188020
148401 148396817
348517 348516105
348131 348130961
81890 81889425
201767 201766853
345141 345140895
263694 263693563
156573 156572956
78063 78062434
70085 70084885
348441 348440547
27808 27807765
106569 106568720
47230 47229649
293665 293664010
35472 35471110
78977 78976306
56745 56744536
277626 277625525
122807 122806877
330289 330736651
76835 76834668
61791 61790674
277303 277302568
121975 121974977
65834 65833852
169174 169173902
74043 74042924
122860 122859490
64930 64929251
102957 102956694
343213 343212144
263961 263960039
346843 346842646
216920 216919155
137902 137901331
340263 340262600
160577 160576041
127676 127675525
192756 192755490
10470 10469761
251020 251019668
18153 18152676
300679 300678229
192151 192150448
88122 88307104
75891 75890849
24924 24923993
277555 277554553
153824 153823156
242343 242342688
32105 32104692
144942 144941918
355351 355350641
297367 297366523
165844 165843672
298022 298021848
161431 161430070
8999 8998918
132561 132560440
313178 313177038
144738 144737029
144542 144541264
3486 3485998
277194 277193320
272754 272753902
40577 40576029
233230 233229318
172746 172745562
258764 258763683
136006 136005345
261747 261746608
197675 197892561
282306 282305876
58414 58413994
348932 348931269
305369 305368233
39240 39239951
85530 85529795
228618 228617008
185141 185140744
243120 243119017
241418 241417610
93822 93821523
268044 268043316
97758 97757310
170537 170536422
38306 38305208
65614 65613002
327750 329457366
110956 110955113
117476 117475071
255918 255917073
312810 312809376
128322 128321903
235728 235727307
292729 292728678
43503 43502740
338592 338227362
197182 197399076
335472 335471921
243700 243699572
21911 21910110
241831 241830394
259714 260021091
99569 99654562
214945 214944049
195672 195671339
282812 282811856
37140 38399732
321291 321290809
224538 224537238
27477 27476447
275000 274999763
134533 134532317
276300 276299168
19428 19427908
217997 217996166
130516 130515191
15924 15923672
102560 102559084
193920 193919979
259659 259658041
195456 195455495
307979 307978460
336720 336719670
15719 15718583
236391 236390249
299657 299656725
137398 137397087
99268 99267150
261092 261091954
31253 31252908
343440 343439252
333640 333639715
340357 340356038
311400 311399765
705 704082
329214 329213370
341930 341929342
160635 160634308
253614 253613044
257526 257525900
226816 226815952
223094 223093021
64800 64799409
205311 205310183
66425 66424721
28878 28877331
110339 110338037
133116 133115600
336769 336768635
93316 93315954
249488 249487336
151185 151184284
152899 152898342
309153 309152290
149370 149363906
258354 259817859
81710 81709758
295821 295820457
219104 219103507
243554 243553067
40989 40988522
234438 234437167
267630 267629844
103493 103492996
20921 20920392
169967 169966219
105180 104147261
285024 285023883
335768 335767266
107381 107380010
306877 306876339
101053 101052664
158775 158774496
78357 78356947
150438 150437026
166617 166616573
36608 38125931
72982 74865890
153450 153449176
165166 165165468
99337 99470735
139970 139969245
69 68534
164922 164921596
35627 35626304
101101 101100336
270547 270546647
268437 268436259
232538 232537457
281292 281291570
290499 290498348
65111 65110766
268139 268138263
156946 156945079
343712 343711467
201503 201502132
269743 269742683
174849 174848868
262601 262600453
246157 246156750
88428 88613534
170004 170003863
159391 159390872
332958 332957193
239022 239249774
180292 180291171
294576 294575266
192249 192248100
287597 287596465
210092 210091964
130044 130043964
293832 293831526
58517 58516291
9169 9168512
293624 293623589
344428 344427934
161589 161588779
306131 306130120
326206 327913417
190040 190039269
99667 99752492
104481 104480329
39080 39079753
244825 244824172
268317 268316303
229498 229497125
262667 262666412
256439 256438190
267318 267317090
271674 271673848
355987 355986778
25377 25376145
291702 291701012
262737 262736846
209692 209691552
30656 30655264
109483 109482973
49509 49508278
158720 158719964
241440 241439980
70278 70277551
46855 46854314
275542 275541421
173349 173348781
116401 116400472
315996 315995966
296661 296660317
164025 164024613
73878 75749666
71862 71861605
158149 158148133
287541 287540807
78992 78991711
272134 272133418
148859 148854196
347305 347304420
239969 240196687
155550 155549422
240876 240875130
144545 144544920
168510 168509633
171513 171512678
161193 161192659
204524 204523951
198576 198575104
220433 220432249
285290 285289391
49132 49131201
107675 107674787
39483 39482572
120476 120475195
146482 146481836
59658 59657506
316679 316678245
352872 352871346
228800 228799650
288684 289171806
234343 234342321
232780 232779307
304327 304326966
349657 349656655
212272 212279717
212056 212055202
240541 240540624 240540300
178209 178208127
126735 126734808
26773 26772519
87895 87894596
254878 254877947
166903 166902717
255719 255718502
281416 281415049
134117 134116620
90659 90658774
49458 49457145
148462 148457923
236858 236857317
120121 120120574
225223 225222110
254056 254055087
97236 97235321
262510 262519580
299419 299418125
45037 45036867
26614 26613092
128114 128113041
151622 151621394
56741 56740633
113962 113961387
192795 192794543
219180 219179367
235928 235927676
244620 244619074
128577 128576053
306179 306178806
77913 77912763
265447 265446779
298686 298685501
188265 188264607
41566 41565890
235132 235131940
126785 126784197
240700 240699155
304757 304756899
300813 300812643
81536 81535365
178605 178604175
211060 211059498
354302 354301641
255284 255283695
130681 130680949
302687 302686363
351035 351034471
316479 316478712
33688 33687557
235916 235915940
281070 281069840
285446 285445702
353126 353125695
335907 335906173
284748 284747795
196849 197066928
133366 133365584
309266 309265500
73476 75359344
231826 231825299
63147 63146793
247763 247762222
268702 268701529
152342 152341144
74094 74093964
87166 87165098
73051 74934563
261541 261540290
209905 209904475
281367 281366389
242024 242023078
2964 2963438
217386 217385647
255196 255195111
323979 323978087
322526 322525442
63254 63253199
61609 61608600
227359 227358595
193765 193764707
41945 41944091
137003 137002541
291290 291289526
47263 47262178
146331 146330559
95232 95231237
320681 320680521
340309 340308942
43687 43686285
128391 128614057
9257 9256824
20132 20131760
119136 119505408
203090 203089031
228042 228041918
105317 105316196
269899 269898660
54357 54356658
169226 169225339
184562 184561115
85559 85558526
136525 136524129
138154 138153759
56132 56131127
72964 74847281
91728 91727399
336245 336244378
29500 29499236
105677 105676493
160258 160257518
326912 328619980
62909 62908755
182277 182276474
206287 206286323
46456 46455318
270792 270791801
309343 309342710
23673 23672626
234942 234941322
224402 224401036
116047 116046960
176672 176671392
324239 324238320
98068 98067516
61298 61297356
324367 324366946
47204 47203578
126111 126110857
53667 53666248
230046 230045350
108161 108160746
276851 276850933
328899 328898015
71001 71000286
113130 113129369
149335 149328533
61102 61101012
43115 43114752
98587 99408935
114663 114662803
280815 280814493
273289 273288140
188578 188577016
326013 327720234
264751 264750946
174834 174833609
271478 271477114
317714 317713677
25522 25521486
103797 103796097
161624 161623735
47464 47463083
337096 337095659
30266 30265270
236532 236531569
88247 88432704
310191 310190200
215870 215869398
16404 16403373
190082 190081335
249133 249132073
159485 159484962
304745 304744035
230312 230311728
188563 188562888
202477 202476438
320300 320299146
160217 160216957
170157 170156310
179047 179046217
263599 263598536
31544 31543499
113590 113589908
29438 29437597
202981 202980164
183690 183689362
291871 291870343
97669 97668345
100245 100244394
247493 247492309
24599 24598351
251871 251870198
135331 135330393
112210 112209665
84293 84292435
103533 103532048
278856 278855738
165890 165889816
88267 88452986
212666 212551110
52505 52504193
169599 169598206
350697 350696226
3563 3562152
98321 99226731
210131 210130791
328375 328374449
231148 230111215
105467 105466008
65004 65003846
341579 341578537
299529 299528244
202571 202570700
49353 49352701
232851 232850565
111041 111040770
182617 182616141
346570 346569596
92410 92409564
349294 349293453
227224 227223276
217333 217332915
84528 84527216
314943 314942189
312450 312449985
62443 62442205
233363 233362628
29029 29028142
281472 281471791
182070 182069126
111266 111265954
219282 219281085
228040 228039089
65576 65575022
46364 46363498
114232 114231495
208572 208571248
123981 123980770
124849 124848743
203769 203768805
245722 245721697
119731 120100759
187896 188337444
70973 70972624
103731 103730065
336065 336064626
288818 289305560
34022 34021441
44694 44693580
310927 310926858
89162 89347137
342514 342513432
259619 259618663
209521 209520998
345215 345214355
143342 143341257
309865 309864984
59005 59004598
236321 236320317
55566 55565942
171191 171190334
256692 256691015
77724 77723609
271754 271753208
338470 338111619
190209 190208743
92856 92855715
155588 155587883
139247 139246291
395 394921
321198 321197036
288453 288940007
311462 311461552
73887 75758382
70000 69999437
334486 334485349
344661 344660457
84048 84047206
32924 32923627
229931 229930664
62307 62306391
313348 313347020
133313 133312864
233767 233766725
63109 63108491
83909 82182344
259509 259508096
31940 31939401
40270 40269823
334413 334412165
103438 103437929
289024 289511317
229773 229772961
129844 129843204
347166 347165340
161233 161232059
43923 43922851
151996 151995980
285271 285270381
251300 251299705
203452 203451855
195755 195228768
298896 298895216
332348 332347977
305571 305570736
107095 107094849
325004 325003937
286982 286981340
171005 171004931
208463 208462161
247006 247005128
106561 106560383
93420 93419077
244813 244812143
53906 53905067
112988 112987028
149770 149763992
93921 93920813
341217 341216134
254402 254401770
208171 208170324
165830 165829257
131546 131545327
101279 101278715
80323 80322922
72960 74843090
174327 174326883
10752 10751117
47114 47113539
32065 32064700
338045 338044190
299324 299323456
255887 255886314
231656 231655614
216946 216945861
302484 302483056
262843 262842917
208822 208821550
192862 192861556
188797 188796448
256373 256372028
295511 295510045
229696 229695106
301310 302211566
349664 349663025
39964 39963489
4629 4628923
233978 233977182
69002 69001077
224203 224202609
278063 278062506
119124 119493385
143278 143277908
334206 334205682
293150 293149159
158636 158635538
161255 161254522
169418 169417567
58793 58792668
216261 216260335
40424 40423277
281411 281410684
198890 198889881
267094 267093603
138815 138814744
72843 74726304
200391 200390903
198193 198192312
54153 54152061
127437 127436270
252210 252209729
347460 347459638
93506 93505541
113298 113297452
286092 286091514
20265 20264071
341330 341329325
277245 277244343
5387 5386753
313033 313032154
86030 86029927
312856 312855874
216291 216290583
15628 15627875
35604 35603484
185960 185959800
264561 264560630
88729 88914875
293187 293186592
114188 114187265
266768 266767161
335602 335601496
309195 309194107
224793 224792038
137045 137044305
94806 94805473
227138 227137906
222997 222996812
233077 233076680
242573 242572386
200605 200604495
126105 126104400
99518 99603573
194096 194095781
79088 79087104
273179 273178996
186139 186138874
250321 250320066
59890 59889033
49147 49146088
171705 171704163
261997 261996719
257048 257047250
13051 13050300
162480 162479224
98935 98934617
286485 286484747
346281 346280707
279884 279883636
210865 210864291
22381 22380257
109653 109652619
26717 26716451
281674 281673286
157541 157540927
321826 321825900
172444 172443659
299265 299264735
338866 338865736
197432 197649707
92750 92749635
339019 339018317
253480 253479574
52816 52815202
42980 42979016
308659 308658395
222078 222077238
281100 281099938
119390 119759563
336152 336151982
327935 329642014
132377 132376468
131655 131654237
235716 235715060
105243 105242201
203036 203035338
268963 268962254
53505 53504819
314174 314173775
146133 146132993
255483 255482464
157083 157082774
81822 81821853
248253 248252746
220994 220993778
8139 8138837
45412 45411454
105710 105709951
20369 20368524
141757 141756090
354518 354517180
22854 22853269
86694 86693623
235216 235215131
131081 131080250
65871 65870909
343289 343288205
282926 282925898
210907 210906921
160378 160377446
59989 59988847
332117 332116747
194771 194770056
118966 119335239
254223 254222893
280190 280189580
20392 20391158
317911 317910305
46167 46166896
204329 204328789
264974 264973384
304041 304040664
344989 344988813
57806 57805352
345234 345233029
71661 71660765
341189 341188360
251211 251210826
289128 289615229
197876 198093984
43423 43422347
324741 324740580
18724 18723357
164920 164919594
287340 287339126
79423 79422456
153329 153328269
261432 261431143
295468 295467588
213660 213541259
229542 229541555
260583 260582812
70037 70036612
347341 347340853
117404 117403965
324436 324435578
94639 94638682
134430 134429770
257575 257574275
279773 279772838
40123 40122941
95920 95919361
319836 319835729
54635 54634046
242948 242947356
344885 344884834
12176 12175517
267601 267600516
235218 235217383
75053 75052311
105910 105909004
176057 176056274
247057 247056954
20743 20742221
138485 138484755
224174 224173356
9255 9254857
33240 33239116
162721 162720387
309467 309466928
178728 178043829
35761 35760902
296538 296537805
308529 308528061
177470 177469639
352852 352851965
55293 55292705
317119 317118074
111211 111210026
260285 260284296
254259 254258987
211914 211913583
98376 98375684
301656 302543113
237020 237019491
338319 338318797
106469 106126906
255944 255943681
228252 228251295
241479 241478403
81944 81943894
345319 345318398
230213 230212129
288295 288782017
248503 248502144
335866 335865695
42531 42530067
217145 217144526
280931 280930111
134091 134090707
90952 90951317
166810 166809958
168045 168044810
207786 207785075
339868 339075408
208321 208320980
36178 37983356
39332 39331385
56003 56002451
166385 166384528
418 417212
329269 329268697
116123 116122061
145448 145447685
74205 74204846
288688 289175072
151191 151190179
214122 214121771
259305 259304018
19599 19598143
343658 343657388
142552 142551337
68992 68991240
112315 112314623
351098 351097035
241727 241726618
94623 94622752
252636 252635675
189901 189900955
90955 90954748
255347 255346993
264839 264838551
349980 349979047
56000 55999375
318690 318689446
258547 258546176
334981 334980302
349528 349527644
59416 59415715
26855 26854227
252992 252991679
55111 55110798
317826 317825837
258615 258614682
127246 127245373
198416 198415608
106053 106052140
97201 97200339
37365 38620927
319741 319740150
23415 23414807
105929 105928311
338350 338349013
171073 171072730
113555 113554030
324340 324339896
41284 41283529
19911 19910616
274581 274580398
87693 87692371
227616 227615525
133387 133386326
200953 200952648
281677 281676880
105819 105818665
213684 213565749
319716 319715395
144849 144848031
271238 271237515
35478 35477134
202081 202080706
227022 227021036
19368 19367876
105673 105672643
202040 202039856
58531 58530481
173289 173288043
74497 74496131
306563 306562348
324013 324012455
197565 197782534
176553 176552075
217495 217494109
105802 104225501
197782 197999980
8847 8846503
202178 202177624
304333 304332142
81731 81730008
81363 81362875
24869 24868899
257687 257686804
141388 141387944
311160 311159999
257227 257226010
206623 206622659
81753 81752687
234096 234095425
343143 343142845
248593 248592800
286609 286608858
55327 55326826
110930 110929698
48483 48482407
142069 142068782
142478 142477199
272300 272299308
98751 98750145
115505 115504311
302451 302450273
182520 182519341
108182 108181994
323765 323764389
308942 308941305
195716 195715118
75757 75756425
163591 163590074
253741 253740069
84405 84404737
305932 305931707
67227 67226711
151121 151120095
147626 147625291
283479 282376285
216624 216623387
223227 223226709
140969 140968387
277749 277748446
4559 4558419
257416 257415390
173761 173760639
141754 141753991
106387 106386775
256505 256504040
36086 37895605
108599 108598897
45531 45530202
175428 175427723
26646 26645804
224909 224908542
157510 157509980
19699 19698620
174936 174935092
259622 259621534
83701 83700219
178613 178612492
106196 106195246
135109 135108729
317148 317147696
154644 154643825
129456 129455406
115294 115293578
329871 329870755
123367 123366342
204296 204295144
194228 194227396
59183 59182438
148262 148257501
203771 203770103
334452 334451963
30045 30044729
302299 302298443
112417 112416534
128423 128422507
57600 57599736
163991 163990875
121222 121221088
79160 79159976
2330 2329809
341399 341398716
137656 137655144
44573 44572340
6574 6573387
201041 201040298
79059 79058322
42502 42501983
108598 108597186
225817 225816018
231010 231009856
122858 122857002
232803 232802863
245949 245948609
336315 336314677
158673 158672844
271219 271218471
330856 331303043
97076 97075267
65771 65770798
97642 97641859
166346 166345394
11555 11554532
110171 110170479
305807 305806888
79651 79650191
294672 294671659
198866 198865687
3468 3467301
62837 62836264
71302 71301181
274075 274074152
342267 342266719
283819 283818658
350428 350427020
209313 209312990
8630 8629117
73350 75233165
145022 145021306
46614 46613908
3664 3663093
169037 169036246
80590 80589894
252824 252823041
315726 315725512
149368 149361364
347578 347577596
225687 225686708
275423 275422228
15175 15174809
58806 58805425
319726 319725386
334364 334363265
326110 327817715
246015 246014817
163731 163730510
273483 273482730
320252 320251599
270149 270148560
38781 38780785
62120 62119232
210261 210260580
327730 329437503
56263 56262197
286005 286004317
30002 30001919
128651 128642128
123870 123869782
350612 350611775
13917 13916578
81951 81950415
277577 277576761
314422 314421258
272114 272113490
105628 105627581
75605 75604454
355653 355652277
39426 39425299
79929 79928286
334355 334354933
76236 76235047
233626 233625132
298734 298733131
103569 103568892
74322 74321920
20781 20780236
349690 349689315
139413 139444833
312123 312122080
266894 266893786
248207 248206713
188304 188303618
140662 140661600
113101 113100290
205307 205306129
261593 261592856
48363 48362966
166699 166698924
179886 179885225
221174 221173743
211020 211019620
190446 190445354
233065 233064443
146278 146277769
254509 254508126
302431 302430615
178733 178732478
330110 330557441
27689 27688780
257744 257743203
161215 161214432
105334 105333870
260974 260973244
70908 70907558
80859 80858576