
1387 1386578
3342 3341341
4391 4390053
1214 1213927
1363 1362163
1884 1883758
1440 1439841
2734 2733040
2668 2667894
3240 3239888
3199 3198622
4245 4244205
2886 2885631
1946 1945880
3067 3066879
99 98960
3578 3577600
831 830642
2218 2217346
2036 2035891
2605 2604550
3418 3417665
1022 1021231
804 803483
490 489490
4246 4245643
1843 1842343
1143 1142479
2531 2530157
679 678497 678120
1840 1839174
1796 1795431 1795779
3164 3163052
2898 2897030
140 139931
56 55674
4475 4474190
4621 4620588
2921 2920022
498 497934
3905 3904056
4192 4191476
2634 2633279
1777 1776984
626 625756 625192
633 632483
3448 3447149
2069 2068738
319 318300
3979 3978497
3789 3788548
1429 1428786
1399 1398213
224 223977
3955 3954612
162 161530
3000 2999693
3996 3995491
2891 2890075
496 495359
174 173875
3843 3842766
1567 1566577
2378 2377979
1409 1408352
473 472171
4031 4030683
1299 1298243
2973 2972759
2566 2565309
1971 1970408
3111 3110534 3110425
1695 1694646
2544 2543933
3848 3847643
493 492336
331 330233
3524 3523787
4320 4319349
1133 1132868
2076 2075888
984 983070
2495 2494198
2903 2902193
1622 1621584
3902 3901715
3326 3325317
796 795981
2832 2831705
4629 4628674
4310 4309893
4240 4239004
3564 3563978
2426 2425578
4501 4500025
924 923894
4051 4050738
4394 4393729
34 33500
3985 3984060
3162 3161175
1627 1626553
778 777625
2013 2012848
3757 3756335
4517 4516653
3010 3009099
1574 1573144
1243 1242106
241 240464
1922 1921601
1421 1420558
4640 4639438
1823 1822143
2901 2900901
3242 3241220
281 280667
709 708365
3545 3544207
3609 3608009
1044 1043835
3058 3057851
1317 1316625
4514 4513319
915 914401
1934 1933324
3327 3326501
2775 2774432
4272 4271348
1419 1418463
3300 3299833
862 861628 861590
684 683328
4 3876
1560 1559295
4556 4555014
2672 2671473
4202 4201734
2288 2287753
1857 1856992
366 365943
3371 3370895
179 178031
910 909074
1536 1535477
3490 3489747
3179 3178798
4780 4779092
1851 1850474
2262 2261809
4661 4660204
2207 2206216
3973 3972759
1712 1711685
573 572987
2818 2817644
2887 2886264
2929 2928759
2957 2956885
1367 1366734
1706 1705113
3646 3645625
4351 4350059
1899 1898505
2508 2507765
1598 1597975
1357 1356603
3122 3121087
4304 4303184
2795 2794597
4349 4348013
1502 1501191
4508 4507829
3115 3114666 3114908
3318 3317030
4553 4552454
3021 3020562
2904 2903666
2570 2569684
4300 4299160
3080 3079227
3850 3849224
2656 2655132
1011 1010932
2182 2181424
2797 2796367
4378 4377192
371 370660
4254 4253534
2872 2871604
605 604023
2940 2939710
4229 4228117
2702 2701561
1754 1753748
1227 1226878
3756 3755327
3784 3783891
1349 1348400
3457 3456637
1267 1266073
4256 4255061
700 699549
3910 3909621
1500 1499885
1921 1920880
37 36502
2358 2357547
1290 1289068
1278 1277090
3608 3607013
55 54633
4731 4730749
3796 3795200
2703 2702353
1093 1092268
752 751008