
3109 3108832
125 124491
311 310751
3536 3535611
667 666266
3545 3544826
678 677279
3842 3841860 3841046
4106 4105186
780 779849
1077 1076223
2368 2367582
1757 1756615
3692 3691933
215 214214
2951 2950188
2708 2707222
388 387435
1986 1985729
3841 3840931
2784 2783452
458 457080
1926 1925804
3255 3254630
4261 4260782
3402 3401187
3373 3372548
1627 1626573
1324 1323762
3497 3496565
2491 2490796
2247 2246437
2259 2258883 2258945
713 712692
3437 3436414
2207 2206327
2876 2875640
1074 1073330
3471 3470822
4142 4141230 4141572
3910 3909925
933 932865
3332 3331725
4288 4287191
959 958111
2476 2475173
1265 1264573 1264177
2838 2837364
2275 2274649
1248 1247916
3901 3900606
3194 3193791
1638 1637955
2684 2683249
3229 3228313
1233 1232172
574 573796
2482 2481027
1084 1083025
4069 4068863
53 52705
1292 1291662
2750 2749853
3243 3242395
420 419941
1857 1856703 1856153
2358 2357330
4123 4122648
1672 1671998
368 367439 367101
2640 2639538
2070 2069710
592 591884
1553 1552946
1136 1135272
1376 1375353
2103 2102299
3212 3211593
170 169565
2468 2467943
1197 1196055
2886 2885681
3659 3658180
772 771180
2606 2605397
3739 3738729
656 655410
3816 3815559
1536 1535852
1514 1513011
1893 1892384
1291 1290095
4016 4015871
3923 3922076
2889 2888772
162 161578
4078 4077204
236 235421
4248 4247835
1968 1967980
2158 2157577
1191 1190556
1350 1349648
2986 2985519
2367 2366697
1068 1067749
4004 4003684
1671 1670819
3301 3300308
1176 1175317
932 931528
1130 1129391
1879 1878058
1142 1141177
3859 3858723
2981 2980416
4160 4159968
1151 1150515
2608 2607071
1715 1714974
1052 1051308
1960 1959675
1097 1096238
510 509889
855 854607
195 194065
2534 2533233
1577 1576318
701 700202
1682 1681622
1181 1180198
3808 3807021
2061 2060534
4203 4202883
527 526975
3608 3607122
3975 3974908
3590 3589403
1812 1811749
1100 1099590
532 531603
1396 1395969
3743 3742814
2667 2666221
274 273727
992 991694
2388 2387057
2376 2375114
757 756303
560 559448
2236 2235106
2998 2997246
2296 2295658
882 881733
2395 2394501
1249 1248884
416 415509
1312 1311439
3628 3627073
1064 1063301
4025 4024799
490 489887
2526 2525021
3850 3849798
3158 3157124
1492 1491706
555 554103
778 777714
2654 2653235
1379 1378551
2338 2337556
2097 2096698
389 388727
2544 2543885
1071 1070088
1607 1606643
1038 1037004
1040 1039932
2681 2680215
2186 2185398
2174 2173575
3407 3406180
3874 3873918
1391 1390184
3792 3791359
4173 4172433
653 652098
3678 3677895
128 127506
2787 2786828
1882 1881509
2315 2314612
99 98491
77 76090
2810 2809440
1778 1777502
2504 2503420
3079 3078952
944 943093
2356 2355866
2660 2659406
157 156263
1632 1631096
535 534401
3862 3861489
3549 3548771
3741 3740715
1235 1234565
1497 1496428
2339 2338525
3058 3057651
3027 3026742