
2658 2657936
2078 2077646
1703 1702121
3969 3968556
5878 5877160
3074 3073335
3598 3597148
5712 5711666
387 386673
7307 7306397
2310 2309800
1399 1398443
8349 8348896
4231 4230955
3633 3632432
3546 3545434 3545402
7453 7452351
6784 6783465
6406 6405207
6120 6119910
4059 4058225
4655 4654242
1465 1464447
3893 3892612
3753 3752930
1298 1297600
4775 4774330
8212 8211441
8316 8315364
4351 4350086
7652 7651067
6601 6600998
7887 7886125 7886520
4361 4360030
3916 3915217
2343 2342607
2776 2775674
5339 5338130
8387 8386639
4305 4304065
3519 3518324
5790 5789388
297 296501
7137 7136749
3770 3769228 3769239
840 839483 839333
4049 4048166
780 779544
1446 1445784
977 976325
957 956021
2200 2199384
6941 6940578
2422 2421012
6734 6733993
236 235928
2893 2892400
6515 6514271
4236 4235505
1793 1792198
7201 7200126
4365 4364648
5713 5712538
6957 6956685
5458 5457936
8124 8123914
2278 2277752
5052 5051882
4375 4374642
6236 6235274
1555 1554404 1554584
696 695403
6202 6201055
4229 4228183
2074 2073019
8392 8391852
7460 7459191
6095 6094777
3319 3318318
203 202176
7693 7692598
1669 1668147
6064 6063999
1346 1345134
537 536528
7308 7307578
1384 1383928
2013 2012578
5877 5876350
2687 2686893
5490 5489059
4564 4563570
152 151323
4406 4405219
8521 8520590
6852 6851488
2287 2286327
4679 4678232
4344 4343323
6099 6098822
8396 8395225
6433 6432865
7244 7243012
8187 8186045
5266 5265272
2703 2702760
8092 8091290
6770 6769305
2598 2597268
3181 3180846
1419 1418161
1287 1286054
4544 4543687
5073 5072917
6978 6977139
3295 3294744
976 975279
4587 4586003
3362 3361931
6855 6854154
7998 7997951
7325 7324647
858 857651
3599 3598239
3970 3969587
1769 1768615
1868 1867580
7105 7104615
6505 6504538
8308 8307999 8307942
3430 3429529
1369 1368432
2845 2844682
8132 8131853
1576 1575051
512 511237
1106 1105813
8163 8162037
8425 8424758
3791 3790723
2823 2822195
6289 6288029
1119 1118195
3482 3481017
2950 2949107
2734 2733946
1514 1513233
1801 1800512
2496 2495620
5625 5624181
544 543055
5205 5204773
1992 1991645
2071 2070467
8067 8066431
3094 3093359
565 564699
7510 7509655
1733 1732338
4239 4238245
620 619273
4794 4793494
5174 5173686
6004 6003942
7985 7984550
1708 1707385
94 93707
8130 8129730 8129309
2911 2910690
6456 6455042
78 77017
8498 8497999
3328 3327291
3675 3674335
8123 8122293
7766 7765488
7323 7322270
6224 6223795
3637 3636128
7405 7404951
11 10217
5363 5362420
6153 6152632
5466 5465305
3759 3758298
6524 6523748
999 998491
3386 3385489
5403 5402460
3773 3772975
4195 4194404
1505 1504700
1919 1918228
7375 7374135
3615 3614737
4899 4898378
3671 3670320
8296 8295218
4853 4852212
4347 4346493
8487 8486966
8267 8266847
5565 5564287
2263 2262560
4674 4673259
3874 3873674
4379 4378686
3202 3201504
233 232167
4567 4566740
6746 6745537
3946 3945424
5204 5203232
4048 4047728
1432 1431067
3507 3506886
8317 8316539
7095 7094244
4664 4663757 4663452
3267 3266627
235 234959
5849 5848595
1291 1290364
128 127660
6223 6222096
4579 4578110
4684 4683108
5689 5688112
6205 6204389
2613 2612063
6902 6901438
2686 2685333
3553 3552432
4874 4873971
3208 3207201
4749 4748227
4221 4220727
4166 4165442
2089 2088243
6416 6415273
7481 7480051
2244 2243518
7303 7302112
2513 2512891
7754 7753733
6961 6960211
4760 4759749
5270 5269374
53 52461
4591 4590602
3458 3457499
6144 6143493
7324 7323437
2323 2322955
8133 8132926
4450 4449161
7151 7150027
1307 1306197
2840 2839662
132 131278
1796 1795155
5411 5410796
648 647725
4403 4402984
4440 4439908
227 226092
6481 6480418
928 927301
13 12797
8577 8576281
5642 5641096
169 168794
1412 1411907
4532 4531201
6608 6607813
3038 3037718
7686 7685569
1587 1586958
2707 2706998
3515 3514248
6347 6346742
1561 1560720
8161 8160041
7853 7852873
7050 7049251
4589 4588878
3388 3387363
2210 2209830
7879 7878042
422 421072
802 801417
6714 6713248
230 229442
2008 2007850
4473 4472614
1611 1610114
8195 8194334
1556 1555197
659 658087
1486 1485891
2741 2740380
8385 8384259
3256 3255115
4983 4982599
3619 3618840 3618170
6067 6066057
6166 6165617
2637 2636771
6509 6508565
7390 7389193
2432 2431172
4508 4507885
7514 7513191
6152 6151878 6151232
3103 3102537
8362 8361668
1019 1018125
7906 7905461
5408 5407564
4515 4515000
2204 2203306
5307 5306197
5826 5825344
3020 3019931
6639 6638878 6638765
2534 2533247
6314 6313133
5678 5677211
6226 6225130
6419 6418438
4562 4561674
4800 4799684
6848 6847969
5115 5114183
1543 1542136
1360 1359870
5553 5552802
683 682259
6663 6662887
7383 7382509
5212 5211563
1237 1236599
3585 3584790
7443 7442873
5988 5987664
3349 3348688
2345 2344182
445 444046
2548 2547375
6349 6348768
7084 7083072
8365 8364495
1536 1535899
8138 8137287
6494 6493561
1387 1386893
6418 6417716
7712 7711651
6585 6584758
8518 8517570
3567 3566728
7647 7646522
4495 4494668
4225 4224805
771 770999
3543 3542597
2208 2207037
4968 4967211
5009 5008383
6486 6485045
5629 5628099
7928 7927035
4489 4488042
7083 7082571
6113 6112527
4649 4648374
2050 2049439
190 189349
1207 1206689
2366 2365759
6151 6150797
825 824893
4543 4542117
5427 5426493
5919 5918363
4447 4446293
7161 7160969
7229 7228450
5618 5617703
8394 8393435
4518 4517476
2094 2093525
4916 4915937
3365 3364851
1920 1919758
4963 4962675
1615 1614571
5141 5140906
7482 7481142
1594 1593339 1593615
5864 5863590
5016 5015763
3524 3523470
8084 8083374
7026 7025470
8496 8495108
1755 1754276
5596 5595002
1564 1563318
7960 7959491
5909 5908003
335 334178
461 460335
8572 8571384
2141 2140804
1487 1486829
6179 6178615
6493 6492842
3954 3953952
2874 2873227
6232 6231941
5374 5373833
4659 4658303
1076 1075775
1257 1256460
6641 6640197
2633 2632279
2841 2840921
1530 1529483
8236 8235171
721 720202
4175 4174805
1075 1074222
6263 6262728
1375 1374464
2467 2466549
7965 7964792
6100 6099398
7706 7705560
967 966761
583 582801