
302 301725
1631 1630459
23015 23014466
24833 24832177
10944 10943524
2591 2590504
1828 1827954 1827438
22617 22616112
11587 11586768
19051 19050626
8568 8567559
28827 28826858 28826030
16825 16824683
24014 24013594
13195 13194182
13204 13203641
8889 8888411
18300 18299907
8082 8081406
1963 1962928
24266 24265214
17657 17656263
27528 27527210
16348 16347803
11185 11184107
19622 19621953
29912 29911709
22306 22305313
3189 3188603
6962 6961253
14470 14469016
14577 14576450
21481 21480003
25791 25790578
16772 16771676
24738 24737939
10158 10157782
26476 26475459
27685 27684376
28305 28304248
27164 27163633
25202 25201724
5227 5226305
25611 25610100
3082 3081114
8979 8978146
8104 8103930
1180 1179284
1135 1134636
1668 1667069
21982 21981858
5722 5721234
1836 1835863
6749 6748857
1465 1464050
6778 6777150
5388 5387918
3779 3778976
23473 23472042
25911 25910685
8249 8248123
8782 8781815
2425 2424684
7888 7887025
15635 15634653
25878 25877853
1365 1364437
18335 18334377
4158 4157491
16373 16372607
29338 29337255 29337017
17038 17037875
6300 6299423
23558 23557677
26834 26833838
5747 5746973
6964 6963152
7437 7436427
12256 12255805
17254 17253303
2801 2800240
304 303608
23384 23383321
16831 16830322
19209 19208179
4990 4989994
4420 4419381
9501 9500206
12300 12299565
19902 19901778
10250 10249045
2508 2507316
29137 29136637
13231 13230119
9578 9577149
20774 20773824
27401 27400167
28517 28516479
24387 24386259
19125 19124204
26304 26303757
20832 20831002
16566 16565527 16565817
25171 25170849
9821 9820485
14222 14221234
6324 6323252
15032 15031217
29770 29769709
20177 20176369
14153 14152463
2917 2916545
3935 3934717 3934825
27881 27880647 27880590
7443 7442383
1344 1343476
14044 14043817
22526 22525664
28288 28287681
8076 8075334
5690 5689392
17418 17417815
22231 22230136
10980 10979515
24529 24528155
24420 24419178
17870 17869642
253 252646
19299 19298578
23686 23685298
15850 15849313
9666 9665894
21498 21497833
11854 11853304
23603 23602088
2743 2742425
23246 23245347
14334 14333701
22934 22933062
18734 18733421
141 140958
28322 28321201
5044 5043463
9225 9224787
361 360518
28597 28596320
16072 16071239
12080 12079622
7822 7822000
13383 13382921
13438 13437767
22299 22298015
26814 26813614
11971 11970141
29019 29018108
11394 11393629
941 940134
4804 4803259
21663 21662845
10816 10815335
26686 26685078
12781 12780482
9198 9197488
16355 16354653
27724 27723857
20806 20805573
8770 8769576
5037 5036774
29554 29553947
17653 17652862
25600 25599169
24916 24915984
23343 23342850
19291 19290950
29486 29485032
4785 4784363
25831 25830617
27517 27516226
3529 3528257
16017 16016630
10151 10150987
12871 12870614
24633 24632741
26909 26908959
27775 27774567
8561 8560616
28763 28762542
19659 19658278
15329 15328121
17781 17780765
14522 14521599
12719 12718393
6709 6708011
6543 6542733
2533 2532704
6747 6746919
26498 26497697
10704 10703018
2358 2357703
18504 18503622
1452 1451063 1451528
28338 28337339
7872 7871123
1936 1935950
1357 1356211
1993 1992520
1721 1720483
16422 16421971
699 698216
13203 13202975
14913 14912398
27026 27025587
18088 18087166
8824 8823738
8950 8949090
21627 21626560
10084 10083550 10083752
19033 19032501
29703 29702777
1809 1808422
428 427763
10077 10076706 10076056
15714 15713954
8057 8056365
10843 10842234
6757 6756519
22880 22879442
21807 21806134
16420 16419759
3713 3712354 3712286
11019 11018829
20825 20824343
25864 25863270
25341 25340679
25946 25945019
7036 7035466
11064 11063019
9826 9825836
5335 5334072
27129 27128816
25819 25818520
9349 9348426
16836 16835563
7713 7712175
13758 13757270
25588 25587728
10029 10028996
12963 12962792
17880 17879854
19579 19578708
26185 26184114
13049 13048892
20986 20985251
8396 8395752
15057 15056633
9937 9936187
20803 20802346 20802282
380 379036
672 671108
10276 10275967
18290 18289989
22719 22718002
7684 7683614
29846 29845024
5226 5225142
21774 21773561
12118 12117950
21576 21575989
20408 20407352
20732 20731090
20716 20715777
28681 28680578
15102 15101284
29332 29331727
13826 13825071
17132 17131623
1077 1076980
544 543829
13680 13679922
11017 11016471
11040 11039602
7870 7869473
20182 20181172
24390 24389025
24205 24204700
13000 12999662
5182 5181539
20784 20783388
19441 19440738
5702 5701996
18197 18196003
21321 21320555
11474 11473211
8891 8890960
2488 2487742
17280 17279553
3866 3865417
8733 8732052
26862 26861313
8349 8348241
28665 28664922
28258 28257880
12229 12228291
15049 15048571
5140 5139509
16844 16843429
26103 26102855
28121 28120864
21986 21985739
8783 8782964
639 638697
27320 27319411
19720 19719448
11658 11657356
18253 18252113
24041 24040226
21923 21922373
26714 26713874
1114 1113039
15559 15558968
27465 27464361
19043 19042652
316 315010
14376 14375600
1891 1890517
12513 12512416
14886 14885465
16561 16560550
7159 7158243
7735 7734849
27817 27816941
10207 10206680
18500 18499595
1840 1839148
20314 20313265
4432 4431191
1528 1527439
11098 11097690
20275 20274584
23491 23490757
4390 4389194
4101 4100473
12374 12373895
4406 4405133
26224 26223422
17518 17517277
4064 4063771
10225 10224682 10224388
23877 23876415
27167 27166887
18842 18841550
29300 29299498
25339 25338146
1272 1271943
3322 3321983
11712 11711582
28809 28808763 28808776
20989 20988121
24174 24173316
18232 18231626
10977 10976141
23270 23269862 23269826
9566 9565287
22094 22093809 22093075
1070 1069107
16630 16629512
18252 18251920
12948 12947217
20248 20247570
10738 10737800
27145 27144933
23931 23930358
28689 28688062
13884 13883368
23373 23372394
12791 12790705
29391 29390480
18070 18069929
9982 9981442
12487 12486258
11865 11864179
9571 9570787
2032 2031130
24385 24384217
16574 16573787
10193 10192438
16734 16733312
28966 28965477
10480 10479705
24560 24559234
2156 2155425
15275 15274326
25883 25882476
18532 18531579 18531312
24579 24578012
10074 10073187
825 824885
16955 16954171 16954568
20258 20257066
22060 22059118
17942 17941992
16914 16913358
18944 18943072
11341 11340646
24601 24600910
10629 10628425
18998 18997534
558 557631
25868 25867154
7498 7497062
8989 8988118
14951 14950647
21117 21116882
2044 2043451
1271 1270149
23883 23882254
1257 1256301
17998 17997329 17997317
16834 16833022
11326 11325027
3696 3695822
22776 22775234
20979 20978021
5505 5504296
4938 4937763
9622 9621003
20884 20883938
967 966118
3804 3803305
16403 16402563
28369 28368933
11030 11029018
8214 8213152
8132 8131975 8131857
7423 7422662
14000 13999976
3032 3031858
17223 17222564
29235 29234446
4721 4720899
17840 17839539
23465 23464473
12788 12787329
1447 1446536
20781 20780985
6918 6917697
19957 19956981
17385 17384006
23203 23202270
23692 23691840
4324 4323795
25836 25835995
21340 21339395
13334 13333847
11887 11886664
29124 29123432
27781 27780376
16687 16686554
18539 18538694
17224 17223908
18239 18238852
29844 29843771
13482 13481527
6352 6351872
28733 28732349
598 597979
24880 24879074
28746 28745082
29662 29661686
25889 25888839
5514 5513166
19046 19045826
17063 17062549
26174 26173817
6427 6426658
28224 28223532
14215 14214722
9426 9425417
20663 20662365
29928 29927359
5820 5819274
1263 1262650
5573 5572053
9376 9375393
12955 12954536
633 632964
7438 7437749
28399 28398619
9459 9458308
28858 28857316
11563 11562123
9284 9283779
21201 21200588
9295 9294278
28131 28130430
12533 12532021
11274 11273922
12518 12517205
18018 18017252
12804 12803689
27777 27776624
679 678944
24676 24675773
23908 23907275
17636 17635935
11970 11969063
27658 27657226
20851 20850675
5234 5233524
18107 18106205
5562 5561216
18826 18825858
9509 9508475
15853 15852374
8948 8947536
27745 27744901
29920 29919232
16133 16132617
12284 12283644
23541 23540259
24640 24639255
13268 13267974
19164 19163342
19099 19098277
5638 5637755
16904 16903425
19088 19087676
22082 22081941
15114 15113845
13369 13368043
14765 14764044
11263 11262732
5138 5137246
5163 5162627
27501 27500962
15289 15288467
867 866259
5625 5624914
23735 23734535
7823 7822282
24554 24553194
22817 22816062
28241 28240754
14610 14609195
7427 7426835
19095 19094646
7600 7599686
23040 23039165
28038 28037088
24768 24767070
12721 12720882
28914 28913020 28913735
17134 17133758
25933 25932101
26653 26652223
816 815312
3946 3945834
13910 13909480
16909 16908596
7032 7031165
8973 8972376
26321 26320432
28845 28844227
5629 5628518
27182 27181998
9344 9343625
11599 11598390
13533 13532794
13069 13068364
7960 7959705
17055 17054862
8455 8454189
28502 28501242
16169 16168841
11406 11405680
10666 10665387
29154 29153581
22946 22945721
14089 14088027
26907 26906184
25491 25490164
2766 2765956
15869 15868132
27763 27762163
6479 6478364
27297 27296296
3231 3230413
24504 24503533
9350 9349642
19133 19132735
26313 26312659
12576 12575816
15155 15154425
22672 22671015
24444 24443379
24411 24410227
11192 11191634
19757 19756285
3733 3732811
17272 17271027
27226 27225385
3351 3350719
18980 18979701
8150 8149715
10031 10030915
28472 28471592
14563 14562022
8697 8696849
15232 15231890
4546 4545373
3545 3544934
28867 28866037
3170 3169262 3169893
2339 2338698
29129 29128670
11562 11561769
3159 3158267
20857 20856289
17699 17698105
24578 24577874
20625 20624537
24475 24474004
27611 27610772
1424 1423877
7847 7846606
20809 20808513
29693 29692091
18019 18018714
15483 15482886
25664 25663533
20348 20347673
23887 23886841
4738 4737958
29111 29110226
28740 28739349
3334 3333047
9824 9823653
26479 26478791
28462 28461389
6694 6693967
24809 24808287
5359 5358049
21038 21037806
13016 13015859
20785 20784428
23360 23359680
27435 27434998
28844 28843558
6730 6729037
17499 17498520
14622 14621219
1743 1742902
19889 19888863
2689 2688677
10253 10252720
20653 20652713
9641 9640764
16048 16047270
9270 9269534
17265 17264360
16168 16167466
27080 27079212
9856 9855837
23784 23783949
20447 20446122
20001 20000175
29147 29146195
2843 2842520
11648 11647840
15119 15118219
5788 5787852
1988 1987549
6652 6651705
3399 3398874
15918 15917845
20432 20431187
3844 3843486
15971 15970776
1843 1842673
8316 8315608
21667 21666304
18286 18285874
26206 26205206
11283 11282164
14825 14824565
21379 21378368
10478 10477927
26472 26471494
22995 22994553
16342 16341660
21633 21632030
11519 11518995
8631 8630119
29083 29082871
19266 19265463
15228 15227868
26104 26103752
15383 15382697
29787 29786416
14785 14784685
6450 6449057
5755 5754423
15385 15384173
10933 10932731
16569 16568182
4030 4029108
4043 4042333
18770 18769898
28021 28020410 28020029
25331 25330823
4687 4686681
19762 19761797
13416 13415473
29777 29776925
5859 5858469
20310 20309641
16343 16342106
27470 27469554
18622 18621043
2930 2929342
14415 14414302
19825 19824961
17174 17173218
5801 5800572
5005 5004013
16653 16652089
16912 16911063
19599 19598852
7649 7648314
25859 25858183
21874 21873125
17519 17518384
29612 29611225
29644 29643390
29042 29041345
866 865866
16500 16499313
15810 15809598
1797 1796802
22988 22987214
10697 10696150
26603 26602116
8744 8743471
7377 7376533
5238 5237536
22823 22822477
29401 29400629
12141 12140501
26558 26557963
22598 22597639
20308 20307148
7756 7755053
28655 28654998
22456 22455332
382 381070
7951 7950929
4213 4212066
23213 23212125
6880 6879946
10274 10273921
20075 20074448
23702 23701853
23891 23890882
28122 28121986
29319 29318977
23719 23718287
26872 26871944
5992 5991232
21941 21940926
16872 16871209
3686 3685753
8325 8324267
271 270026
22523 22522187
28793 28792933
340 339202
16486 16485990 16485494
4135 4134978
11547 11546370
20907 20906217
24894 24893386
20829 20828942
4494 4493515
21395 21394710
9608 9607613
12850 12849133
6394 6393894
21592 21591439
7135 7134121
5285 5284055
6156 6155754
29193 29192594
16707 16706263
10696 10695803
1456 1455271
7761 7760510
12352 12351925
23136 23135542
3812 3811449
2509 2508574
6041 6040043
21089 21088777
27731 27730862
27936 27935559
10508 10507749
10715 10714047
27575 27574001
6832 6831025
2558 2557951
8074 8073462
26032 26031041
28311 28310338
18138 18137050
19502 19501190
15107 15106572
4679 4678663
15835 15834838
20742 20741625
27003 27002163
624 623395
6143 6142649
14956 14955553
14714 14713351
16209 16208834
4499 4498524
17207 17206129
8854 8853063
28800 28799816
3299 3298827
28648 28647007
19134 19133948
22563 22562546
23615 23614275
18584 18583836
20503 20502250
10433 10432988
25268 25267848
3192 3191569
4150 4149345
22181 22180568
29963 29962627
12240 12239749
9366 9365971
28991 28990623
20683 20682583
3160 3159153
2239 2238366
9122 9121352
20540 20539466
22627 22626905
22042 22041909
16152 16151792
15978 15977154
24064 24063200
26730 26729592
2005 2004652
8176 8175565
22521 22520049
17442 17441948
11214 11213970
11759 11758524
7134 7133456
8148 8147508
9144 9143385
13025 13024463
4626 4625722
25783 25782399
10091 10090580
27850 27849289
18669 18668635
16262 16261755
14699 14698461
24817 24816356
24565 24564520
7721 7720399
22421 22420631
1165 1164789
27076 27075909
20217 20216536
10374 10373059
26425 26424839
8240 8239427
3950 3949077
15408 15407181
15051 15050477
3638 3637640
6701 6700130
12074 12073379
5137 5136279
16319 16318790
8787 8786288
27702 27701862
29307 29306949
14277 14276708
8804 8803204
16864 16863011
27385 27384893
15520 15519446
13500 13499246
9015 9014459
2793 2792604
19648 19647122
13749 13748482
29473 29472178
2911 2910825
17970 17969692
26014 26013463
14179 14178932
14123 14122893
28235 28234926
12511 12510764
27170 27169537
21999 21998836
16467 16466204
11636 11635613
360 359670
22463 22462765
25329 25328949
24970 24969896
24643 24642603
8792 8791991
3590 3589129
18095 18094708
15108 15107283
7337 7336892
29895 29894370
19382 19381424
28913 28912704
19246 19245680
8709 8708953
1457 1456085
10840 10839992
8988 8987816
9487 9486872
2941 2940686
13725 13724856
13660 13659862
6040 6039960
11439 11438596
15566 15565278
1641 1640290
6516 6515380
5272 5271527
5432 5431977
9384 9383408
17463 17462988
2341 2340941
27707 27706606
18132 18131721
27332 27331877
29094 29093049
10310 10309846
547 546693
3046 3045202
19642 19641859
22449 22448371
20214 20213011
13406 13405339
4876 4875373
4103 4102323
22618 22617933
11639 11638313
29445 29444533
7247 7246509
29354 29353273
23186 23185651
990 989627
11499 11498885
5342 5341093
26695 26694744
28908 28907689
22391 22390701
27337 27336631
9593 9592486
4637 4636284
28464 28463373
21601 21600913
21077 21076648
3262 3261605
11110 11109790
13579 13578605
4405 4404206
10589 10588417
11791 11790646
6320 6319012
13283 13282742
23865 23864668
24517 24516096
28680 28679907
14151 14150933
29199 29198668
12274 12273098
25481 25480239
3041 3040978
22365 22364741
19679 19678365
9803 9802744
23408 23407100
20096 20095122
26352 26351228
9119 9118134
5884 5883540
801 800562
27236 27235292
13935 13934769
19415 19414187
26608 26607870
11487 11486276
21854 21853022
28965 28964583
2698 2697985
11965 11964598
11473 11472905
15993 15992792
6531 6530934
14788 14787060
228 227654
10446 10445709
22217 22216005
11860 11859908
6390 6389152
4917 4916837
18742 18741540
5883 5882846
23233 23232667
24881 24880329
14793 14792990
17995 17994076
20419 20418061
10513 10512321
12913 12912547
18454 18453262
25434 25433644
12104 12103486
17803 17802432
19190 19189754
12792 12791901
2147 2146495
2892 2891232
3258 3257567
10296 10295703
6092 6091895
1795 1794207
28265 28264675
7523 7522622
3665 3664936
23568 23567297
14264 14263988
24686 24685409
23642 23641303
20399 20398203
6561 6560288
3427 3426273
1183 1182379
26048 26047667
455 454663
6816 6815024
24919 24918359
20771 20770052
10218 10217951
26251 26250972
18502 18501875
35 34294
7132 7131902
29045 29044501
28525 28524481
3859 3858538
18026 18025948
23272 23271516
8694 8693895
26371 26370676
2727 2726206
1197 1196426
3028 3027507
1852 1851137
2407 2406696
4946 4945258
1837 1836784
3932 3931560
13610 13609169
8882 8881968
27683 27682204
5398 5397644
17283 17282468
5575 5574461
7765 7764757
10090 10089396
29879 29878118
21604 21603589