
2941 2940291
1617 1616701
8530 8529028
9056 9055821
2114 2113099
2208 2207182
7274 7273530
4309 4308942
7128 7127474
5623 5622175
4088 4087100
9435 9434337
6236 6235156
5715 5714953
3217 3216790
8788 8787340
8517 8516294
6171 6170566
6129 6128352
7335 7334849
9279 9278270
5497 5496744
1970 1969057
3037 3036148
6011 6010705
269 268816
9361 9360816
5126 5125713
6812 6811872
5165 5164623 5164177
4639 4638800
4261 4260904
8768 8767502
9577 9576377 9576668
7304 7303135
7042 7041592
8929 8928022
6767 6766123 6766032
7227 7226085
3207 3206802
4558 4557915
5477 5476476
6765 6764312
6078 6077642
2907 2906161 2906678
9086 9085986
7316 7315910
4335 4334072
9402 9401012
795 794594
6934 6933574 6933768
1297 1296226
4991 4990192
1359 1358651
8884 8883770
6419 6418775
3741 3740156
3958 3957260
7868 7867595
2044 2043084
9256 9255637 9255196
6341 6340816
301 300541
5468 5467511
5586 5585461
2898 2897970
6201 6200365
5020 5019786
5190 5189680
416 415332
1485 1484115
2459 2458197
4067 4066875
8477 8476094
278 277104
2451 2450083
2932 2931660
5388 5387583
4390 4389732
5 4070
7500 7499791
5361 5360242
8014 8013006
4967 4966792
4080 4079390
2298 2297720
634 633938
6802 6801808 6801143
4253 4252281
5529 5528736
400 399423
2205 2204907
8739 8738205 8738380
4033 4032883
9183 9182972
4485 4484660
4759 4758813
3757 3756678
1164 1163125
371 370102
7107 7106096
7775 7774235
426 425884
1165 1164017
983 982543
1558 1557831
9641 9640949
3281 3280851
8841 8840716 8840689
5651 5650815
7823 7822703
8202 8201377
51 50137
674 673953
690 689275
9610 9609861
5895 5894024
39 38654
1494 1493908
6180 6179185
3928 3927795
2403 2402786
7989 7988723
8508 8507460
2395 2394550
3952 3951255
7544 7543919
7764 7763319
444 443597
4157 4156732
7423 7422235
6637 6636444
9212 9211897
2242 2241556
274 273510
4586 4585353
9693 9692155
1585 1584255
3733 3732791
4625 4624198
2275 2274022
2052 2051015
2740 2739985
3058 3057151
9071 9070365
5938 5937886
7864 7863940
6496 6495466
2410 2409282
1298 1297653
4499 4498142 4498744
1395 1394947
245 244574
7090 7089074
3454 3453289
4393 4392681
5474 5473806
5357 5356208
4571 4570951
4893 4892671
5713 5712570
1445 1444874
5853 5852098
1170 1169273
2815 2814829
2393 2392376
8548 8547640
4644 4643673
895 894346
5615 5614670
7817 7816407
6997 6996651
1376 1375811
5936 5935519
5197 5196489
1605 1604823
7114 7113455
8237 8236904
9154 9153109
60 59398
8907 8906611
7130 7129807
5684 5683785
7485 7484281
1941 1940749
7255 7254016
8173 8172050
3324 3323961
7447 7446529
3851 3850381
4919 4918363
2187 2187000
1778 1777322
9586 9585322
8818 8817530
5451 5450638
3039 3038373
4408 4407695
3610 3609986
962 961018
4588 4587415
8084 8083696
4145 4144561
1921 1920624
3426 3425216
1934 1933374
5378 5377658
6377 6376668
1272 1271871
7295 7294055
4453 4452456
2466 2465341
4693 4692780
4732 4731067
1767 1766243
8455 8454257 8454159
9253 9252053
2839 2838367
4630 4629752
3905 3904283
6079 6078459
8325 8324478
4835 4834068
7040 7039472
7192 7191604
1505 1504831
8857 8856137
6156 6155420
1534 1533605
2421 2420723
4780 4779078
5617 5616885
5033 5032050
8482 8481214
5410 5409379
6110 6109877
8680 8679597
6360 6359736
8052 8051034
6410 6409153
8097 8096025
7152 7151613
8842 8841223
5098 5097482
6161 6160943
8060 8059063
9630 9629537
5792 5791956
5263 5262271
2903 2902471
7778 7777107
1683 1682373
1416 1415004
4288 4287501
8887 8886374
1417 1416500
3488 3487705
3764 3763760
6985 6984088
550 549200
7132 7131179
4519 4518637
7009 7008716
1268 1267104
4953 4952720
8652 8651492
1920 1919404
6853 6852948
3085 3084704
389 388629
4635 4634014
9349 9348383 9348483
4543 4542594
2226 2225772
3504 3503714
4900 4899766
4225 4224780
7963 7962286
5342 5341702
2180 2179840
3033 3032691 3032907
5832 5832000
5018 5017019
6570 6569568
5953 5952847
4236 4235806
8787 8786166
3535 3534499
82 81768
8964 8963789
7059 7058453
4474 4473727
855 854726
7622 7621463
4738 4737242
6220 6219023
1088 1087619
157 156688
520 519294
659 658192
3110 3109408
3667 3666503
3420 3419051
7969 7968462
1343 1342626
1652 1651213
8303 8302756
6477 6476307
2314 2313680
122 121945
439 438356
2118 2117476
5633 5632425
7725 7724120
8522 8521370
4399 4398315
3689 3688230
4054 4053806
7546 7545078
6741 6740517
9202 9201756
5036 5035962
1325 1324580
2567 2566691
536 535474
7389 7388701
9306 9305400
1784 1783978
4587 4586196
615 614437
5202 5201473
4740 4739166
638 637119
6721 6720012
710 709510
7253 7252351
9637 9636541
7277 7276715
158 157054
9160 9159438
818 817490
7002 7001555
7706 7705037
3228 3227651
672 671042
4578 4577373
8418 8417296
288 287599
2108 2107642
3485 3484350
3269 3268703
148 147095
9303 9302748
7995 7994165
9532 9531991
4349 4348209
5107 5106580
1308 1307571
1128 1127914
2006 2005128
3739 3738975
4460 4459996
238 237127
5626 5625591
8566 8565215
2629 2628911
1762 1761578
8641 8640479
8293 8292486
7760 7759475
6524 6523318
5755 5754217
5824 5823605
3432 3431555
2811 2810211
5800 5799504
6194 6193404
2283 2282196
543 542908
1346 1345417
5857 5856288
4641 4640949
5144 5143672
5908 5907851
8393 8392946
440 439012
2477 2476449
8216 8215564
5717 5716540
856 855697
3200 3199956
5740 5739802
5476 5475450
502 501351
4868 4867158
9341 9340679
200 199185
6346 6345286
7937 7936919
939 938609
4338 4337490
4896 4895713
8727 8726115
5182 5181627
52 51090
1265 1264274
1357 1356870
4826 4825979
3786 3785653
6010 6009860
5833 5832917
781 780101
2942 2941897
195 194186
9257 9256477
5360 5359790
5475 5474142
4255 4254470
7146 7145729
5054 5053618
5488 5487491
2447 2446240
4962 4961221
5229 5228549
8509 8508088
2342 2341780
9102 9101706
6777 6776290
6626 6625034
8764 8763254
2700 2699290
2103 2102823
8135 8134623
7501 7500340
4665 4664684
9350 9349425
9196 9195672
4254 4253069
1031 1030943
2936 2935438
806 805220
9108 9107939
412 411256
570 569624
75 74092
8725 8724820
4883 4882803
7810 7809560
5395 5394943
1220 1219509
6447 6446071
985 984048
2038 2037860
4113 4112552
5667 5666577
4151 4150614
3723 3722216
7563 7562826
37 36931
5992 5991041
3646 3645250
6622 6621627
4325 4324291
1008 1007849
2355 2354165
9412 9411134
2310 2309409
2098 2097282
3212 3211188
4427 4426196
5148 5147634
2141 2140912
9459 9458628
4932 4931562
5168 5167485
442 441347
1002 1001747
4736 4735169
317 316102
2241 2240081
1510 1509688
8824 8823020
7782 7781152
656 655767
4597 4596861
94 93114
5841 5840001
5608 5607088
289 288145
109 108189
8032 8031751
6957 6956363
5560 5559053
1307 1306828
5881 5880823
7825 7824350
4307 4306321
6624 6623295
184 183259
2236 2235372
7112 7111865
2821 2820983
519 518614
7671 7670808
6195 6194174
8576 8575125
5732 5731542
1114 1113671
6539 6538928
4477 4476281
2487 2486383
7784 7783004
3446 3445172
4053 4052960
2556 2555137
6176 6175535
789 788022
7477 7476686
5129 5128677
4397 4396881
3971 3970257
8865 8864249
8649 8648596
7398 7397658
865 864548