
6536 6535527
10280 10279889
8143 8142032
2992 2991158
11478 11477904
6874 6873389
2299 2298635
14153 14152534
3529 3528917
8865 8864484
11526 11525771
5299 5298150
14677 14676832
2477 2476946
12984 12983006
3306 3305821
5793 5792068
6098 6097953
1054 1053960
9110 9109330
4119 4118693
2141 2140721
13067 13066377
397 396259
7561 7560571
7801 7800254
913 912582
8759 8758704
13400 13399089
10731 10730318
10049 10048839
7441 7440870
4391 4390612
4670 4669593
7227 7226984
8895 8894585
2574 2573912
6749 6748593
13986 13985405
4922 4921621
8112 8111169 8111079
4086 4085730
11706 11705698
3375 3374481
10330 10329665
10127 10126429
13628 13627483
3696 3695448
8628 8627844
3701 3700656
8001 8000990
5041 5040220
6467 6466642
13583 13582575
4734 4733203
13231 13230554
12732 12731282
3431 3430598
12349 12348885
758 757647
3183 3182472
2898 2897503
10775 10774010
14952 14951858
12049 12048642
4165 4164555
3297 3296107
13599 13598524
6582 6581243
14781 14780810
1288 1287831
11820 11819195
9079 9078879
12090 12089240
1552 1551688
6169 6168530
10894 10893304
11576 11575627
5195 5194428
1438 1437045
55 54867
13177 13176586
13918 13917622
10169 10168938
9003 9002057
1638 1637637
1073 1072596
13077 13076086
1625 1624800
11339 11338219
10903 10902894
7604 7603580
2374 2373734
13830 13829088
8973 8972976
14246 14245703
8155 8154213
7658 7657841
13831 13830600
8488 8487328
6278 6277200
9407 9406884
3825 3824180
13206 13205890
6048 6047452
5644 5643443
198 197422
4550 4549452
1151 1150147
1160 1159936
14766 14765245
10320 10319860
7968 7967346
487 486960
13950 13949192
9556 9555545
14385 14384809
13050 13049393
10663 10662340
11277 11276151
3608 3607692
842 841560
14392 14391744
5187 5186488
5568 5567339
14900 14899179
13821 13820485
2054 2053754
11239 11238622
7001 7000497
4814 4813511
4240 4239707
8358 8357221
13796 13795485
12439 12438627
12174 12173931
14632 14631742
10174 10173233 10173152
1420 1419139
475 474521
5012 5011093
8992 8991431
3958 3957565
7217 7216284
9971 9970672
9798 9797107
5168 5167799
1799 1798652
12089 12088757
5166 5165159
6733 6732257
441 440135
5266 5265723
7240 7239369
13127 13126005
4512 4511068
10382 10381124
8926 8925890
12567 12566119
12144 12143816
4091 4090187
14740 14739503
4903 4902213
3490 3489060
10246 10245932
14307 14306299
14337 14336436
12626 12625298
11982 11981703
12526 12525528
13673 13672904
13235 13234991
427 426705
4036 4035082
13128 13127640
2805 2804621
10198 10197850
5237 5236702
539 538780 538954
11774 11773335
7574 7573309
8693 8692865
40 39229
12417 12416635
12535 12534012
9210 9209053
10968 10967884
8680 8679257
11894 11893426
12751 12750548
14028 14027366
947 946984
10747 10746099
7845 7844739
12483 12482537
13411 13410345
7110 7109650
11287 11286832
1006 1005679
5657 5656592
14300 14299663
1785 1784973
9418 9417440
4145 4144255
4070 4069568
9683 9682971
4716 4715949
14179 14178076
5936 5935243
9864 9863071
6072 6071338
8398 8397232
9409 9408411 9408718
12445 12444283
687 686550
4308 4307332
13634 13633266
5980 5979137
9788 9787240
28 27291 27408
13421 13420292
9778 9777781
2633 2632044
3445 3444250
6762 6761391
826 825179
4325 4324944
12540 12539775
5089 5088024
1843 1842420
505 504897
7722 7721425 7721092
1620 1619234
6302 6301871
9716 9715271
1419 1418727
14736 14735066
2689 2688029
9685 9684863
2428 2427463
6226 6225598
9881 9880695
7463 7462677
3766 3765815
14894 14893574
9505 9504066
9525 9524528
8459 8458528
10287 10286343
4777 4776078
14301 14300513
10676 10675589
8721 8720598
12226 12225286
13013 13012100
6383 6382300
4789 4788217
12213 12212038
184 183419
4719 4718629
11968 11967527
14280 14279015
5345 5344860
13494 13493843
3422 3421298
5701 5700758
7295 7294390
3864 3863102
12605 12604547
3461 3460180
59 58657
10241 10240506 10240375
2436 2435798
1458 1457686
3654 3653896
4629 4628297
8758 8757574
5115 5114413
11231 11230178
11137 11136170
13944 13943119
7570 7569319
706 705012
5506 5505951
13644 13643843
4648 4647992
11964 11963864
5372 5371470
13612 13611608
7372 7371348
11743 11742032
14127 14126245
83 82202
10488 10487405
13183 13182138
9511 9510769
5288 5287190
288 287543
12844 12843853
286 285738
4130 4129466
11674 11673350
8342 8341974
3863 3862353
13836 13835304
13059 13058145
11466 11465948
10327 10326015
6349 6348858
1509 1508078
10654 10653638
4225 4224740
7991 7990662
5485 5484456
1819 1818689
14445 14444891
3593 3592172
10990 10989592
14160 14159083
6960 6959028
13515 13514665
13725 13724373
14243 14242046
1582 1581973
9427 9426533
7677 7676418
11806 11805494
7836 7835813
5437 5436092
10955 10954569
1648 1647959
5498 5497205
14818 14817911
4460 4459164
3154 3153345
6041 6040119
664 663449
8875 8874924
4221 4220078
6102 6101640
2938 2937186
8122 8121456
6553 6552615
752 751087
2496 2495126
8000 7999781
6706 6705922
3115 3114441
442 441080
11996 11995576
13083 13082303
14595 14594321
8173 8172580
3941 3940425
13261 13260205
4715 4714469
10551 10550397
1370 1369517
7762 7761365
3609 3608560
3024 3023738
9986 9985256
3248 3247169
4019 4018815
6509 6508467
7402 7401594
6898 6897092
8787 8786101
9620 9619329
4144 4143841
14518 14517748
12099 12098254
12831 12830055
446 445725
3326 3325465
14937 14936880
8137 8136537
1216 1215047
14993 14992593
5705 5704754
8512 8511516
4390 4389782
940 939513
10763 10762429
8088 8087532
8905 8904481
8725 8724132
4465 4464554
3730 3729067
7640 7639421
8025 8024242
5968 5967495
11808 11807588
13613 13612939
359 358951
4548 4547097
4747 4746225
8839 8838851
502 501380
5932 5931923
10979 10978373
11188 11187706
3200 3199111
1430 1429340
8329 8328353
13972 13971398
5662 5661096
10993 10992376
12204 12203823
11694 11693287
10817 10816475
7994 7993251
8859 8858435
3535 3534518
6392 6391623
6238 6237837
13622 13621673
646 645111
14450 14449819
9842 9841041
6022 6021757
10708 10707478
10789 10788449
7207 7206098
10162 10161195
1782 1781742
2514 2513365
11101 11100895
14327 14326465
6254 6253280
10412 10411600
6588 6587068
10723 10722180
6683 6682568