
6999 6998553
5761 5760968
2594 2593156
1712 1711202
2181 2180503
1766 1765793
5545 5544897
10109 10108669
447 446781
267 266327
6444 6443679
9508 9507080
6557 6556677
7214 7213611
1327 1326456
10591 10590369
5423 5422092
427 426470
1247 1246302
7350 7349463
3367 3366283
7516 7515233
8016 8015963
4884 4883247
2176 2175270
7499 7498594
9777 9776618
397 396748
10436 10435924
10255 10254396
8202 8201462
4161 4160064
10086 10085227
8947 8946755
1815 1814372
8052 8051664
4845 4844762
6819 6818324
3591 3590518
3690 3689839
1102 1101955
2898 2897507
3283 3282309
6713 6712571
3594 3593752
5840 5839728
5880 5879422
14 13316
9040 9039400
2610 2609498
9846 9845057
7301 7300527
4580 4579937
800 799767
5157 5156767
6218 6217956
807 806550
10654 10653295
9968 9967351
4229 4228291
4758 4757880
1336 1335745
3326 3325908
3309 3308036
1961 1960831
8883 8882182
575 574543
5518 5517287
1935 1934444
8035 8034463
1365 1364089
2756 2755830
3565 3564831
8260 8259330 8259663
240 239185
3209 3208222
4846 4845622
4872 4871455
7706 7705606
10411 10410955
7723 7722224
1430 1429414
6850 6849757
7635 7634419
993 992984
1183 1182503
5085 5084296
7860 7859822
5485 5484606
1143 1142239
1734 1733232
5068 5067050
5937 5936758
5222 5221597
5188 5187640
10350 10349596
6191 6190759
1487 1486526
2458 2457433
5630 5629030
7977 7976317
4173 4172943
3511 3510437
10476 10475880
6666 6665865
549 548876
7922 7921300
7182 7181034
464 463476
6817 6816691
8285 8284627
1542 1541584
10341 10340556
10421 10420860
6139 6138960
1107 1106308
5645 5644940
221 220361
5924 5923999
2885 2884899
6633 6632209
8814 8813203
7262 7261820
3322 3321967
3171 3170141
10544 10543581
7320 7319300
445 444618
3569 3568722
5769 5768706
1109 1108190
4681 4680307
4498 4497577
4755 4754521
5455 5454573
292 291746
8426 8425336
4799 4798492
7323 7322662
1499 1498124
1435 1434256
8108 8107359
8193 8192050
4088 4087211
9070 9069586
2123 2122353
1386 1385642
6253 6252451
10699 10698579
5981 5980139
9077 9076620
10002 10001954
6226 6225111
2084 2083489
345 344152
4375 4374800
3264 3263698
9612 9611493
8438 8437692
8047 8046207
140 139317
5327 5326771
4722 4721188
3694 3693028
6196 6195211
10128 10127624
1073 1072405
9969 9968575
4667 4666959
1300 1299922
739 738967
1785 1784546
9097 9096939
1822 1821488
1195 1194535
1953 1952996
6569 6568613
1580 1579087
5385 5384394
3990 3989866
10471 10470126
6691 6690895
3339 3338637
5929 5928941
10050 10049353
5729 5728651
5463 5462595
2647 2646046
1037 1036348
6853 6852079
4275 4274911
4698 4697435
5339 5338196
5968 5967046
7481 7480477
3036 3035935
5619 5618700
4598 4597450
6232 6231600
9595 9594087
255 254011
9110 9109914
6842 6841729
8230 8229042
7174 7173727
8789 8788773
6805 6804249
4416 4415571
7855 7854859
7928 7927708
6397 6396201
1392 1391026
2447 2446063
5805 5804926
4798 4797172
7473 7472562
3984 3983821
5916 5915870
8464 8463042
826 825712
440 439539
5980 5979688
10668 10667433
1214 1213739
5775 5774226
5330 5329940
8245 8244290
3212 3211130 3211897
4718 4717161
5247 5246017
4370 4369149
425 424897
1347 1346968
2309 2308393
1988 1987203
3181 3180749
8123 8122024
8601 8600805
3063 3062306
2612 2611576
9552 9551669
9592 9591929
731 730336
3993 3992352
7843 7842699
3482 3481313
6858 6857586
10524 10523663
4089 4088528
1117 1116995
6274 6273761
77 76656
4358 4357791
3434 3433964
705 704994
7596 7595599
8696 8695404
3461 3460827
5883 5882261
3626 3625073
753 752489
4058 4057284
9051 9050051
7007 7006742
6206 6205766
5609 5608581
3107 3106947
2843 2842155
8637 8636900
2364 2363759
6588 6587817
10501 10500187
6704 6703246
3137 3136183
2436 2435443
2402 2401372
5587 5586589
614 613232
113 112758
9410 9409740
2960 2959512
9002 9001081
5651 5650448