
5830 5829651
13340 13339281
7152 7151006
15348 15347614
10335 10334173
13939 13938355
820 819675
14557 14556777 14556389
5790 5789253
8505 8504112
5120 5119600
8541 8540737
142 141733
14908 14907279
16139 16138983
4340 4339129
20352 20351217
1377 1376920
12288 12287259
21207 21206301
5569 5568259
4504 4503507
1584 1583275
3266 3265681
20635 20634674
9598 9597997
13928 13927200
2827 2826144
1562 1561148
10458 10457680
117 116424 116353
14585 14584187
6937 6936913
898 897730
6435 6434124
20857 20856826
10266 10265887
14661 14660551
15010 15009932
19263 19262916
6073 6072107
7099 7098193
9902 9901793
7024 7023818
2441 2440302
17686 17685451
20182 20181967
330 329708
15958 15957289
16792 16791212
2248 2247797
20118 20117437 20117707
9497 9496103
2924 2923545
9731 9730616
20022 20021987
10738 10737791
16401 16400833
9997 9996579
2366 2365634
6616 6615115
10537 10536690
9658 9657174
20675 20674041
4244 4243616
17212 17211406
18083 18082981
11086 11085260
18454 18453197
10456 10455376
16629 16628491
7160 7159579
18912 18911592
15502 15501457 15501247
15224 15223337
13447 13446461
4398 4397439
1507 1506191
1433 1432383
8567 8566805
9798 9797670
19995 19994240
18877 18876054
20806 20805540
10860 10859833
20018 20017341
15913 15912718
9898 9897016
15252 15251075
17933 17932267
6852 6851095
15686 15685966
6711 6710133
11257 11256151
9987 9986281
345 344693
14245 14244900
5851 5850323
14138 14137988
2672 2671854
3073 3072218 3072155
8074 8073969
13723 13722064
4771 4770554
19255 19254280
92 91228
6023 6022030
16458 16457462
20570 20569892
20233 20232779
3367 3366083
8217 8216319
2304 2303659
17860 17859598
891 890161
21085 21084667
18964 18963720
7741 7740647
17012 17011446
6749 6748090
2748 2747413
9613 9612180
17750 17749065
20620 20619902
15757 15756421
21249 21248163
916 915286
13164 13163730
9389 9388518
9252 9251333
20414 20413017
6302 6301721
17222 17221135
12379 12378636
13997 13996246
20320 20319266
3590 3589359 3589631
13229 13228231
10485 10484995
14503 14502113
8515 8514827
15404 15403780
11470 11469076
8107 8106237
9081 9080135
6441 6440255
4612 4611687
8146 8145002
16951 16950284
19266 19265165
9957 9956195
414 413139
2091 2090859
2603 2602611
5316 5315512
19002 19001052
5875 5874709
9758 9757066
3305 3304531
18146 18145413
335 334817
10328 10327036
16898 16897656 16897218
1579 1578035
3340 3339143
16587 16586791
7619 7618855
6316 6315842
5838 5837717
2270 2269527
14683 14682774
16396 16395341
10759 10758977
12461 12460990
19490 19489188
3424 3423094
20240 20239948
11858 11857451
8291 8290149
11988 11987924
9616 9615804
1005 1004887 1004478
2276 2275828
9861 9860432
17445 17444978
15186 15185097
6064 6063701
14201 14200553
21070 21069021
9828 9827726
21235 21234793
7094 7093177
6345 6344955
9262 9261641
3773 3772808
11721 11720188 11720542
19936 19935577
17546 17545035
1400 1399773
9556 9555589
4807 4806084
18458 18457427
7135 7134110
16989 16988880
16326 16325957
13967 13966839
8382 8381716 8381086
11422 11421486
8773 8772679
20551 20550249
20552 20551056
10982 10981299
201 200904
18698 18697701
17281 17280595
11098 11097716
8868 8867617
10168 10167742
5509 5508989
7953 7952644
5461 5460887
8128 8127336
18373 18372423
12758 12757856
9089 9088098
5228 5227736
16443 16442358
16036 16035529
16732 16731692
18544 18543705
8437 8436353
11004 11003653
4682 4681735 4681810
3215 3214140
6879 6878867
8578 8577589
14223 14222574
8786 8785508
15881 15880792
14084 14083007
20248 20247811
15980 15979297
1721 1720743
17598 17597485
3724 3723339
9312 9311929
1736 1735327
7527 7526845
10461 10460380
14178 14177305
9404 9403615 9403687
18700 18699228
10562 10561350
12893 12892124
6242 6241783
16735 16734665
13696 13695286
2795 2794427
9181 9180212
9141 9140307
11264 11263144
2065 2064457
3960 3959326
4818 4817360 4817029
9327 9326708
12743 12742110
7192 7191787
8543 8542480
21107 21106881
19891 19890683
13893 13892977
19594 19593424
19208 19207214
16465 16464339 16464841
21103 21102460
5386 5385267
1108 1107248
19242 19241513
8412 8411032
12071 12070238
9088 9087924
13838 13837513
15529 15528028
1732 1731582
13994 13993225
13765 13764109
9442 9441541
11712 11711125
5677 5676796
20878 20877045
2733 2732710
20760 20759819
6576 6575953
6195 6194241
18639 18638174
801 800805
6515 6514666
21301 21300027
9512 9511489
700 699569
19296 19295515
9897 9896004
6016 6015667
4171 4170165
427 426961
4751 4750923
14012 14011115
4205 4204790
18275 18274034
19482 19481187
15259 15258309
1478 1477085
2986 2985560
9296 9295879
378 377587
12916 12915817
4850 4849484
8459 8458439
5653 5652763
17869 17868014
21197 21196916
15856 15855675
15691 15690426
3269 3268334
12251 12250468
13391 13390864
20135 20134046
21187 21186547
19666 19665234
3028 3027346
7283 7282634
5180 5179200
20359 20358286
5961 5960295
19489 19488772
17955 17954808
6399 6398684
11911 11910355
13585 13584433
19595 19594479
2211 2210315
8910 8909468
10063 10062787
9401 9400731
16025 16024079
14999 14998876
5488 5487545
1265 1264307
2243 2242187
13271 13270452
1249 1248669
15617 15616107
1535 1534616
18210 18209863
5774 5773596
17369 17368443
18046 18045298
17398 17397967
3915 3914333
8019 8018592
996 995107
698 697188 697686
13862 13861225
11649 11648450
9054 9053988
4906 4905419
6040 6039224
4005 4004432
115 114087
14152 14151940
18336 18335089
18220 18219430
7149 7148724
17828 17827844
13836 13835245
12949 12948484
10136 10135912
9873 9872409
5133 5132479
4900 4899173
9227 9226711
14485 14484281
11156 11155488
7944 7943045
3315 3314592
628 627714
8094 8093328
20803 20802786
8360 8359573
5281 5280696
13991 13990190
17522 17521293
16318 16317463
811 810660
20301 20300634
4625 4624010
3224 3223588
20114 20113570
21159 21158101
9528 9527856
2933 2932747
19454 19453550
12871 12870190
3853 3852826
8902 8901957
10289 10288918
251 250052
5260 5259951
13117 13116992
17630 17629202
10922 10921015 10921490
758 757587
4715 4714239
6044 6043691
6726 6725793
781 780003
7133 7132394
313 312330
14719 14718360
4137 4136895
7322 7321324
4777 4776569
12577 12576181
7049 7048199
7812 7811585
4153 4152462
17191 17190150
13753 13752610
13757 13756141
1056 1055387
12476 12475663
19066 19065836
11136 11135210
21337 21336738
18158 18157976
10622 10621865
5332 5331716
13659 13658274
13274 13273106
20337 20336273
5845 5844833
8882 8881846
3520 3519537
8757 8756310
8631 8630557
9601 9600856
10736 10735912
4501 4500369
17868 17867833
14601 14600751
4419 4418116
20755 20754443
8521 8520837
11048 11047497
13441 13440089
11753 11752628
15654 15653427
2440 2439390
1739 1738581
15398 15397060
7008 7007759
19964 19963561
13024 13023279
7211 7210442
920 919549
21065 21064620
10115 10114048
19655 19654119
17287 17286916
8818 8817219
8398 8397723
15246 15245293
12629 12628686
7463 7462699
11978 11977396
21037 21036642
13424 13423164
6107 6106459
17353 17352230
4081 4080964
9171 9170750
11327 11326272
18676 18675646
477 476393
763 762992
13167 13166786
17131 17130995 17130151
6446 6445215
7269 7268971
17305 17304925
11208 11207760
1162 1161260
10067 10066928
2783 2782401
13674 13673264
4143 4142408
16586 16585945
6944 6943753
14648 14647276
11828 11827507
5438 5437593
5674 5673435
3914 3913304
7488 7487871
14679 14678567
20538 20537406
3352 3351284
20537 20536003
15172 15171304
12172 12171027
19821 19820527
6861 6860045
11032 11031530
9689 9688523
16405 16404242 16404648
9857 9856217
9734 9734000
11140 11139039
13846 13845583
12892 12891324
6635 6634628
1486 1485845
1033 1032100
5616 5615107
17996 17995788
15572 15571391
6105 6104547
5618 5617292
494 493195
12736 12735148
4889 4888740
8799 8798445
10538 10537308
14850 14849921
2022 2021227
18938 18937692
5944 5943413
19556 19555675
299 298621
2313 2312251
6444 6443213
16167 16166017
2139 2138594
19807 19806911
13785 13784718
8743 8742428
3551 3550385
1605 1604588
7999 7998155
10846 10845327
19695 19694120
20917 20916070
15207 15206929
4327 4326381
5563 5562367
6956 6955521
4947 4946478
18861 18860839
17553 17552175
11791 11790477
1286 1285713
3543 3542715
17499 17498206
12423 12422429
6847 6846899
9538 9537470
16711 16710946
9783 9782241
15973 15972601
5726 5725417
17539 17538926
18656 18655312
8450 8449651
14143 14142728
12095 12094416
10514 10513458
1603 1602907
10142 10141857
15634 15633359
14771 14770955
7954 7953840
13068 13067395
6639 6638511
8518 8517724
14092 14091019
3707 3706360
18205 18204181
12000 11999194
19686 19685862
13888 13887929
7246 7245112
7469 7468178
16232 16231954
15809 15808638
16218 16217674
1678 1677031
15301 15300778
8366 8365927
625 624032
14320 14319804
19100 19099968
20461 20460568 20460073
4611 4610121
7524 7523503
17623 17622837
4236 4235454
14120 14119960
6408 6407875
8470 8469177
17171 17170002
15491 15490229
15379 15378973 15378071
765 764907
16849 16848410
14922 14921831
11504 11503173
4783 4782079
21339 21338813
51 50379
19385 19384368
13055 13054904
3334 3333452
3584 3583341
320 319139
534 533392
5339 5338238
9480 9479371
9822 9821045
10054 10053792
12331 12330247
5979 5978269
6426 6425554
7672 7671700
7835 7834641
7457 7456549
7087 7086804
11528 11527322
2345 2344817
21256 21255015
14346 14346000
18623 18622044
13790 13789313
20220 20219266
11630 11629255
2678 2677041
18989 18988698
19086 19085656
10425 10424924
20629 20628253
9381 9380620
16034 16033445
8605 8604160
11844 11843496
18524 18523275
11578 11577704
20457 20456424
3470 3469445
14620 14619938
5842 5841813
8057 8056051
11361 11360528
6949 6948634
569 568469
8099 8098642
671 670730
5900 5899515
8846 8846000
7031 7030071
7882 7881715
13404 13403005
3409 3408305
20767 20766174
2070 2069718
19068 19067061
4112 4111420
15564 15563675
16744 16743957
10464 10463896
13825 13824466
4057 4056248 4056840
12080 12079753
13589 13588403
18789 18788300
19037 19036488
15870 15869293
14377 14376158
612 611516
8850 8849808
3136 3135944
18404 18403261
16010 16009064
15068 15067271
13860 13859846
7726 7725036
5377 5376083
12077 12076888
5780 5779676
4546 4545571
13682 13681428
14361 14360480
2973 2972983
10163 10162929
17123 17122607
12585 12584436
2295 2294919
3531 3530074
861 860930
676 675929
9332 9331069
4051 4050174
133 132532
1253 1252102
21064 21063235
6043 6042887
9274 9273243
2252 2251103
11669 11668411
11855 11854730
20604 20603633
1967 1966487
3017 3016855
930 929321
17034 17033125
4843 4842814
17200 17199932
6977 6976225
20389 20388365
20586 20585328
15175 15174831
9333 9332046
11862 11861244
2505 2504782
7350 7349445
8591 8590043
12793 12792895
14834 14833038
10756 10755224
3581 3580099
12841 12840323
7959 7958891
14466 14465475
8234 8233198
13194 13193580
8858 8857896
10872 10871318
20671 20670252
18935 18934140
9142 9141699
19869 19868326
11019 11018548
9699 9698046
18240 18239891
3432 3431941
2660 2659736
2046 2045743
3025 3024446
9387 9386097
5334 5333075
2692 2691978
17484 17483217
10815 10814144