
3343 6528795
3284 6412221
9926 19384471
8401 16405362
1685 3289320
2042 3987525
8888 17356361
4686 9150017
3070 5995243
5133 10024174
6351 12402844
9069 17711754
4749 9274393
6832 13341296 13341048
1748 3413635
5753 11234812
5510 10759653
2608 5093241
6307 12315979
8245 16100656
1173 2289547
542 1058089
7761 15155904
1676 3272717
5865 11453992
9679 18902445
664 1296581
1389 2711851
3541 6915430
8463 16527435 16526956
5251 10253988
173 336568
2292 4475273
4302 8400666
3734 7291968
4276 8349188
6383 12464437
6895 13464505
3335 6511436
7539 14721723
8667 16926109
4478 8744569
7298 14252934
8337 16280879
3182 6214355
9988 19504798
7449 14546889
9576 18700903
4484 8756449
1556 3037339
1935 3778237
8264 16137843
4933 9632886
3890 7597056
3216 6280519
4928 9623346
6069 11851267
7429 14508042
9442 18438678
1563 3051966
6824 13326876
8427 16456757
1039 2028211
8398 16399962
2969 5797076
9762 19064157
7300 14254997
9462 18478451
1365 2665827
6206 12120104
5919 11558094
2826 5518141
9931 19394465
9511 18573207
5109 9977600
7109 13883859
5852 11427365
9684 18911976
7643 14924902
7894 15416215
8322 16251560
2257 4407847
9925 19383206
3169 6187638
5388 10522005
804 1568576
5057 9875530
9501 18553851
8524 16646713
3634 7096731
4135 8074781
9205 17976654
1451 2832154
543 1059234
5730 11189861
3027 5910429
982 1916685
281 548721
5853 11429183
6295 12293170
4740 9255773
7968 15560836
5636 11006780
4007 7825004
2477 4837432
1379 2691949
129 250437
1916 3740257
8428 16459431
6237 12180850
783 1527781
3817 7453368
8186 15987036
5475 10692535
7856 15341800
1845 3602587
5856 11436627
2455 4793589
5016 9796015
5012 9786782
5804 11334466
1299 2535817
7185 14031966
3906 7626639
9079 17730568
560 1093623
7262 14181807
1341 2618029
9074 17719951
6388 12474561
1753 3423361
6196 12099834
7285 14226988
3758 7338866
5871 11465948
1317 2571464
14 25634
5596 10928543
8342 16290503
7537 14718900
8402 16407840
5474 10689255
8382 16369686
3357 6555537
562 1097125
3336 6514304
4361 8515814
9049 17670833
4847 9464807
4 7538
4762 9299546
5295 10340259
5180 10115320
3601 7031675
5509 10757394
2470 4823863
8791 17168560
4395 8583117
2416 4717204
3529 6891389
5347 10441980
2559 4996180
362 705162
6236 12177617
1215 2371115
22 41173
6742 13166890
7625 14889902
1821 3554492
4025 7859667
1438 2808248
5007 9778647
6028 11771935
7764 15161742
8950 17479038
1837 3586757
5572 10882034
7699 15034379
8303 16215491
498 970800
4944 9655288
962 1878345
1073 2095417
7327 14308309
8326 16259954
4958 9682197
5360 10466498
6186 12079560
9113 17797184
3527 6886568
7813 15258071
9599 18745543
8700 16990907
8924 17427627
4323 8441610
8076 15771122
1136 2217652
9005 17585142
9466 18486463
3422 6682651
7331 14317151
7023 13714597
6414 12525528
7448 14544033
4717 9210556
7412 14473741
8449 16500336
5901 11523735
7376 14404213
6511 12714763
5066 9892403
9906 19344948
9568 18684605
5408 10561696
2267 4427377
9416 18388653
6452 12599051
8090 15797855
2599 5074085
2453 4788855
4595 8973800
2484 4850441
4034 7876943
6820 13318954
5148 10053053
811 1582975
5840 11404060
9014 17603612
9504 18559494
8078 15776049
228 444298
9426 18407928
252 491857
6642 12970794
9463 18480706
8168 15950839
2177 4250708
53 102504
8273 16155251
1469 2868257
1097 2141744
3880 7576683
2743 5356282
8891 17362870
5816 11358462
7477 14602314
119 230622
8246 16102633
8946 17470110
6277 12257368
5993 11703627
3485 6806186
1519 2964990
6329 12358904
8769 17125850
8450 16502138
6134 11979194
9747 19035759
1881 3671946
2143 4184965
3860 7538346
8434 16470691
9245 18053811
6706 13096409