
2139 4175914
9969 19468967
1451 2832026
2953 5766396
6079 11870654
6279 12261752
2758 5384792
8579 16754530
5957 11633554
2520 4920137
8085 15789889
4539 8863844
1832 3575971
2207 4308816
334 650612
3105 6062267 6064052
679 1325070
7678 14994784
8412 16427648 16427007
4767 9309062
7080 13825784
5312 10374210 10373497
4299 8394674
6973 13617697
9170 17908524
8747 17082532
2825 5516227
8600 16794068
7027 13723594
6253 12211254
4321 8438652
7211 14082170
8427 16457164
4125 8054295
3199 6247524
9843 19222738
8730 17048927
8222 16056283
6025 11766352
9356 18271538
780 1522874
423 824332
625 1220197
9676 18895469
5301 10352240
3676 7178371
4595 8973565
3895 7606876
1896 3701603
6458 12612264
415 810280
6399 12496190
9386 18330489
4842 9456262
3714 7253001
7575 14793289 14793726
5597 10929318
5485 10711189
2774 5415914
8863 17308126
4022 7853553
2030 3963971
5790 11307173
782 1526364
613 1196987
2820 5505583
2974 5808122
1637 3196628
1494 2916073
8058 15736305
2309 4508568
4562 8909479 8908244
4692 9162335
4197 8195983
5940 11600815
9003 17582189
9911 19354611
9860 19255565
3661 7149544
1241 2422001
49 95265
8525 16647743
6824 13326358
8682 16954074
6892 13459320
6894 13462048
3997 7805546
5832 11388955
6326 12354199
7475 14597908
4573 8929578
7124 13912025
22 42218
5513 10765288
4396 8585298
709 1383081
9600 18748513
9188 17943643
8452 16505731
7408 14467618
920 1796056
3699 7223666
9347 18253080
8477 16553851
1483 2895332
3284 6413122
463 903792
7646 14931216
1586 3097369
898 1753045
2315 4520150
3123 6098886
6067 11847311
9673 18889909
4138 8079943
6624 12934986
9202 17970791
8997 17570356
9689 18921427
5824 11372879
5926 11572899
988 1928961
4370 8533053
3561 6953145
6138 11986712
5240 10232189
594 1158927
7903 15433495
7613 14867371
5669 11071314
9637 18820537
7171 14004050
7922 15470438
7249 14156498
4784 9342834
7133 13930303
8371 16346997
4847 9465338
8387 16379042
5455 10652932
5074 9909222
4988 9741563
7472 14591740
9792 19123596
9884 19303055
5520 10779752
3046 5947150
8337 16281233
150 291987
1394 2720605
8911 17402410
3754 7331462
4808 9389885
2867 5598137
8164 15943142
1564 3053487
6695 13073730
4508 8803692
4787 9348665
8927 17434161
8849 17280363
9269 18101857
5743 11214415
9241 18046376
6675 13034869
4233 8265326
621 1211443
3243 6332370
3581 6992219
8514 16626649
3944 7701134
455 887863
4602 8985971
7501 14649405
7308 14271393
7001 13672442
2127 4153449
1540 3005849
969 1891963
309 601954
7798 15227840
6150 12010057
9455 18465259
5819 11363606
1967 3839698
5978 11673310
159 308959
5754 11236082
7811 15253997
7403 14456937
7199 14059354
8591 16778206
6431 12558321
8559 16715189
7088 13841303
5857 11437572
9778 19095072
2481 4845270
200 389917
6547 12785419
6055 11824418
2278 4447060
1620 3162702
9796 19131268
4703 9183750
3805 7430398
7628 14897377
8015 15653047
6857 13390586
3378 6597031
5660 11053812
1905 3720107
4945 9657518
1400 2733409
9692 18927144
5953 11626013
6727 13136152
3435 6708231
1110 2167220
9651 18848305
5987 11691344
5934 11587576
6166 12041336
3214 6275394
6187 12081391
9049 17671626
4262 8322500
1705 3328525
5638 11009793
1634 3189756
4236 8272362
9271 18105583