
3647 7122416
4375 8543112 8544077
3109 6071613
1642 3206121
4520 8826646
307 599438
327 636861
3177 6204581
4586 8954705
209 407633
2774 5416753
1670 3260858
82 159679
917 1790553
4238 8276128
1350 2635113
2585 5047352 5048285
2120 4139490
543 1058691
2322 4534493
55 105874
2272 4435356
4426 8642549
1928 3765035
586 1143208
2505 4891448
1599 3120985
273 531815
4976 9716863
1147 2238998
3208 6263981
4217 8234679
1257 2453422
4959 9683453
709 1384134
4307 8409806
2704 5280109
4513 8812880
4252 8302517
4632 9045996
2303 4496342
2143 4183523
2780 5427921
1274 2486604
419 817532
3584 6998500 6998206
2519 4918282
4709 9196145
739 1442039
2844 5554090
4140 8083493
719 1403294
3658 7142794
4129 8062513
4360 8513569
1450 2830470
562 1096037
462 900740
1314 2564512
3923 7660672
4651 9083107
2153 4203020
1193 2329847
4571 8925427
40 76241
2169 4235112
3671 7169382
1704 3326928
2084 4068702
760 1483256
4947 9661179
2603 5081795
4564 8913232
1365 2665587
1964 3835222
1910 3729110
4382 8557403
2027 3958678
2164 4225332
1860 3630922
3132 6116333
1795 3505466
2354 4595922
4054 7916834
454 885434
4178 8158200
30 57141
337 657529
212 413390
3795 7411342
502 980031
3724 7272962
1821 3554810
1372 2679174
3038 5931963
948 1849621
1178 2300492
3989 7789912
1836 3584225
2051 4005553
937 1828990
1364 2663114
869 1695794
4453 8696431
4181 8164204
899 1754111
4278 8354780
4180 8161707
670 1308084
4206 8213281
3032 5920111
3046 5948224
3432 6702106
3473 6781924
3424 6686163
1722 3362915
4883 9535827
198 384762
395 770523
4124 8052807
4488 8764717
1938 3784479
128 248993
2068 4038749
2302 4494913
2383 4653174
1149 2242419
3490 6815615
2298 4486749
3871 7559694
4088 7983201
294 573576
1027 2005503
249 484883
152 296379
4725 9226570
2628 5131350
4352 8498751
1523 2973175
6 10269
3646 7120509
4906 9581050
992 1935440
1648 3217789
819 1599399
2753 5376208
2560 4998032
2479 4840402
4760 9294654
4020 7850554
2359 4606085
1607 3137184
4019 7847914
4834 9439790
3427 6692323
2455 4793173
4378 8548725
2123 4144708
3846 7510472
3938 7689883
4147 8097687
1683 3284978
1991 3887024
4389 8570425
842 1642569
1755 3426359
2558 4995423
4892 9552204
202 393297
3291 6426316