
4478 8744060
3165 6179365
2016 3935873
1149 2242820
2525 4929977
3587 7003687
2833 5531977
2327 4542716
1651 3223105
3741 7304622
3907 7628526
2132 4162134
2463 4809445
4956 9678003
187 364806
1026 2003770 2003096
1393 2719274
1727 3371756
2096 4091766
3032 5919935
1778 3471593
2163 4223988
2286 4462859
3117 6086951
4169 8141577 8140557
1344 2623143
378 737650
3643 7114430
1538 3003073
3530 6893129
3895 7605282
447 872396
1506 2939947
1718 3354047
4639 9058520
2197 4289362
4884 9538007
1855 3621510
1891 3691317
4034 7878328
1981 3868402
605 1179830
2499 4880400
3367 6574379
1196 2335212
4947 9661058
4297 8391172
2425 4735865
1680 3279508
1457 2844843
3204 6256772
180 351472
1389 2711220
1245 2430095
1907 3722715
3107 6066351
330 644164
3685 7196046
68 130966
4190 8182408
3678 7182503
3510 6854262
1400 2732904
4739 9254236
1808 3529623
729 1423116
1482 2893273
2473 4829228
3985 7781808
3557 6946648
2435 4754292
3631 7090287
649 1265850
1356 2647794
3037 5930928
2181 4258034
109 212540
4663 9106644
15 27382
1483 2896034
3496 6826762
3207 6262735
337 656288
4353 8500503
4093 7993013
4449 8687740
1098 2143665
1200 2342531
4308 8413219
1850 3611661
944 1843021
2959 5778227
2971 5802204
2949 5757881
2309 4507638
2789 5446617
4064 7935351
2348 4585352
669 1306058
4433 8657644
726 1417823
3134 6119706
4769 9313810
3160 6170853
3951 7714909
3391 6621878
2664 5201070
2803 5472775
1685 3289873
100 195195
2574 5025095
4673 9126194
248 482667
1514 2956535
1677 3274745
3658 7142161
2691 5255073
2291 4473197
4745 9265443
2248 4388817
2152 4201618
1306 2549401
3697 7218810
1077 2103053
2366 4619247
2392 4670629
1147 2238579
3268 6381612
978 1909345
3179 6208457
3154 6158859
2654 5183157
1318 2573049
4670 9119018
2187 4270482
1857 3625889
1636 3194235
2633 5140346
1443 2817375
3902 7620091
3816 7452579
4482 8751614
1305 2546989
1205 2352239
1473 2876019
4123 8051968
3274 6392302
3927 7667850
2555 4988487
4664 9107477
3217 6282694
4600 8981983
1117 2180651
436 850530
3362 6564528
1956 3820042
101 196283
3098 6049399
4775 9323741
377 736118
2665 5204140
1078 2104118
4375 8543241
113 220003