
17175 17174482
58738 58737143 58737143
7942 7941582 7941582
32132 32131879 32131879
13462 13461923
56309 56308275 56308275
11413 11412047 11412047
65327 65326121 65326121
4253 4252636
27778 27777265
122686 122685829
47302 47301182
91574 91573767
21415 21414335
35192 35191681
8225 8224695
41922 41921452
9737 9736729 9736729
26574 26573581
73441 73440932
139586 139585908 139585908
36127 36126424
53143 53143000 53143000 53143000
20530 20529914
40303 40302499 40302499
119506 119505708 119505708
97568 97567672
125080 125079313 125079313 125079313
57661 57660902 57660902
47404 47403499 47403499
17062 17061776
79495 79494986
59309 59308556 59308556
110781 110780236
55822 55821446
93754 93753463
16220 16219172
2369 2368212
98426 98425391
142332 142331939 142331939
61579 61578779
132240 132239148 132239148
11219 11218547
55699 55698579 55698579
131476 131475420
7635 7634536 7634536
117388 117387008
54303 54302375 54302375
54908 54907318 54907318
83770 83769540
4302 4301048
25603 25602390
9942 9941177
109370 109369238 109369238
63548 63547189 63547189 63547918 63547189
51338 51337340
84212 84211249
128508 128507480 128507480
129434 129433694 129433694
137101 137100955
36429 36428703
62444 62443174
47315 47314333
79467 79466690
101304 101303762
90102 90101482
128222 128221811
108259 108258648
71733 71732064
38973 38972085 38972085
1611 1610712 1610712
119883 119882654
29682 29681822
85674 85673928 85673928
95814 95813419
41772 41771946 41771934 41771934
1027 1026880
146857 146856189
55957 55956258
20794 20793038 20793038
76927 76926135 76926135
114569 114568386
11503 11502996
142674 142673644 142673644
45785 45784405 45784405 45784405
61261 61260554
9954 9953884
62340 62339440
116762 116761001
66848 66847896 66847896
81090 81089382
122891 122890711 122890711
42141 42140280 42140280
79025 79024468
62173 62172544 62172544
62911 62910567
31392 31391652
135470 135469906
52242 52241403
75045 75044431
14554 14553566
37325 37324756 37324756
85747 85746080
26293 26292725
125726 125725611
106954 106953176 106953176
34112 34111910 34111910
47291 47290054
135399 135398262
63275 63274829 63274829 63274829
51644 51643941 51643941
49912 49911230
37239 37238612
149271 149270863 149270863
83734 83733030 83733030
45595 45594692 45594692
80803 80802636 80802636
75271 75270827 75270827 75270827
73070 73069298
119476 119475389
80815 80814745
55209 55208256
1042 1041920 1041920 1041920
6022 6021720
105763 105762724 105762724
64924 64923537
57055 57054863
144658 144657446
144217 144216087
36116 36115364 36115364
2087 2086247
67010 67009929
4794 4793519 4793519
94966 94965690
31570 31569645 31569645
48927 48926365 48926365
120804 120803540
19844 19843463
90100 90099816 90099816
13288 13287735
112508 112507664
35423 35422963 35422963
145292 145291232
8668 8667121
44233 44232616
106150 106149582 106149582
108319 108318789
53587 53586077
17651 17650815
31175 31174741
120394 120393243
7295 7294286 7294286
24909 24908457
92107 92106883 92106883
24028 24027354
139668 139667616
97951 97950549
144954 144953275
148474 148473760 148473760 148473760
334 333763
38908 38907148
77359 77358184 77358184
74312 74311859 74311998
128777 128776100
58065 58064143
123406 123405851 123405851 123405851
48801 48800496 48800496
133633 133632077
14317 14316528 14316528
126604 126603462
119855 119854019 119854019
118624 118623049 118623049
114533 114532031
98332 98331310
18855 18854425 18854425
19139 19138679
78001 78000914
77540 77539442 77539442 77539442
35375 35374967
134236 134235134
149093 149092401
17483 17482952 17482952
31430 31429281
78411 78410151
5388 5387422
148636 148635203 148635203
95155 95154541
67082 67081929
86695 86694765
90405 90404290
94611 94610738
56340 56339681
36559 36558202
104065 104064761
68253 68252064
14368 14367494
18860 18859543 18859543
111012 111011017 111011017
149435 149434212
135676 135675355 135675355 135675355 135675019
77950 77949593
34426 34425126
101913 101912051 101912824
133542 133541368
139412 139411619
106937 106936280 106936280
16061 16060763
88194 88193195 88193195
136539 136538670 136538670
118236 118235623 118235623
60232 60231835 60231835
26708 26707198
59434 59433850 59433850
42196 42195632 42195632
42954 42953757 42953757
141864 141863166 141863166
63446 63445938
59742 59741701
90002 90001588 90001588
136360 136359787 136359787
75238 75237771
29421 29420391
11348 11347688 11347688
127756 127755273 127755273
111286 111285827 111285827
54904 54903909
70511 70510713 70510713 70510713
111585 111584084
219 218119 218119
14978 14977268
55326 55325293
32191 32190821 32190821
114825 114824050
89717 89716298
54257 54256092 54256092
127959 127958455 127958147
101359 101358677 101358677
142315 142314884
83212 83211981 83211981
136983 136982549
85185 85184570
146025 146024505 146024505
37584 37583845 37583845
82763 82762748
7652 7651878
96446 96445276
69996 69995613
67295 67294063 67294063
148201 148200749
75289 75288738 75288738
143855 143854534 143854534
118129 118128323
35558 35557702
42698 42697605 42697605
120309 120308575 120308575
24659 24658629
83204 83203272 83203272
100353 100352635
72847 72846730
57420 57419255
85657 85656274 85656274
134695 134694059
56566 56565277 56565277
57502 57501573 57501573
87064 87063994
6046 6045253
42409 42408679
64448 64447410 64447410
52994 52993015
123719 123718146
149586 149585762
90437 90436841
130330 130329455 130329455
114515 114514819 114514819
69781 69780910
101689 101688684 101688766 101688766
72203 72202779
108983 108982701 108982701
145598 145597889 145597889
32732 32731685
9905 9904327
38142 38141896 38141896
118596 118595781 118595030 118595781
33401 33400142
60200 60199448 60199448 60199448
133982 133981823
23780 23779489 23779489
58971 58970462 58970462
36064 36063498 36063498
62512 62511973
105037 105036167 105036167
8949 8948367
11430 11429369
146265 146264428
125651 125650375 125650375
47913 47912335 47912335 47912335
57348 57347300
28562 28561151
132283 132282133 132282133
2699 2698676
73776 73775021
49761 49760314
51747 51746566
82400 82399365
109273 109272178
68668 68667399
11330 11329442
110730 110729390
120904 120903502
89133 89132516
60329 60328630
106092 106091551
2897 2896772 2896772
66440 66439262 66439262
133907 133906216
107547 107546394
2298 2297041 2297041
63427 63426205 63426716
123329 123328228
6622 6621012 6621012
65414 65413820 65413820
138296 138295002
16952 16951073
138937 138936665
93610 93609855
88821 88820800 88820800
125503 125502665
67670 67669992 67669992
127372 127371793
47548 47547002
7355 7354045
145321 145320649
5375 5374451
107583 107582814 107582814
61716 61715002
25823 25822823
47824 47823595 47823595
134436 134435023 134435023
110120 110119548 110119548
31713 31712273 31712273
27933 27932271 27932271
115387 115386222 115386222
126360 126359881
111696 111695730
3118 3117250
136902 136901987 136901987 136901987
114064 114063142 114063855
10932 10931808 10931808
104744 104743796
141638 141637184
56354 56353868
35234 35233283
143374 143373224 143373224
127086 127085943
45947 45946409
4608 4607948 4607948
50480 50479666
41396 41395298
52758 52757572 52757295
141367 141366188
55313 55312413 55312413
49821 49820972 49820972
62959 62958422
42364 42363165
80388 80387566
133326 133325951 133325951
121073 121072151 121072151
34811 34810798
54958 54957711 54957711
104970 104969831
47471 47470686
141607 141606086
81288 81287623 81287623
34089 34088997
67701 67700063 67700063
26155 26154086
29631 29630959
69580 69579518
73530 73529984
12556 12555605
82383 82382850
30736 30735052
42178 42177051
38897 38896431
80752 80751312
73085 73084482 73084482
11624 11623926
42856 42855041
142103 142102204
113511 113510395
126995 126994817 126994817
89571 89570987
143016 143015893 143015893
7537 7536159
127948 127947733 127947733
33196 33195764 33195764
62750 62749233 62749233
85609 85608800
36194 36193364 36193364
139416 139415076 139415076
52785 52784874
65535 65534799
51937 51936181
2008 2007477
17386 17385423
77422 77421795
125679 125678860 125678860
59158 59157309
6826 6825847
106070 106069885
140231 140230204 140230204
114214 114213440
147521 147520477
82303 82302162
56098 56097348 56097348 56097348
118940 118939389 118939146
88296 88295622
18546 18545931
80470 80469648
2078 2077837
105799 105798912
53422 53421568
81720 81719508 81719508
139507 139506587
69652 69651802
86191 86190323
146804 146803708
13637 13636026 13636026
68017 68016097
13164 13163720
57603 57602909
45263 45262418
22840 22839346
24031 24030030
56548 56547498
146284 146283502
69979 69978710
41925 41924139 41924139
32878 32877494 32877370
10936 10935726
114366 114365244 114365244
5166 5165834
119111 119110504
129690 129689929
97926 97925811 97925811
22633 22632848
121077 121076967
113025 113024616
125345 125344992
133960 133959621 133959621
100297 100296369
137130 137129701 137129701 137129701
29249 29248953 29248953
148073 148072587
147230 147229192
137276 137275189
143590 143589303
138772 138771639
42194 42193499 42193499
20934 20933446
131754 131753368
59555 59554921 59554921
18473 18472735
38802 38801601
71031 71030394 71030394
66383 66382049
58840 58839438
124919 124918140 124918140
145915 145914698
98957 98956495
30147 30146970
120713 120712483
107241 107240949 107240949
26575 26574590
25491 25490097
26056 26055301 26055301
18744 18743806
5432 5431037 5431037
59587 59586439 59586439
94800 94799814
97882 97881527
22943 22942624
38349 38348696
57034 57033572
96916 96915447
43593 43592950
32940 32939066
34106 34105108
125459 125458390
136144 136143904
16100 16099094
107601 107600211
107743 107742480
46533 46532503
27877 27876597 27876597
26462 26461765
94167 94166218
18390 18389225
16525 16524092
105108 105107929
97278 97277586
86767 86766423
26468 26467069
141150 141149662
51008 51007697
101000 100999471
15080 15079793
24658 24657304 24657304
72661 72660733 72660733
26821 26820122
36464 36463444
130052 130051441
78296 78295353
148767 148766913
81384 81383041 81383041
97159 97158303
29476 29475386
82192 82191432 82191432
98464 98463477
118422 118421498
105677 105676596
60959 60958923
105634 105633113 105633113
99199 99198685
125242 125241523
94816 94815445
75538 75537851
16868 16867127
114626 114625739
104376 104375809 104375809
22042 22041298
13783 13782219
34610 34609308
32849 32848616
938 937550
69914 69913452
138914 138913380
72793 72792706
137711 137710489
85837 85836897 85836897
149419 149418976
112765 112764042
71392 71391596
93647 93646679 93646679
65050 65049821
83528 83527885
139681 139680071 139680071
38810 38809326
14718 14717385 14717385
13186 13185428
100403 100402480
102154 102153476
37639 37638134
52386 52385416 52385416
45220 45219293
49860 49859772 49859772
96287 96286273
129937 129936406
102392 102391934
13514 13513578
36081 36080437
72660 72659218 72659218
93631 93630396
47129 47128848 47128848
148260 148259046
56292 56291833
81856 81855315
74428 74427325
61853 61852292
8330 8329201 8329201
55409 55408588
94801 94800710
24686 24685995 24685995
27953 27952018
25219 25218936 25218936
22640 22639067
107657 107656602
22828 22827164
88612 88611789 88611789
114866 114865366
79277 79276248 79276248
41736 41735911
46080 46079461
68508 68507145 68507664
140391 140390495
11011 11010330 11010330
125335 125334471
55337 55336811 55336811
2950 2949070
104572 104571517
118176 118175609 118175609
135887 135886773
17169 17168376
95356 95355071
141160 141159809
9116 9115325 9115325
118651 118650288 118650288
8343 8342012
94141 94140337
115777 115776534 115776534
70300 70299996
124282 124281632
39745 39744533 39744495
135528 135527067
79948 79947805 79947805
84272 84271324
25981 25980189
617 616613
13787 13786530
76980 76979034 76979034
20519 20518863 20518863
89567 89566687
115847 115846681 115846681
99808 99807117
121261 121260886
139476 139475228
41745 41744920
77958 77957219 77957219
66675 66674098 66674098
49726 49725080
96902 96901364
137787 137786808
111133 111132984
1510 1509051 1509051 1509051
146033 146032157
116260 116259041
90134 90133610
68044 68043244
69854 69853739
47072 47071011 47071011
49772 49771635
119890 119889699
2079 2078866
56889 56888225 56888225 56888173
44599 44598127
70728 70727169
74095 74094554
118082 118081505
40324 40323933 40323933
22771 22770256 22770256
117686 117685978
108502 108501887 108501887
132572 132571852 132571852
76892 76891240
102355 102354012
130113 130112448 130112448
18963 18962974 18962974
62228 62227132
34514 34513973
92959 92958111
63103 63102662
96323 96322574
41359 41358910
70249 70248723 70248723
82546 82545771 82545771
76774 76773917
126076 126075552
64552 64551567 64551567
119755 119754453 119754453
27039 27038650 27038650
37066 37065810
48337 48336939
73968 73967576 73967576
104930 104929465
127679 127678773 127678773
55558 55557849 55557849
125805 125804688 125804228
58244 58243821 58243821
108849 108848883
84580 84579080 84579080
33868 33867664
27100 27099674
115791 115790413
149861 149860497 149860497
142942 142941898 142941898
1301 1300019
20954 20953752
12895 12894403
122792 122791223
18825 18824507
137816 137815060
8127 8126138
136656 136655338
83434 83433262 83433262
14743 14742238 14742238
49097 49096636 49096636
126541 126540628
86290 86289025
30152 30151274
45650 45649131 45649131
7727 7726325
54700 54699930
30874 30873549
82113 82112222 82112222
89949 89948080 89948080
65118 65117131
132479 132478045
125594 125593509
110726 110725530
41323 41322763
32443 32442090
8199 8198039
35653 35652113
11675 11674579 11674579
66924 66923296 66923296 66923296
140182 140181016
61306 61305037 61305037
68696 68695248
90571 90570990
67432 67431417
78127 78126032
100534 100533850
62233 62232409 62232409
1362 1361917
9893 9892679 9892679
11331 11330224
13134 13133996
45198 45197077 45197843 45197077
52381 52380268 52380268
77520 77519574
75007 75006113 75006113
113362 113361276
26980 26979962
119716 119715035 119715035
93358 93357675
71110 71109488
57017 57016458 57016458
124037 124036393
142910 142909417 142909417
68401 68400706
147705 147704129 147704129
128640 128639106
59758 59757513
81547 81546359
76504 76503159
117020 117019305
71091 71090243 71090243
19887 19886865 19886865
19558 19557713
106804 106803909
12957 12956356
6199 6198859 6198859
132423 132422544
119022 119021656 119021656
7513 7512661
55528 55527924 55527924
108153 108152799
21972 21971347 21971347
148228 148227353
31572 31571857
96375 96374638
67220 67219794 67219794
13256 13255657
118792 118791368
34907 34906547
28177 28176247 28176247
67984 67983480 67983480
92862 92861995
22180 22179055
128405 128404450 128404450
17016 17015366
12486 12485529 12485529
142140 142139814
121000 120999290
3039 3038755 3038755
74434 74433339 74433604
118281 118280842 118280842
149195 149194719
83893 83892962 83892962
67520 67519240
37663 37662137
94781 94780757
25288 25287468
65528 65527510
14501 14500355
934 933486
63829 63828221
108504 108503542
31107 31106503
129482 129481016 129481016
122182 122181265 122181561
118397 118396205
99660 99659776
98496 98495198
97250 97249841 97249841
78623 78622268 78622268
139009 139008136
35851 35850416
32062 32061159
73524 73523532
140944 140943365
56231 56230036
7696 7695306 7695306 7695306
87605 87604084
51042 51041973
29839 29838193
12168 12167091 12167091
64927 64926280
51348 51347302 51347302
117188 117187181 117187181
109991 109990662
147153 147152627
11640 11639249 11639249
117350 117349907
108226 108225490
100893 100892577 100892577
66139 66138737
102265 102264398 102264302
63060 63059820 63059820
83620 83619517
49847 49846102
122042 122041652 122041652 122041856 122041856
111513 111512268
8692 8691086
136437 136436775 136436775
76343 76342077 76342077
7882 7881909
25191 25190989
19970 19969770
16431 16430963
122980 122979464
55053 55052302
131949 131948807
296 295459
28904 28903137
125391 125390897
115164 115163056
65598 65597381
97283 97282972
18098 18097089
19980 19979153
32438 32437538
143090 143089863
123271 123270612
105253 105252365
114805 114804345 114804345
24664 24663188 24663188
52924 52923661
82474 82473081 82473081 82473081
115211 115210837 115210837
73615 73614351
100320 100319097
18866 18865355 18865355
16311 16310050
109140 109139777
94159 94158853
41923 41922540
82701 82700380
35530 35529938
52647 52646159
13562 13561320 13561320
59919 59918722
117070 117069773
36319 36318438
52301 52300851
33812 33811154 33811154 33811154
46224 46223978 46223978 46223978
98601 98600325 98600325
97634 97633122
39336 39335995
8946 8945242
44086 44085922 44085922
60970 60969629
104047 104046686
137449 137448715
89002 89001150
45416 45415379
23822 23821932 23821932
132272 132271232 132271232
89584 89583258 89583258
105836 105835880
54090 54089795 54089795
99465 99464485
12713 12712877 12712877
120966 120965836 120965836
75348 75347787
50258 50257410 50257410
93276 93275385 93275385
19556 19555482
13888 13887195 13887195
53860 53859537
3546 3545436 3545436 3545436
90105 90104254
111713 111712915
143868 143867484
87996 87995823
14441 14440865
16196 16195915 16195915
23112 23111189 23111189
15691 15690571 15690571
21953 21952774 21952774
114047 114046820 114046820
8684 8683425
117155 117154789
75264 75263514 75263514
122866 122865004
124874 124873309
20599 20598205
97605 97604708
26042 26041013
98298 98297952
111475 111474745 111474745
113209 113208576
15244 15243120 15243120 15243120
105163 105162119 105162119
109732 109731053
127253 127252109
140797 140796620
29498 29497324
104357 104356008
85250 85249184
15677 15676112
122707 122706413
76907 76906825 76906825
130493 130492359
32820 32819279 32819279
144687 144686270
74096 74095942 74095942
104904 104903618 104903618
39037 39036408
11289 11288969
8889 8888852 8888852 8888852
79803 79802036
129774 129773325
40089 40088299
131388 131387852
21586 21585291 21585291
31125 31124651
36282 36281466
139792 139791380
108897 108896622 108896622
80701 80700466
48021 48020065
100067 100066462
112553 112552223
18431 18430222
57346 57345858
410 409649
5999 5998631
83730 83729516
51803 51802906
103071 103070389
8746 8745324
40807 40806410 40806410
119418 119417612
28459 28458651
89775 89774656
95275 95274155 95274155
128325 128324709
59318 59317680
45787 45786130
16542 16541358
66368 66367830
72499 72498630
78028 78027463 78027463
84799 84798791
27218 27217890 27217890
80510 80509858 80509858
120696 120695653
148763 148762754
61330 61329717 61329717
66588 66587431 66587431
42397 42396315
72069 72068571
143741 143740288 143740288
119380 119379944
52935 52934003 52934003
77585 77584758
26677 26676122 26676122 26676122
699 698317
77672 77671441
67153 67152368
148955 148954899
117107 117106486 117106486
36703 36702371
59442 59441710
74891 74890831
49918 49917096 49917096
95339 95338845 95338845
134384 134383667 134383667
22367 22366253
103333 103332209
109266 109265914
143027 143026530
63343 63342655
43944 43943950
45109 45108840
74611 74610829 74610829
124455 124454177
11285 11284383 11284383
87161 87160973
79787 79786463
122321 122320581
73801 73800046 73800046
59239 59238505
140052 140051084 140051084
75388 75387833
45159 45158793
86611 86610129
101138 101137186
90066 90065316
85578 85577571 85577571
105557 105556777
109629 109628015
66 65333
88879 88878857 88878857
31362 31361543
106056 106055545
134817 134816484 134816484
53061 53060284 53060284
56183 56182363
19089 19088335
8065 8064041 8064041
91879 91878372
93076 93075117
80245 80244566
53214 53213874
115277 115276464 115276464
75519 75518388
64122 64121137 64121137
126058 126057710
35054 35053603 35053603
38442 38441192 38441192
67992 67991892
75207 75206810
17159 17158684
43528 43527454
19757 19756793
96818 96817810
30575 30574714
24910 24909171 24909171
9139 9138667 9138667
95772 95771386
120163 120162126 120162126
73321 73320391 73320391
21125 21124829
141578 141577032
63847 63846442 63846442
143678 143677783
43669 43668042
52497 52496438
144748 144747163
54476 54475427
72388 72387130
31025 31024430
79 78417
79811 79810494 79810494
13895 13894741 13894741
35948 35947419
142568 142567226
134043 134042441
140915 140914348
125896 125895126 125895126
135661 135660385
91798 91797963
115888 115887633
66509 66508050
53485 53484379
72120 72119327
42971 42970158
15932 15931971
115899 115898436
146463 146462592
21639 21638646
140447 140446045
76111 76110631
52820 52819312
135206 135205800
90168 90167177
82098 82097690 82097690
79655 79654490 79654490
68345 68344311
142066 142065068 142065068
142511 142510543
93073 93072978
63914 63913918
104252 104251317
12572 12571165
58776 58775704
25849 25848561 25848435
121583 121582366
68874 68873248
46583 46582464
51971 51970287 51970287
36803 36802958
1947 1946812 1946812
82670 82669543
58358 58357930
134223 134222214
43936 43935334
103537 103536938 103536938
17452 17451996
43744 43743426
27973 27972549
45570 45569338
84461 84460517
32250 32249407
135934 135933716 135933716
91733 91732913
83469 83468553
120629 120628790
86030 86029016 86029016
112302 112301828
80418 80417836
146314 146313250 146313250
105900 105899426 105899426
89792 89791826
105600 105599433
120296 120295309
143626 143625193
45288 45287376
111020 111019859
142926 142925396
137323 137322639
126420 126419062 126419062
20203 20202185
132252 132251727
117214 117213689
63304 63303573 63303573
125816 125815754
20006 20005472
3413 3412208
122570 122569498
44539 44538899
132356 132355399
54406 54405151
87033 87032867 87032867
140539 140538299
13756 13755624
9205 9204216 9204216 9204186 9204216
14984 14983378
134495 134494740
94254 94253844
147864 147863152 147863152 147863152
38443 38442915
133080 133079151
115611 115610505
75395 75394613
62677 62676244 62676244
91128 91127212 91127212
35432 35431099
100939 100938481 100938481
77240 77239687
50819 50818937 50818937
64697 64696827 64696827
50337 50336554
145501 145500707 145500707
3503 3502839
80765 80764889
96867 96866600
94913 94912822
110069 110068925
44624 44623357
8888 8887237 8887237
27382 27381068
5214 5213168
33901 33900019
71318 71317565 71317565
52352 52351106
142123 142122628
364 363157
129980 129979554
10315 10314577 10314577
15869 15868684
44946 44945224 44945224
1369 1368324
136573 136572686
109838 109837565
108420 108419575
60670 60669308
38461 38460616
33021 33020777
749 748118
60245 60244608
102982 102981939
18816 18815258
75618 75617570
3629 3628514
87519 87518776
97217 97216481
88733 88732004
96634 96633219 96633219
113588 113587543
101596 101595632
101020 101019149 101019149
57556 57555315
80841 80840751 80840751
146574 146573741 146573741
45781 45780510
149853 149852750
128991 128990487
148337 148336537
136805 136804545
116420 116419536
134548 134547138
80597 80596311
98297 98296576
32679 32678228
140238 140237840
64560 64559699
125107 125106138
82138 82137015
17171 17170792
7535 7534035
68243 68242848
139234 139233879
76979 76978616
53642 53641304
28130 28129913
120953 120952256
104818 104817414
35499 35498608 35498608
131870 131869599 131869599
56462 56461212
24200 24199437 24199437
7500 7499487
44062 44061894
40201 40200924
26924 26923773
20643 20642013
17883 17882604 17882604
16036 16035200 16035200
94911 94910929 94910929
140977 140976108 140976108
140934 140933556
68646 68645022
76422 76421733 76421733
26827 26826514 26826514
11094 11093829 11093829
78466 78465880
46233 46232273 46232273
29997 29996570 29996570
118177 118176159
13244 13243211
92290 92289583
44663 44662810 44662810
104862 104861067
80232 80231841
77569 77568176
95765 95764229
39350 39349005
114147 114146336 114146336
140010 140009449
20587 20586917
118199 118198587 118198587
51555 51554155
29627 29626457
42509 42508644 42508644 42508644
123338 123337281
64624 64623982
139437 139436207
90646 90645939
27201 27200462
14154 14153385
51160 51159341 51159341
127989 127988984
34775 34774289
140524 140523401
21471 21470165 21470165
59644 59643958
23599 23598895
28644 28643833 28643236
106825 106824600 106824939 106824939
132759 132758650 132758650
7798 7797519
62913 62912797 62912797
106167 106166811
137192 137191057 137191057 137191057
92234 92233589
13355 13354541 13354541
14277 14276661
3972 3971574
95994 95993332
74824 74823169
14524 14523137
31271 31270182 31270182
75403 75402685
80143 80142134
103169 103168158 103168158
77172 77171828
104641 104640819
136444 136443457
116950 116949576
97742 97741001
25414 25413145
68066 68065506
122186 122185165
44714 44713986
89807 89806019 89806019
111362 111361315
100486 100485407
109964 109963527
65905 65904090 65904090
67732 67731814
31495 31494340
4870 4869711
14908 14907516 14907516
82023 82022632
68084 68083657
82131 82130992
12579 12578283
89671 89670476
143377 143376818
71071 71070408
60618 60617831 60617831
57209 57208247
72074 72073652 72073652
52929 52928506
89534 89533607
21912 21911840
34061 34060934
29837 29836824
123310 123309409 123309409
59852 59851293
67316 67315625
33875 33874501
42599 42598394
135619 135618049
73770 73769836
145693 145692029
57473 57472658
105808 105807684
114391 114390612
62503 62502264
119484 119483977
52596 52595702 52595702
57697 57696047
149206 149205438 149205934
6958 6957932
134663 134662639
132228 132227595
105406 105405145
64198 64197655
110189 110188592
73224 73223488 73223488
130505 130504979
9277 9276223
48987 48986257 48986257
12560 12559637
141960 141959480 141959480
67684 67683954 67683954
120874 120873054
139887 139886262 139886262
35866 35865533
100442 100441269
72492 72491904 72491904 72491904
135985 135984743
5938 5937587 5937587
59285 59284019
28083 28082215
38882 38881813
147933 147932210
72945 72944384 72944384
117036 117035930
144612 144611664
4267 4266935 4266935
107286 107285223
8333 8332234 8332234
11359 11358379 11358379
43642 43641462
23336 23335882
61668 61667775 61667775
108188 108187533
129578 129577975
81057 81056014
52564 52563007
40861 40860070
99759 99758489
1157 1156792 1156792
122749 122748993
59910 59909437
129653 129652426
113383 113382927
133818 133817212
15475 15474024 15474024
120642 120641552
119651 119650828
44826 44825394 44825394
31248 31247227
105291 105290535
134598 134597394
91966 91965654 91965654
383 382666
56764 56763985
53714 53713751 53713751
46312 46311212
127052 127051754
38074 38073274
149781 149780197 149780197 149780197
138317 138316663
52587 52586029 52586029
114119 114118066
104624 104623599
146117 146116552
25060 25059145
67130 67129400
118964 118963155
117226 117225179
126503 126502257 126502257
54786 54785153
57537 57536056 57536056
2083 2082146
52203 52202656
42746 42745645
33371 33370437
119216 119215172
6875 6874925
38681 38680696 38680931
105028 105027033
149170 149169216
42058 42057742
111693 111692680
143417 143416533
44304 44303419
41118 41117771 41117465
32379 32378755
23608 23607137 23607137
145432 145431254
77785 77784502 77784502
12813 12812723 12812723
81863 81862648
130613 130612615
95692 95691323
109811 109810417
73166 73165389
29391 29390670
90217 90216852
133905 133904080
110187 110186098
19809 19808497
76636 76635590
48131 48130487 48130487
149644 149643516
55856 55855133 55855133
43574 43573749
25740 25739478
51857 51856433
92539 92538454
103492 103491278
143302 143301322
88185 88184175 88184175
78557 78556904
92434 92433504 92433504
111754 111753067 111753067
85750 85749179
105039 105038995
129591 129590885
147402 147401801 147401801
24286 24285922
17932 17931786
109702 109701781
84981 84980940
10761 10760784
23351 23350567
73886 73885114
23959 23958975 23958975
28132 28131825
8553 8552984
95341 95340789 95340987
31617 31616666
97455 97454968 97454968
113359 113358812
95688 95687548
83218 83217399
35016 35015741
71480 71479607
28294 28293663
23733 23732670
123561 123560861
55606 55605303 55605303
143148 143147497
27523 27522812
87272 87271413
137337 137336168
129196 129195473 129195473
125122 125121939
94432 94431004
73499 73498737
97629 97628065
8373 8372642 8372642
109610 109609699
109976 109975966 109975966
104221 104220312
79297 79296355
92161 92160719
140972 140971927
21431 21430819
96253 96252853
139346 139345507
6277 6276108
42094 42093566
131287 131286102 131286102
42098 42097808
60042 60041799
68630 68629162
31633 31632422
43515 43514657 43514657
26709 26708868
11706 11705717
25044 25043149
13219 13218269
24298 24297872
55693 55692298
132710 132709449
125292 125291177
72127 72126890
55676 55675933
33562 33561952
90612 90611588
37568 37567283 37567506 37567283
69011 69010516
99244 99243769 99243769
57596 57595411 57595411
82348 82347145
71712 71711936 71711936
8607 8606585
137351 137350697
17255 17254385
82595 82594368
24140 24139748 24139748
85066 85065663
37788 37787870
97543 97542744
2029 2028413 2028413 2028413
54502 54501984
92599 92598906 92598906
126498 126497223
120685 120684692
129695 129694695
16964 16963930
47189 47188600 47188600
109764 109763972
38130 38129658
58104 58103653
145927 145926562
7809 7808302
1997 1996353 1996353
36646 36645869
132009 132008511
110667 110666231
67463 67462906
81798 81797284 81797284
10719 10718391
103300 103299391
113831 113830051
39352 39351615
11506 11505009 11505009
6164 6163344
110809 110808822
126464 126463356
27296 27295508
131083 131082851 131082851
132765 132764574 132764574
106725 106724406 106724406
42799 42798416
121312 121311751
105328 105327613 105327613
65871 65870475
128290 128289555
99478 99477322
61725 61724413
82669 82668270
39166 39165589 39165589
146858 146857357
29272 29271880 29271880
85545 85544876
68949 68948018
40951 40950414
38817 38816233 38816233
131028 131027260
21234 21233456 21233456
135615 135614560 135614560
75874 75873338
108559 108558658
149102 149101774 149101774
109280 109279273
13650 13649957
22973 22972792
31658 31657575
3032 3031797
79552 79551758
101932 101931712
69967 69966315
76882 76881284 76881284
46548 46547466 46547466
101628 101627963
120155 120154244
115819 115818918 115818918
103736 103735965
88088 88087994
147239 147238353
120850 120849031
75753 75752174
77036 77035905
67276 67275783
141429 141428819
52119 52118126
99945 99944314
110617 110616153 110616153
34984 34983504
47867 47866493 47866381
85062 85061676
52601 52600258 52600258
55023 55022695
72342 72341262
79842 79841829 79841829
119961 119960487 119960487
116459 116458931 116458931
130883 130882875
16486 16485188
20226 20225229
49886 49885532
61723 61722197 61722197
98803 98802239 98802239
103952 103951278
126006 126005080
12154 12153257
35985 35984264
86410 86409711
51090 51089837
125165 125164619
46489 46488139
130112 130111889 130111889
144895 144894680 144894680
39857 39856878
52702 52701268
77898 77897203
32272 32271533
6387 6386853
106681 106680136 106680316
122744 122743629 122743629
64775 64774402
83193 83192159
74649 74648849 74648849
50902 50901231
105065 105064499
43525 43524327
80777 80776379
48953 48952639
27632 27631503
145044 145043140
49150 49149145
92507 92506671
46941 46940209
4350 4349001
141873 141872869
141395 141394976 141394976
17447 17446832
108429 108428216
58575 58574020
65571 65570747
135438 135437371 135437371
118843 118842947
141302 141301787
13342 13341102
6603 6602522
132533 132532317
16317 16316771
142060 142059587
3443 3442048
118992 118991346
115172 115171338
106846 106845196
110260 110259666
105153 105152211
94343 94342050 94342050
115407 115406636
129273 129272296
145030 145029735
134553 134552965 134552965
48889 48888962
2865 2864914
25695 25694933
76250 76249724
118106 118105895 118105895
147322 147321144
130487 130486520 130486520
126523 126522607
122192 122191993
12135 12134373 12134373
56715 56714137 56714137 56714137
10122 10121180
132757 132756050
55732 55731492
104651 104650507 104650507
10573 10572836
73337 73336144 73336144
116820 116819850 116819850
128272 128271925
6333 6332318
19320 19319184
149944 149943468
46229 46228663 46228663
22743 22742020
77605 77604155
91529 91528616
134398 134397389 134397389
31543 31542900 31542900
93783 93782701
82438 82437704
8395 8394371
90795 90794311
138301 138300376
75190 75189607
106862 106861251 106861251 106861251
50160 50159256
43029 43028261
34658 34657221
717 716965
94539 94538322
76691 76690783 76690783 76690783
113124 113123452 113123452
85714 85713938
90112 90111842
26107 26106572
102199 102198580
124230 124229414
23768 23767040 23767040
958 957277
68792 68791521
12020 12019034
76255 76254332
34969 34968430
86744 86743867
79021 79020257
63642 63641984 63641984
129420 129419855
143223 143222186 143222186
59210 59209957
148785 148784265
88770 88769097
72565 72564488
37562 37561584
9088 9087316
131969 131968163
65026 65025984
75904 75903756 75903756
66159 66158389
2077 2076066
14278 14277658
75186 75185859
75337 75336423
103153 103152313
50410 50409706
145374 145373519
45647 45646121
16540 16539834 16539834
111212 111211586
96424 96423924
136830 136829843
2648 2647173
105278 105277737 105277737
126369 126368829
65629 65628752
95684 95683104
55973 55972721
55499 55498330 55498330
29247 29246035
131706 131705382 131705382
65960 65959257
114002 114001864
117758 117757843
108296 108295671
19597 19596305 19596305
112873 112872081
46586 46585723
84895 84894833
148140 148139467
111214 111213035
135156 135155482
9356 9355492
39826 39825037
48175 48174846
108548 108547845
41179 41178962
41529 41528694
98241 98240227
53140 53139824
1026 1025132
128561 128560347
79906 79905863
73403 73402456
107751 107750322
19303 19302838
136261 136260578 136260578
3618 3617234
17679 17678182
74385 74384206 74384206 74384206
143746 143745240
64275 64274628
44647 44646590
4179 4178408 4178408
120409 120408448
33199 33198928
103993 103992141 103992141
103480 103479594
117787 117786531
142440 142439468
115304 115303911 115303911
21103 21102434
109868 109867855
73405 73404230
66831 66830441
28246 28245935
45710 45709717
148868 148867282
78180 78179297 78179297
134501 134500306
25791 25790354
35341 35340926 35340926
76338 76337344
136628 136627078
145451 145450954
73007 73006591
47673 47672564
112187 112186910
31631 31630260 31630260
141155 141154945 141154945
138280 138279179
136570 136569212 136569212
98756 98755463
47262 47261625
147545 147544289
30643 30642105
103031 103030812
139762 139761800
87349 87348450
111066 111065503 111065503
50777 50776236
90558 90557632
11670 11669144
127587 127586733
99337 99336563
88333 88332666
31337 31336414
45157 45156558 45156910
20356 20355100
21454 21453185
39547 39546361
89375 89374337 89374337
141355 141354714
121222 121221992
93738 93737108
38470 38469675
110858 110857440
125994 125993195
91377 91376869
1855 1854600
6297 6296454
94605 94604752
72430 72429133
103166 103165384
114802 114801248
86422 86421973
100261 100260366
100181 100180882 100180882
28137 28136399
81372 81371835 81371835
101749 101748878 101748878
61756 61755525
108970 108969672
94493 94492051
123375 123374502
1420 1419454
92248 92247112 92247112
43511 43510070
57913 57912878 57912878
139868 139867323
124537 124536616
36033 36032212 36032212
51377 51376987
49134 49133790
121462 121461744
115591 115590016
26783 26782972
95327 95326816
39323 39322395
61471 61470164 61470164
124286 124285613
73018 73017919 73017919
73402 73401405
81800 81799250
147750 147749806
130783 130782902
28251 28250327
98747 98746174
34979 34978792
136206 136205852
132738 132737956
130809 130808852 130808852
30160 30159473 30159473
4593 4592794
42006 42005817 42005817
65317 65316043
41952 41951348 41951348 41951348
148220 148219533
8233 8232178
46262 46261477
106349 106348051
6633 6632607
66498 66497419
7597 7596666 7596666
142162 142161551
129582 129581686
121803 121802123
65362 65361961 65361961
43317 43316157
25511 25510911
134205 134204904
57404 57403365
63972 63971207
84312 84311395
6334 6333865
50575 50574463
37280 37279337
94250 94249463
75449 75448236
77629 77628655
518 517059
4102 4101253
44331 44330391
7118 7117736
11128 11127674
67327 67326251
31368 31367864 31367864
44395 44394995 44394995
44480 44479147
51850 51849876
68319 68318362
5158 5157893
44335 44334953
24214 24213816 24213816
61030 61029131
28397 28396440
82624 82623054
44093 44092274 44092274
14652 14651597
121372 121371234 121371234 121371234
20700 20699554
52387 52386935
121893 121892613
4128 4127878 4127878
49034 49033014
62494 62493765
8141 8140831
148834 148833410
27894 27893932
111864 111863981
102593 102592645
81274 81273280
94145 94144424 94144424
42767 42766816
140999 140998428
101871 101870661
85925 85924147 85924147
42422 42421528
48177 48176887
42465 42464814
73060 73059125
45238 45237989
96217 96216014 96216014
23217 23216625 23216625
9695 9694426
106957 106956060
123596 123595407
21411 21410788
140366 140365533
130146 130145621
110463 110462527
42426 42425308
23885 23884343
804 803319
25774 25773506
22214 22213715
51929 51928737 51928737
110940 110939317 110939317
144285 144284213
78031 78030559
146115 146114199
60483 60482372
19792 19791905 19791905
73515 73514464
147902 147901291 147901291
124640 124639096
12304 12303083
126093 126092057
108804 108803750
40055 40054619 40054619
63640 63639138
46012 46011183 46011183
27593 27592737 27592737
123898 123897976
25299 25298058
2341 2340837
69809 69808566 69808566
22695 22694926
7230 7229706
125868 125867502
115132 115131246
98622 98621342 98621342
15867 15866790 15866790
26004 26003498
112249 112248953 112248953
22816 22815715
6082 6081140
19945 19944591
13080 13079032
62727 62726910
112942 112941985
140026 140025387
75645 75644677
87145 87144631 87144631
70763 70762206
136304 136303163 136303163
129994 129993931
106910 106909664
10163 10162972
18779 18778722 18778722
71465 71464514
85404 85403142
36485 36484860
15868 15867126
115148 115147256
13800 13799983
40448 40447700
141339 141338698
138098 138097536
106482 106481850
11952 11951346 11951346
58451 58450358
98115 98114813
4706 4705591
138496 138495842
44709 44708887
86926 86925905
146832 146831540
46067 46066739
109202 109201643
92241 92240046
1976 1975073
57273 57272262
24227 24226588 24226588
15419 15418934
94153 94152704
129650 129649096
35975 35974469
89448 89447692 89447692
139056 139055943
72997 72996311
80648 80647148
148176 148175256
46887 46886892
94148 94147891
24582 24581873
70105 70104049
31653 31652949
10399 10398639
84007 84006296
25324 25323106
13859 13858107
50377 50376730
41369 41368264
81328 81327922
131144 131143767
132770 132769059
110044 110043028
81054 81053164
47499 47498139
4564 4563787
47575 47574611 47574611
106572 106571171
83621 83620134
103990 103989091
11897 11896608
5769 5768098
28613 28612751
122419 122418421
96953 96952134
34070 34069162
48897 48896425
124804 124803357
133530 133529181
13779 13778322
7779 7778332 7778332
45905 45904811
41867 41866214
9937 9936678
66589 66588549
145095 145094745
31911 31910963
51179 51178296
40814 40813182
51309 51308118
138980 138979908
93796 93795206 93795206
61119 61118931 61118931
87057 87056121 87056121 87056121
56408 56407644 56407644
12509 12508285
16405 16404731 16404731
62873 62872994 62872994
51149 51148050
51344 51343265
5175 5174470
79632 79631058 79631058
22727 22726844 22726844
45780 45779310
119085 119084629
41964 41963981
15780 15779710 15779710
36575 36574912
108027 108026351
59127 59126629
58161 58160487 58160487
120705 120704289 120704289
56855 56854331
6305 6304563
44117 44116512
17333 17332437 17332437
135894 135893075
2070 2069023
135785 135784502 135784502
26129 26128748 26128748
101419 101418998
149151 149150529
28507 28506360
51496 51495461
81410 81409006
126664 126663389
28437 28436193
28022 28021991
18640 18639686
8207 8206008
62594 62593715 62593715
109 108855 108855
67489 67488660
40483 40482161 40482161
77747 77746601
77731 77730471
49728 49727782
105833 105832734
28417 28416663
30267 30266631
113373 113372742 113372742 113372742
13334 13333010
27793 27792904
149249 149248376
55417 55416043
120085 120084630
96221 96220782
38823 38822117 38822117
131962 131961493
135493 135492388
94501 94500742
79979 79978459
58561 58560668
140728 140727213
26 25496
56852 56851742
8347 8346097
35533 35532044
8162 8161365
127106 127105021
136078 136077901
139512 139511886
124811 124810158
18729 18728739
107978 107977157
69879 69878022
89355 89354156
149079 149078983
71359 71358117 71358117
48461 48460065 48460065
11854 11853352
98728 98727903
129170 129169169
43142 43141893
107940 107939818 107939818
110214 110213041
26268 26267977
62879 62878905
133324 133323030
27187 27186739
74979 74978440
134899 134898753
78689 78688542
115121 115120993
137504 137503434 137503434
48831 48830405 48830405
122327 122326826
13790 13789052
54537 54536508
105722 105721545
78790 78789703
3789 3788977
94963 94962654
62910 62909191
135859 135858938 135858938
57281 57280926
129168 129167137
35913 35912618 35912618
108159 108158350
48438 48437613
146450 146449456
21806 21805211
124746 124745179
16612 16611364
141892 141891975
33804 33803121
142234 142233038
18830 18829970 18829970
8821 8820228
17474 17473557
88385 88384031
115386 115385079
13689 13688728
18753 18752208
131185 131184840
54505 54504261
146855 146854396
44587 44586801
15531 15530523
108969 108968991
43307 43306737
140338 140337692
2720 2719269
39369 39368119
104553 104552881
21338 21337806
96131 96130176
121640 121639706
32043 32042549
77936 77935702
83266 83265762
142421 142420658
83694 83693092 83693092
119791 119790815
140171 140170422 140170422
7559 7558376
24192 24191038
43535 43534594
126609 126608414
71921 71920260
22836 22835370 22835370
112932 112931086
101869 101868446
127218 127217490
82236 82235538
79098 79097807
30236 30235712
43292 43291666
53358 53357495
132511 132510609
37570 37569055
148942 148941831
102383 102382502
103047 103046392 103046392
89437 89436626
50942 50941863 50941863
96355 96354022
129485 129484265
73682 73681213
7694 7693863
77342 77341544
108034 108033504
33629 33628264 33628264
111980 111979951
22790 22789888
58959 58958496
31191 31190373
16708 16707828
94235 94234608
130895 130894596
42408 42407438
46806 46805353
114900 114899642
36214 36213846
125123 125122225
66088 66087368
7643 7642802
18615 18614353
122789 122788294 122788294
41635 41634093 41634093
2293 2292418
65734 65733033
78436 78435949 78435949
136324 136323594
55735 55734361 55734361
132482 132481978
136668 136667784
132678 132677456
31411 31410672
106883 106882946 106882286
3794 3793372
114276 114275481 114275481
97065 97064220
149716 149715890
18118 18117849
131210 131209075
126704 126703253
133976 133975596
7837 7836499 7836499
61427 61426741
38675 38674542
59066 59065153
113497 113496512 113496512
18768 18767441
30342 30341679
126234 126233354 126233354
26327 26326026
22465 22464336 22464336
142284 142283222
94318 94317012
110227 110226589
60354 60353043
70879 70878351
80360 80359131 80359131
30993 30992776
111554 111553063
99189 99188760
94931 94930344 94930344
104706 104705024
363 362269 362269
134762 134761617
82327 82326678
100378 100377083
88933 88932793
107043 107042783
120540 120539995
19998 19997212
88145 88144393
17520 17519083 17519083
109157 109156859
54474 54473270
71722 71721738
87960 87959805
135967 135966983
66513 66512247
116739 116738787
113887 113886694
23107 23106095
141676 141675999
70383 70382010
31024 31023344
80114 80113798 80113798
123187 123186606
78510 78509820
91861 91860231
80031 80030408
82956 82955787
26693 26692864
92268 92267682
6437 6436888
137352 137351990
31496 31495533 31495533
110268 110267305
139607 139606226
113884 113883984
7540 7539273 7539273 7539273
32343 32342888 32342888
13027 13026824
36393 36392652
54645 54644336
28879 28878703
110872 110871574
26807 26806074
116155 116154824
1051 1050115
139340 139339759
47498 47497166
84094 84093736 84093736
107411 107410024
54076 54075410
41108 41107682
137680 137679437
28330 28329027
6181 6180754
74315 74314820
61258 61257461
93586 93585155
109612 109611261
30223 30222460 30222460 30222477
36213 36212640
74539 74538635
97569 97568485
93773 93772144 93772144
87510 87509549 87509514
43227 43226552
29864 29863229
56191 56190812
54007 54006374 54006374
42827 42826692
47905 47904279 47904279
79400 79399868
77149 77148685
95795 95794400
39154 39153225
76771 76770218 76770218
14997 14996043
36945 36944178
25503 25502117
106598 106597416
69466 69465472
45638 45637192
70570 70569112
97493 97492253
68827 68826624
78900 78899017
71730 71729436
77553 77552455
96285 96284399
102170 102169099
148062 148061235
105019 105018328
103251 103250445
22190 22189638
141086 141085230
82275 82274759
131597 131596297
88810 88809818
83735 83734966
23139 23138916
74666 74665079
59668 59667354
145338 145337805
1467 1466794 1466794
117282 117281449
51582 51581734
29077 29076025
8939 8938488
26950 26949860
89740 89739517
19650 19649351
110849 110848924
27642 27641765
73244 73243286
139789 139788778
60410 60409428
39529 39528432
80975 80974234
15595 15594741
91878 91877910
128253 128252090
51350 51349663
114898 114897174
5094 5093726
88766 88765786 88765786
5600 5599970
119361 119360667
55909 55908681
25322 25321887
132581 132580760
78741 78740677
146717 146716763
62134 62133899
108024 108023196 108023196
126663 126662167
140737 140736011
37381 37380198
61715 61714385 61714385
82902 82901867
48375 48374308 48374308
74182 74181038
3272 3271152 3271152
2265 2264748
46771 46770909
136936 136935129
110850 110849990
75272 75271870
140098 140097502
61878 61877998
88524 88523778
64074 64073514
21256 21255903
117218 117217671
58914 58913348
66731 66730772 66730772
76904 76903584 76903584
95695 95694238
122288 122287088
75826 75825507
65784 65783909
47989 47988847
8643 8642248
63202 63201486 63201486 63201486
133439 133438843
144931 144930729 144930729
31087 31086921
19955 19954386
65643 65642412
43418 43417135
50121 50120684
115205 115204194 115204194
27767 27766807 27766807
14040 14039127
134934 134933548
59737 59736054
107153 107152686
89137 89136051
132819 132818571
46780 46779020 46779020
18515 18514626 18514626
24865 24864837
17524 17523122
114842 114841344
130704 130703960
32423 32422292
124596 124595243
26570 26569989
71762 71761736
54019 54018763
139272 139271967 139271967
90686 90685879
96472 96471895
104947 104946061
42851 42850687
121771 121770022 121770022
89393 89392239
102131 102130897
25222 25221712
142213 142212674
103316 103315037
1471 1470216
101743 101742169
113951 113950076
102042 102041515
102989 102988810
126397 126396925
69555 69554314
54101 54100717
113649 113648171
14612 14611144
46126 46125746
148712 148711095
46510 46509578
81965 81964765
146014 146013805
20649 20648099
148773 148772491
141202 141201726
52831 52830691
69464 69463764
82055 82054944
25789 25788188
130957 130956031
117514 117513719
64522 64521601
55173 55172714
44706 44705477
103715 103714008
43481 43480511
7178 7177796
111571 111570778
126432 126431745
138260 138259328
97299 97298245
38157 38156304
24007 24006584
34754 34753961
8724 8723267
132752 132751963 132751963
80308 80307037
85036 85035074
742 741730
71138 71137111 71137111
74496 74495147
711 710012
65006 65005844
41472 41471216
15727 15726859
54616 54615290
103639 103638284 103638284
88184 88183554
116638 116637190
137039 137038794
3527 3526905
5568 5567471
62632 62631659
93455 93454557
2921 2920225
96145 96144813
139933 139932076
62877 62876127
34255 34254549
32276 32275808
119588 119587708
106182 106181656 106181656
45757 45756477
38793 38792611
24379 24378809
27409 27408255
54226 54225723
2941 2940623
8491 8490363
15257 15256328
36549 36548663
35111 35110019
78695 78694917
148735 148734126 148734126
80784 80783869 80783869 80783869
71602 71601045
144953 144952181
29164 29163284
142701 142700970
35754 35753621
92827 92826962
2669 2668711
33847 33846587
64835 64834634
126290 126289948
26953 26952931
87148 87147249
107685 107684221 107684221
37841 37840254
42840 42839921 42839921
129883 129882429
30290 30289805
83053 83052052
24004 24003060
19981 19980411
114908 114907169
81958 81957887
83365 83364949
119910 119909558
126262 126261551
11523 11522416
79603 79602848
52281 52280569
105256 105255319
16801 16800193
25623 25622806
92453 92452551
81899 81898736
40971 40970296
10218 10217685
80188 80187258
92508 92507281
140819 140818313 140818313
137081 137080131
122904 122903915
30442 30441432
72211 72210721
96576 96575563
94702 94701142
132185 132184245 132184245
52353 52352782
85704 85703926
81891 81890758 81890758
96108 96107179
8801 8800813
125648 125647498 125647498
149938 149937148 149937148
56372 56371194
68609 68608899 68608899
9261 9260086 9260086
40980 40979424
139432 139431052
85383 85382757
1118 1117977 1117977
110158 110157235
14862 14861128
118829 118828853
94253 94252623 94252623
7621 7620573
128009 128008058
3390 3389198
46056 46055094
87364 87363798
22725 22724961
32512 32511502
33207 33206952 33206952
17873 17872692
63168 63167524
5894 5893842
68847 68846947
144831 144830297
113449 113448141 113448141
3202 3201673 3201673
141466 141465269
20230 20229904
127983 127982914
93352 93351214
110188 110187489
133012 133011809
108010 108009834
25023 25022309
41275 41274141
34096 34095464
51709 51708538 51708538
58540 58539699
70037 70036654
72178 72177361
21377 21376820
53899 53898576
135005 135004709
4896 4895608
121279 121278384
134105 134104919
51341 51340864
652 651025
108446 108445956
123447 123446631
132745 132744082
73196 73195950
9714 9713450
47975 47974487
48146 48145650
91047 91046096 91046096
53668 53667742 53667841
88617 88616794
83637 83636840
81674 81673529
24863 24862867 24862867
4513 4512385
113998 113997028
56149 56148124
43963 43962671
113518 113517930
109818 109817692
68662 68661016
97483 97482169
56839 56838098
78369 78368222 78368222
126831 126830666
58619 58618891
129546 129545690
91970 91969165 91969165
63438 63437203
68654 68653933
131715 131714675
110040 110039757
12325 12324206
373 372004
71476 71475062
46569 46568004
82720 82719379
9984 9983642
127323 127322689
24781 24780133
31428 31427679
69848 69847751
95881 95880798
26428 26427791
95141 95140268
139885 139884421
25306 25305124
9651 9650298
4802 4801859
93222 93221667
147255 147254945
20413 20412973 20412973
31577 31576445
130854 130853540
102448 102447167
45572 45571339
61826 61825120
96821 96820528
52172 52171385
40675 40674600
127889 127888477
45997 45996466
111542 111541612
59375 59374856
15270 15269507
77179 77178598
79454 79453567
119292 119291433
63481 63480888
60595 60594505
129427 129426641
101843 101842740
145470 145469263 145469263
105683 105682894 105682894
4201 4200947
18378 18377958
44095 44094914
8514 8513496
104838 104837492
115144 115143464
135129 135128994
111487 111486825
135159 135158203
17717 17716273
115867 115866710
50200 50199862
13979 13978057
133266 133265816
96565 96564485
35444 35443509
34989 34988556
27721 27720242
1338 1337615
19872 19871137
62390 62389575
93960 93959498
126716 126715779
60811 60810224
3074 3073333
109458 109457019
54506 54505258
29984 29983756
29774 29773305
76201 76200014
18395 18394660
126783 126782064
140183 140182617
78051 78050895
95196 95195765
143926 143925801
84722 84721489
95323 95322775
7989 7988484
72303 72302113
125015 125014861
96445 96444646
56137 56136751
63993 63992953
75105 75104002
60535 60534462
12697 12696211
138386 138385435
100792 100791355
9734 9733463
6932 6931412
28791 28790956
110831 110830209
29562 29561372
57597 57596816
96564 96563791
79596 79595220
40469 40468591
123016 123015005
95935 95934629
75731 75730606 75730606
131704 131703998
4104 4103776
73219 73218499 73218499
142847 142846847
38399 38398887
104092 104091797 104091797
46726 46725790
59302 59301882
55050 55049294
44690 44689559
39000 38999319
65547 65546682
73921 73920615
101687 101686662
140234 140233167
103673 103672987
101534 101533594
111835 111834399 111834399
149134 149133282
68406 68405613
76330 76329479
140580 140579709
97363 97362184
27822 27821940
12464 12463429
3089 3088471
110645 110644220
123118 123117493
88692 88691211
49364 49363130
123910 123909056
29725 29724458
11508 11507741
25875 25874774
136052 136051968
107569 107568825
140626 140625468 140625468
71127 71126077
103308 103307210
17703 17702099
56740 56739890
42961 42960600
536 535828
101228 101227674
39451 39450016
45489 45488360
120278 120277496
92127 92126542
123108 123107896
30919 30918393
149300 149299693
44684 44683186
3235 3234859
137245 137244678
87352 87351599
105027 105026076
112502 112501207
123190 123189783
138968 138967895 138967895
36142 36141139
13386 13385363
138497 138496956
39943 39942236
14263 14262396
101823 101822131
113640 113639722
11928 11927385
70301 70300541
144868 144867962
44993 44992734
16981 16980209
116721 116720042
125253 125252831
28486 28485591
21918 21917882
118014 118013578
139990 139989066 139989066
33211 33210878
65789 65788992
77222 77221462
143473 143472679
128184 128183783 128183783
1134 1133234
113946 113945090
82868 82867852
79274 79273001
115947 115946922
108040 108039569
80750 80749288
132935 132934442
99583 99582561
119575 119574185
139038 139037617
60859 60858836
5848 5847726
66224 66223695
107161 107160528
30275 30274909
135321 135320483
52830 52829589
65761 65760798
36202 36201403
132659 132658372
97552 97551189
76901 76900743
55713 55712017
29138 29137646
28113 28112569
96098 96097954
23673 23672152
26737 26736778
145880 145879463 145879463
9738 9737473
27439 27438768
106688 106687527
34578 34577608
108918 108917969
59546 59545711
108240 108239731
135032 135031971
54102 54101105
29296 29295930 29295930
131452 131451788
59960 59959727
13303 13302975
142014 142013138
56251 56250123
25383 25382516
82237 82236273
89172 89171882
91313 91312766
77579 77578845
100892 100891404
18328 18327488
142170 142169591
6910 6909740
126113 126112151
113023 113022726
117868 117867451 117867451
21456 21455423
92203 92202394
63468 63467542
75129 75128747
48963 48962854
136970 136969080
68625 68624764
90680 90679444
9748 9747822 9747822
32165 32164416
94385 94384558
11730 11729907
87487 87486964
987 986189
28492 28491124
58475 58474494
144517 144516816
140489 140488317
112188 112187892
149653 149652685
109120 109119961
61690 61689154
127077 127076880
86419 86418294
61726 61725300
81422 81421244
120635 120634507
142826 142825334
149039 149038036
66601 66600596
53389 53388110
114638 114637396
93727 93726085
47542 47541931
8147 8146955
29110 29109039
132122 132121972
118917 118916389
34142 34141912 34141912
114935 114934052
74911 74910294
67493 67492966
56018 56017105
130206 130205315
70603 70602250
76019 76018459
40663 40662733
115235 115234248
122760 122759854
60229 60228339
99932 99931996
86037 86036842
78998 78997077
119237 119236566
34961 34960171
70369 70368872 70368872
124272 124271182
50641 50640572
4692 4691440
114215 114214513
108742 108741975
61133 61132610
63282 63281822
9372 9371034
37839 37838822
137618 137617324
54512 54511183 54511183
78770 78769758
46006 46005679 46005679 46005679
76916 76915019
80831 80830451
35520 35519695 35519695
118444 118443007
77414 77413149
6612 6611019 6611019
108609 108608311
66120 66119699
119199 119198102
116624 116623656
106798 106797099
72476 72475960
94899 94898796
49888 49887864
113642 113641784
101269 101268519
117416 117415671
8061 8060920
6141 6140317
24709 24708264 24708264
60191 60190786
80453 80452149
41357 41356118
1587 1586990
107567 107566863
15819 15818908
73364 73363094
16399 16398320
8071 8070363
1913 1912646
121398 121397088
87188 87187799
64510 64509714
125965 125964173
10238 10237131
64164 64163748
81520 81519947
54134 54133936
116562 116561119 116561119
39471 39470847
114968 114967299
120137 120136412 120136412
93211 93210678
85327 85326875
22507 22506254
47764 47763718
41780 41779726
12846 12845839
75116 75115947
94752 94751648
98606 98605494
146287 146286906
55425 55424568
142252 142251257 142251257
5361 5360941
99612 99611193
117338 117337870
47919 47918898
90710 90709649
22016 22015539
80518 80517984
71586 71585633
91869 91868971
52482 52481486
144584 144583059
7300 7299272 7299272
97453 97452024
30776 30775347
8837 8836193
104163 104162991
17534 17533468
113323 113322289
22049 22048826
49216 49215760
45675 45674965
105775 105774389
53839 53838318
105945 105944131
26262 26261911
77851 77850181
68778 68777980
85522 85521849
98937 98936501
47363 47362084
124639 124638393
88825 88824128
103646 103645471
62378 62377927
129260 129259029
10974 10973644
33049 33048147
139092 139091348
107482 107481141
12228 12227214
59503 59502970
35668 35667976
41722 41721835
123158 123157529
75761 75760433
64331 64330810
25910 25909461
71609 71608094
94288 94287232
7210 7209819
75566 75565937
52296 52295661
69732 69731836
67105 67104322
26388 26387389
126951 126950959
84104 84103937
119204 119203361
89532 89531275
6438 6437428
69451 69450643
75380 75379149
109151 109150468
132725 132724775
107941 107940211
128700 128699721
4627 4626671
119715 119714871
17107 17106129
128312 128311965
122544 122543771
19079 19078566
126117 126116926
140504 140503095
141785 141784870
81485 81484942
83590 83589033
95120 95119187
73454 73453939
87544 87543431
79851 79850391
116113 116112612
107855 107854081
128581 128580199
43070 43069163
92883 92882037
11006 11005254
149171 149170084
63259 63258770
26492 26491079
70686 70685897
18800 18799103
94599 94598534
96361 96360153
53498 53497953
104052 104051855
72044 72043991
131453 131452590 131452590
95904 95903962
122369 122368041
70781 70780372
125993 125992537
62033 62032271
3016 3015448
13968 13967283
141274 141273041
123044 123043020
55859 55858034
52490 52489650
91819 91818399
26489 26488932
114246 114245681 114245681
148998 148997014
95289 95288042
137492 137491342
77827 77826234
9899 9898179
35395 35394072
142118 142117584
115080 115079162
45837 45836917
149540 149539014
122529 122528086
7939 7938843
29524 29523055
44636 44635470
122080 122079487
136381 136380773
40405 40404766 40404135
125016 125015570
16898 16897229
50241 50240216
56835 56834945
72780 72779388 72779388
6386 6385795
26133 26132023
111430 111429363
123913 123912856
83367 83366963
131408 131407558
100696 100695412
102028 102027785
28102 28101568
115130 115129436
28205 28204793
23102 23101842
30482 30481061
12416 12415520
103297 103296689
149015 149014548
6963 6962568
48222 48221143
52943 52942015
2571 2570226
6601 6600046
12720 12719435
77469 77468177
12845 12844601
130814 130813377
137853 137852874
59264 59263948
125290 125289080
140144 140143855
64894 64893674
40444 40443929
51849 51848988
13957 13956072
89570 89569939
10943 10942048
147184 147183193
73149 73148390
78117 78116592
118827 118826646
90286 90285333
120438 120437229
7620 7619119
13309 13308510
8718 8717258
72451 72450140
29701 29700132
104801 104800647
16229 16228356 16228356
16386 16385107
141468 141467098
104351 104350530 104350217
41608 41607837
53481 53480135
56011 56010359
86792 86791823
135728 135727080
55531 55530443
100952 100951071
129391 129390889
86012 86011575
72603 72602454
87980 87979669
15701 15700092
6058 6057740
131361 131360622
70432 70431901
148824 148823611
12349 12348515 12348515
113326 113325592
110226 110225509
89086 89085212
26295 26294839
63792 63791829
132274 132273022
23259 23258525
93494 93493843
46410 46409084
149768 149767470
7012 7011571
142962 142961179
112234 112233616
92372 92371896
134385 134384727
25461 25460814
49599 49598949 49598949
143499 143498381
98485 98484162
84253 84252895
110643 110642692
101722 101721927
81370 81369002
31321 31320471
53648 53647829
141592 141591487
65166 65165217
103048 103047437
138534 138533195
140332 140331381
6024 6023468
127031 127030731
41432 41431872
98304 98303796
147060 147059152
131924 131923522
56693 56692862
141579 141578913
20147 20146218
137936 137935428
44825 44824779
27647 27646860
133834 133833191
60789 60788676
89974 89973717
70782 70781606
130155 130154456
149990 149989623
55152 55151858
29538 29537916
137005 137004557
118051 118050345
49625 49624065
90516 90515531
18693 18692874
27757 27756398
69661 69660408
76335 76334048
13544 13543933
60363 60362431
72152 72151832
145228 145227069
53073 53072039
35757 35756097
81434 81433410
53885 53884915
471 470234
12650 12649670
75163 75162309
41422 41421333
57103 57102242
117820 117819460
27864 27863227
1076 1075019
108968 108967280
130018 130017851
40845 40844621
121510 121509783
84624 84623941
81088 81087426
44318 44317368
135651 135650923
86704 86703375
127922 127921100
103630 103629696
86148 86147498
141824 141823972
111688 111687917
54580 54579476
69364 69363557
100963 100962499
132697 132696142
54334 54333643
204 203481
8419 8418996
74656 74655607
120279 120278624
139407 139406329
73781 73780301
82507 82506529
39605 39604450
127140 127139320
21429 21428154
120528 120527267
35135 35134404
86071 86070904
16246 16245331
10589 10588138
28131 28130737
20082 20081294
65220 65219518
26768 26767041
46298 46297079
22173 22172653
71430 71429896
146279 146278199
108748 108747171
135540 135539496
55746 55745462
37603 37602194
112560 112559664