
72810 72809714
38676 38675597
15095 15094698
68418 68417197
39246 39245366 39245366
71049 71048017
99077 99076739
94343 94506459 94506459
916 915602 915538
38006 38005264
2134 2133420
73308 73307297
64485 64484116
53554 53553731
39606 39605812
77828 77827619 77827619
91547 91546316
26470 26469169
64964 64963398 64963398 64963398
75304 75303868
77033 77032780
11752 11751120 11751120
78803 78802984
22450 22449064
4014 4013926
101692 101691276
44253 44252146 44252146
89655 90018615
9583 9582689
17213 17212010
79507 79506561
58761 58760325 58760325
29326 29325257
87071 86098738
80198 80197794
55284 55283029
71134 71133883
8494 8493787 8493787
52909 52908686 52908686
54008 54007157 54007157
47701 47700010
81487 81486200
56399 56398849
55776 55775875
4824 4823201 4823201
85824 85823962
26104 26103159
62070 62069927 62069927
31966 31965891 31965891 31965891
46845 46844975 46844975
76351 76350342 76350342 76350342
76928 76927925 76927925
31977 31976778
71507 71506636 71506636
99641 99640613 99640613
93541 93540179 93540179
89548 89911656
14201 14200444
99550 99549960
39927 39926721 39926721
9399 9398636
41526 41525161
59039 59038549
90570 90569932
81625 81624497 81624497 81624497
80683 80682380 80682380
33135 33134160
24180 24179870
86100 86099021
34723 34722587
26419 26418556 26418556
81137 81136997 81136997
21048 21047330
69902 69901890 69901890
694 693715 693715
87779 87778084
34426 34425212
16863 16862357
9686 9685361
41579 41578455 41578455
30144 30143837 30143837 30143837
77548 77547894
32054 32053639
36318 36317923 36317923
61886 61885294
85762 85761821 85761821
13943 13942604 13942604
20362 20361334
68868 68867557
71357 71356289 71356289
22123 22122201
49240 49239245
96978 96977914 96977914
17703 17702278 17702278
4195 4194470
48931 48930764 48930764 48930764
66944 66943101
38333 38332449
24070 24069541
71176 71175983 71175983
24303 24302912
79981 79980745
73756 73755962 73755962
94974 94973377 94973377
87360 87359856
81773 81772911
101451 101450305
102555 102554754
103791 103790589
76094 76093346
24840 24839076 24839076
43088 43087857
38556 38555560
16206 16205277
42831 42830890
26025 26024331
70361 70360556
64983 64982455 64982455
55751 55750358 55750358
84184 84183183
58152 58151368
29047 29046731
29377 29376960
69542 69541899
39309 39308556
54805 54804555
103161 103160509
61685 61684842
65567 65566454 65566454
67978 67977865
49252 49251520
106497 106496935
3488 3487891 3487891
1233 1232263
64751 64750092
43569 43568620 43568620 43568620
37297 37296826 37296826
78548 78547008
94708 94707696
77687 77686434
48908 48907450
101073 101072970 101072532
86053 86052336
7938 7937373 7937373
15041 15040735 15040735 15040735
12990 12989483 12989483
12714 12713992
49437 49436316
85046 85045738 85045738
67767 67766590 67766590
40194 40193228 40193228
8743 8742652 8742652 8742652
39487 39486384
69675 69674571 69674571 69674729
18212 18211639
35556 35555285 35555285
102366 102365764 102365764
104651 104650268
56208 56207257
35490 35489465
36888 36887248 36887248
86665 86664044 86664044
16178 16177349 16177349
81209 81208999 81208999
103976 103975091 103975091
55321 55320171 55320171
92961 92960879 92960879
38201 38200986
85010 85009868 85009868
64540 64539363
48102 48101779
75842 75841756
14425 14424968
73764 73763156
89009 89372638 89372638
70017 70016759
33428 33427845
27287 27286746
64843 64606546 64606546
48690 48689619
89945 90308931 90308931
1386 1385449
6527 6526478 6526478
50831 50830181
32011 32010275 32010275
98755 98754100 98754100
58668 58667681
100455 100454992
91699 91698014 91698014 91698014
20229 20228530
95503 95502811
42620 42619238 42619944 42619238
56499 56498616
1121 1120185
9109 9108204 9108204
3376 3375581
52452 52451404
23080 23079415 23079415
46536 46535216
71092 71091973 71091973
25227 25226808
12987 12986197
23192 23191675 23191675
37348 37347824
80699 80698958 80698958
48660 48659360
68755 68754418
89624 89987723
56044 56043303 56043303
60045 60044341 60044341
2309 2308198 2308198
104742 104741294 104741294
9349 9348414 9348414
42607 42606527 42606527
72576 72575631 72575631
41000 40999270
68634 68633991 68633991
61764 61763065
31229 31228566 31228566
79351 79350367
77615 77614760 77614760
47952 47951329
70123 70122057 70122057
83060 83059871
53470 53469814 53469814
10424 10423098
86097 86096057
68601 68600073
19483 19482873 19482873 19482873
11436 11435546
103827 103826131 103826131
98356 98355833
72920 72919083 72919083 72919083
77407 77406024
87490 87489712 87489712
97071 97070346
43817 43816873 43816741
60202 60201175
51255 51254329
42659 42658670
71417 71416567 71416567
49797 49796813
75915 75914392 75914392
38135 38134061
26996 26995539
95502 95501782
74912 74911600
11407 11406998
87345 87344195
90159 90158745 90158745
42447 42446924 42446924 42446924
47711 47710579
44717 44716592 44716592
78324 78323900
81138 81137718 81137718
18732 18731717
34849 34848184
43957 43364937
27199 27198949
25917 25916706
5666 5665900
57736 57735757
100977 100976610 100976610
31015 31014036
71232 71231900
92588 92587722 92587722
76752 76751714 76751714
13154 13153842 13153842
53730 53729131
55337 55336650
69513 69512452
29900 29899965
58250 58249820 58249820
23873 23872203 23872775
33466 33465445 33465445 33465445
7545 7544600 7544600
59905 59904692
18435 18434304
32077 32076117
84267 84266290
34269 34268427
45491 45490606
12582 12581367
8518 8517947
54790 54789985
82785 82784425 82784425
85684 85683863
38369 38368660 38368660
69047 69046131
8141 8140419
1435 1434067
22445 22444709
60856 60855493
44658 44657065
74849 74848004
52040 52039212
62376 62375297 62375297
3761 3760518 3760518
10004 10003130 10003130
40923 40922751
99062 99061298 99061298 99061298
80571 80570249
61370 61369797 61369797
55778 55777100
56197 56196822
60200 60199555
99326 99325353
36597 36596275 36596739
45158 45157732 45157732
40102 40101982 40101982
62428 62427739
37221 37220079 37220079
102781 102780490 102780490 102780490
11150 11149008
91760 91759883
103882 103881768
77386 77385637
67958 67957968 67957968
100909 100908056
5577 5576131
63274 63273483 63273483
32734 32733806 32733806
104077 104076938
84281 84280389
82674 82673151
101045 101044482
39695 39694854
61295 61294852
22585 22584916
25846 25845271
74805 74804017 74804017
50885 50884076
92443 92442619
65675 65674907 65674907
62941 62940629 62940893
66646 66645155
102971 102970327
89525 89888792 89888701
24331 24330259
68891 68890838
40226 40225948
35377 35376734
105026 105025811
45013 45012106 45012106
68248 68247689 68247689
47416 47415097
13703 13702657
22313 22312042 22312042
17340 17339653
24450 24449849 24449849
106441 106440093
1134 1133622
31205 31204861
37985 37984828 37984828
78997 78996902
65099 65098271 65098271
20685 20684655 20684655
37955 37954645
100082 100081328
70519 70518212
50392 50391291
19020 19019219
3279 3278904
22034 22033179
6736 6735509
9168 9167444
26312 26311885
400 399299
85668 85667590
12827 12826271 12826271
20958 20957760
20974 20973887
21455 21454110 21454110
43001 43000229 43000491 43000229
31718 31717185
23100 23099877
10205 10204657
69211 69210045
100228 100227424
29998 29997024
14177 14176297
18600 18599326
42889 42888714 42888714
33243 33242376
25243 25242337 25242337
49984 49983337
65255 65254437
90723 90722776 90722776
6317 6316693
102800 102799830 102799830
81418 81417642
72658 72657577 72657616
56879 56878331 56878331
97588 97587846 97587846
49396 49395125
91526 91525475
22162 22161901
87335 87334353 87334353
81097 81096269 81096269
78772 78771521
99437 99436655
63565 63564335
80670 80669292
76470 76469440
80610 80609318
16644 16643805 16643805
63501 63500769
64138 64137323
20882 20881489 20881489
90431 90430258
52723 52722621
38784 38783491
97771 97770075
36622 36621234
4356 4355474
97946 97945945 97945691
8049 8048235
43876 43875001 43875001
87144 87143940
95020 95019061
57614 57613332
90896 90895033
15518 15517980
106090 106089967
81526 81525746
96459 96458930
41100 41099583
71255 71254006 71254006
22715 22714997 22714997 22714997
8495 8494206
2757 2756766 2756766
97396 97395967
41204 41203695 41203695
91939 91938059
78006 78005081 78005081
65558 65557223
36709 36708413 36708413
83894 83893196 83893196 83893196
55349 55348104
35216 35215703
62914 62913696
14665 14664875
54209 54208864
63355 63354590 63354590
45080 45079314 45079314 45079314
90943 90942676
90834 90833394
100238 100237113
97925 97924297 97924297
54822 54821483
17359 17358414 17358414
51396 51395879
65844 65843534
964 963013
76499 76498771
11265 11264037
104091 104090049
34312 34311482
73400 73399994
34274 34273136
70466 70465779
85343 85342819
60971 60970786
11061 11060956
82395 82394382
25832 25831538 25831538
31633 31632656 31632656
7681 7680048
27241 27240446
55634 55633846
44846 44845160 44845160
75884 75883591 75883591
18458 18457847 18457847
93395 93394275
77007 77006946
18626 18625502
1926 1925068
7710 7709526
83155 83154596
85325 85324731
100999 100998036
29204 29203881 29203881
66881 66880798 66880798
84815 84814115
46294 46293157
21787 21786074
55763 55762426
23524 23523166
36511 36510360 36510360
75140 75139280
88567 88930580
102955 102954792
5435 5434512
34333 34332159
85640 85639352
93500 93499013 93499013
63902 63901040
36967 36966833
91549 91548942 91548942
32566 32565493
28195 28194200
54171 54170274
44969 44968230
92704 92703166 92703166
98292 98291665
101785 101784248 101784248
54158 54157014
104011 104010075
4550 4549443 4549443
100811 100810463
72779 72778373
23769 23768935 23768935
2488 2487540
16969 16968944
69651 69650332
42979 42978272
5048 5047394
97583 97582677 97582677
89636 89999354 89999354
33980 33979329
90972 90971166
31669 31668037
64601 64600257
51507 51506275
70884 70883891
40386 40385770
91837 91836671
10198 10197914
45935 45714870 45714870 45714870
74604 74603963
97844 97843125 97843644
8171 8170473
30761 30760891
55191 55190081 55190081
17378 17377310
31684 31683626
3752 3751136 3751136 3751512
70982 70981310
79813 79874778
55963 55962778
72863 72862480
4756 4755301 4755301
37424 37423763
87969 87968943
19498 19497347 19497347
20428 20427082 20427082
15268 15267328
102775 102774444
102834 102833389 102833389
5222 5221668
11528 11527674
76204 76203140
99052 99051517
3386 3385269
81885 81884977
94791 94818386 94818386 94818386
52598 52597301
70283 70282955
79297 79296828
18844 18843668
51219 51218817
25528 25527197
65530 65529410
82683 82682835 82682835
45461 45460758 45460758
75480 75479135 75479135
19259 19258851
95339 95338187 95338187
6898 6897701
57328 57327925
18792 18791055
72749 72748388
88346 88709463
37395 37394492
60041 60018291
59746 59745320
95829 95828111 95828111 95828111
88353 88716073
68398 68397569
45860 45859879 45859879 45859879
8463 8462603 8462603
97334 97333661
27351 27350106
35332 35331458 35331458
88935 89298031 89298031
87925 87924967
45702 45701474
5206 5205647
15339 15338710 15338710
65403 65402337
46852 46851678
89898 90261021
39632 39631507
100765 100764176 100764176
89384 89747585 89747585
82733 82732435
30814 30813603
77470 77469882 77469882
54001 54000123 54000123
102851 102850254
10418 10417103
48788 48787820 48787820
59990 59989048 59989048
91595 91594769
48713 48712004 48712004
11793 11792520 11792520
90664 90663441
44555 44554257
4309 4308096
3327 3326847
74326 74325154
15227 15226790 15226790
67987 67986539 67986539
43108 43107309
15070 15069807 15069279
106669 106668785 106668785
59939 59938282
40141 40140727 40140727
98366 98365058 98365058
48821 48820341
7946 7945333
72780 72779302
54985 54984792 54984792
90444 90443019
79350 79349170
46881 46880286 46880286
99353 99352191 99352191
14167 14166677
96460 96459317
28252 28251885
84467 84466569 84466569
52946 52945252
70895 70894958
65500 65499310 65499310
26251 26250269 26250269
35375 35374033
91315 91314553
36932 36931784
43205 43204507
52161 52160067
78958 78957527 78957527
31120 31119816 31119816
53214 53213282
80309 80308385
30652 30651058
38830 38829145
4565 4564307
38632 38631998
46203 46202465
61706 61705496 61705496
62360 62359915
23735 23734406
23751 23750752
7770 7769558
72487 72486638 72486638
23528 23527989
100802 100801429
45029 45028634
61941 60116347 60116347
33726 33725904
51402 51401864
12565 12564700
82573 82572028
63357 63356804 63356804 63356804
106949 106948954
40648 40647707
21589 21588334
36823 36822145
36264 36263890
39772 39771563 39771563 39771563
33878 33877522
82590 82589472
64499 64498305 64498305
57111 57110551
4904 4903345 4903345
10746 10745422 10745422
51574 51573437
31364 31363165
105367 105366345 105366345
41323 41322136 41322136
31933 31932255
56415 56414948
38456 38455647
66480 66479584
21274 21273687
63423 63422956
69059 69058936 69058936
23682 23681848
10350 10349159
80099 80098345
85893 85892689
23788 23787959
88271 88634764
104704 104703062
57794 57793826
54244 54243330
5428 5427318
82211 82210961 82210961 82210961
45511 45510270 45510270
42881 42880665
89869 90232772 90232772
102614 102613376
101593 101592320
25026 25025265
86577 86576284
57011 57010042 57010042
48538 48537352
41919 41918755 41918755
91841 91840994
63055 63054052
102961 102960014
36067 36066747
7369 7368515
7816 7815037
73208 73207656
42274 42273927
9835 9834077
81269 81268672 81268672
36315 36314149
88261 88624573
46024 46023178
90708 90707070
6304 6303250
3890 3889685
45509 45508336
88586 88949939 88949939
98222 98221866 98221866
33069 33068951
72193 72192025 72192025
61400 61399127
66468 66467547
44453 44452270
48647 48646312
12701 12700579 12700579
50526 50525580
100215 100214211 100214211 100214211
8204 8203220
73696 73695424
53349 53348184
80152 80151804 80151804
49708 49707002
12494 12493424 12493424
6569 6568252
15291 15290375 15290375
91493 91492568 91492568
7194 7193686 7193686
7663 7662497 7662497
59948 59947917 59947917 59947917
89719 90082609
104727 104726299
6631 6630136
30457 30456774
17139 17138414
91049 91048820
20913 20912746
101467 101466912
91038 91037824
20214 20213355 20213355
74619 74618722
55461 55460102
25363 25362584
12872 12871674
1080 1079729
13448 13447215 13447215
84525 84524281
25084 25083124 25083124
102899 102898030
86859 86858086
33203 33202001
62845 62844036
58602 58601277 58601277
87182 87181229
50569 50568842
40789 40788158
64861 64614120
77200 77199620 77199620
22481 22480599
101400 101399588
62329 62328250 62328250
4601 4600360 4600360
1475 1474123
16226 16225141
44057 44056602 44056602
41778 41777527
67244 67243774
68674 68673251 68673251
815 814233 814233
79200 79199143
82250 82249922
8914 8913285
14356 14355296
40387 40386697
68502 68501946
6862 6861544 6861544
797 796291
106331 106330771
87241 87240321 87240321
7149 7148066 7148066
55577 55576354
34563 34562722 34562722
11190 11189936 11189936
54657 54656248 54656248
99852 99851776
65118 65117030
57507 57506924
36032 36031258
17671 17670556
42975 42974677
23975 23974164
52198 52197593 52197593
25769 25768861
9361 9360731
64394 64393643
36165 36164836
104989 104988190 104988190
13544 13543829
45498 45497901
73414 73413187
16169 16168983
87549 87548054 87548054
77886 77885679
53832 53831392
33846 33845763
86924 86923614
29053 29052917
82363 82362388
15983 15982832
74965 74964646
59768 59045567 59045567
22189 22188779
42773 42772912 42772912
35387 35386504
105812 105811259
65372 65371407
19980 19979665
43993 43992203
8214 8213769 8213769
94393 94556650
83209 83208935
36552 36551526 36551526
59621 59620166
85164 85163659
31663 31662224 31662224
84477 84476119
66628 66627948
36301 36300130
30736 30735873
68075 68074880
102950 102949893 102949893
43677 43676289
89152 89515539
71597 71596420 71596120
11040 11039256
55705 55704482
40029 40028508
65251 65250577 65250577
85964 85963570
20370 20369408
20319 20044456 20044456
105816 105815612
17502 17501957 17501957
100361 100360271
69809 69808623
50014 50013677
19472 19471409 19471409
17080 17079334 17079334
79847 79846364 79846364
31581 31580195
102161 102160163
1395 1394160
62266 62265075
35517 35516747
3936 3935487
29935 29934197
102348 102347220 102347220
43842 43841628
80846 80845860
21415 21414441
83843 83842689 83842689
40011 40010176
9425 9424094
33294 33293809 33293809
89437 89800643
86667 86666348
84312 84311262
73935 73934607
67377 67376074 67376074
86198 86197322
29924 29923761
39424 39423379
99591 99590164 99590164
50473 50472978 50472978
101459 101458870
82238 82237178
88808 89171261
47531 47530190
90170 90169166
66737 66736062
94216 94379772 94379772
75549 75548193 75548193
40780 40779950
13872 13871972
10104 10103723 10103723
93657 93656560
98813 98812476
17107 17106680
26965 26964445 26964445
62700 62699349
59268 59267857
55222 55221423 55221423
72598 72597863
5935 5934628 5934628
6182 6181495 6181495
20071 20070213
85679 85678550
80012 80011150 80011150
50504 50503891
1566 1565063
71130 71129753
97141 97140627
13549 13548083
84020 84019260 84019260
36592 36591392
102638 102637785 102637785
10640 10639807
33757 33756004
34069 34068026
91213 91212928
98894 98893089
105265 105264511
18575 18574859 18574859
86803 86802467
64108 64107587 64107587
85926 85925439 85925439
32020 32019727 32019727
41299 41298959 41298959
34481 34480867
2229 2228194
40808 40807115
85456 85455496
2622 2621414 2621414 2621414
102939 102938256 102938256
4637 4636615
5288 5287760
21740 21739207 21739338
19975 19974823
26881 26880430
56620 56619797
65329 65328299
39861 39860782
81341 81340150
4107 4106066
92386 92385687
17538 17537802
96351 96350879
74247 74246538
20270 20269901 20269901
49410 49409015 49409015
41753 41752504 41752504
46250 46249698
96001 96000027 96000027
80972 80971542 80971949 80971949
51424 51423028
91118 91117908 91117908
80194 80193218
2187 2186023
86247 86246573 86246573
58952 58951627
55178 55177430 55177430
108 107340 107340 107076
1632 1631573 1631573 1631573
31563 31562824
16944 16943294
90191 90190490 90190490
47722 47721641
2530 2529554 2529554
41910 41909755
50316 50315589
8541 8540020
7266 7265298 7265298
2704 2703387
104517 104516013
82769 82768769
82198 82197162 82197162
105790 105789687 105789373
29461 29460599
35940 35939726 35939726
45454 45453950
88056 88419541
18057 18056255
23595 23594963 23594963
72814 72813605 72813605
8320 8319498
89800 90163448
94808 94807568
97914 97913504
29490 29489448
86182 86181732 86181732 86181732
97137 97136142
86736 86735767
75708 75707041
30990 30989111
29160 29159214
100508 100507784
17642 17641325
105791 105790664 105790664
77551 77550002
15418 15417289
84448 84447020
13955 13954496
37789 37788684 37788684
46573 46572748
15436 15435372
23160 23159006
79464 79463587 79463587
30750 30749205
56469 56468018
77519 77518862 77518862
70652 70651656 70651656
103702 103701787
106713 106712862
18912 18911366 18911366
8485 8484627
100609 100608169 100608169
76265 76264306
19135 19134596 19134596
35891 35890485
52172 52171771
10408 10407527
17211 17210216
79876 79875273
39802 39801930
62509 62508134
92942 92941363
28129 28128379
49391 49390981 49390981
82882 82881289 82881289
61586 61585332
86670 86669247
72170 72169075
62084 62083437
13481 13480098
34662 34661269
84078 84077901 84077901
10745 10744268
77948 77947599 77947599
76736 76735624
80024 80023090 80023090
27875 27874781
9643 9642877
77006 77005248
100997 100996024 100996024
8220 8219399
97454 97453856 97453856
77120 77119470
54383 54382929
39835 39834210 39834210
4685 4684517
48138 48137028
28281 28280580
73283 73282023
9197 9196314
53459 53458329
92769 92768722
40955 41546882
37654 37653862 37653862
82687 82686808
11643 11642180
6676 6675034 6675034
11979 11978885
52327 52326336
8787 8786305 8786305
96837 96836541
64966 64965955
93439 93438949
101753 101752515
42399 42398468 42398468
18907 18906463
71596 71595575
72924 72923068
82048 82047752 82047752
75981 75980786
2586 2585672
94753 94810443
7100 7099524 7099524
46562 46561802
48588 48587829 48587829
18031 18030869 18030869
7637 7636448 7636448
19252 19251081
93726 93725152 93725152
53895 53894409 53894409
56165 56164934
17658 17657794
106103 106102252 106102252
23271 23270456
36296 36295545
15456 15455684 15455684
63195 63194417
5281 5280947 5280947
91656 91655053 91655053
75204 75203107 75203107
94418 94581964 94581964
105302 105301163
79243 79242122
35269 35268096
80805 80804513
98731 98730069
63965 63964664
83505 83504553
33242 33241334
94773 94772264
96774 96773059
1590 1589001
9649 9648716 9648716
45050 45049687
5557 5556353
63603 63602329
95238 95237719
96494 96493948
58155 58154204
56828 56827147
33838 33837645
20313 20312083
19000 18999972
95078 95077737 95077737
105836 105835011 105835011
80833 80832649
5423 5422087
10762 10761301
56363 56362199
97120 97119367
77843 77842245 77842245
431 430853
52527 52526090
50629 50394825 50394825
55649 55648886 55648886
62971 62970320
51388 51387684
33185 33184321 33184321
30176 30175397
81468 81467024
39368 39367474
86906 86905531
40381 40380158
38390 38389451
42058 42057952
79863 79862278
28419 28418477
25069 25068226
34904 34903758
92850 92849063
30067 30066122
10339 10338482
23535 23534156 23534156
67146 67145532
104907 104906056 104906056
35855 35854539
103718 103717860
24497 24496129 24496129
6246 6245045 6245045
20339 20338369
18982 18981210
106846 106845389
106091 106090778
52593 52592474
23466 23465067
36306 36305503
75405 75404978
8300 8299638
94444 94607955
70416 70415444 70415444
100775 100774058
43516 43515315
24892 24891246
51463 51462933
30818 30817993
102653 102652266
90267 90266787 90266787
55849 55848915
87722 87721905
70086 70085973
99276 99275067 99275067
87441 87440837
6048 6047692
44699 44698486
85854 85853237
57253 57252138
106955 106954161
81474 81473792
90000 90363112
45843 45842282
20977 20976653
69901 69900419
14478 14477360 14477360
34736 34735096
47078 47077425
20689 20688520
95031 94856632
53195 53194811
25075 25074788
52797 52796343 52796343
88938 89301550
37093 37092979 37092979
38038 38037583
24853 24852303
44534 44533352
36439 36438793
981 980588 980588
13973 13972032 13972408
99678 99677233
34810 34809602
41694 41693219
70713 70712593 70712593
76359 76358141
26276 26275455
32614 32613994
68322 68321499
15010 15009660 15009660
98551 98550162
13102 13101163
105913 105912112
49759 49758013
83590 83589901
66533 66532318
85986 85985136
27576 27575680
31862 31861482
40820 40819610
105038 105037674
41336 41335967
26075 26074232
102341 102340237
51344 51343643
60775 60774572
43288 43287065
95471 95470563 95470563
24720 24719950
51406 51405121
84948 84947785
100727 100726068
61957 61956134
66610 66609315 66609315
97621 97620305
91465 91464460
75855 75854746
17569 17568195
11494 11493967 11493967
5917 5916961
66847 66846031
39026 39025918
20963 20962410
47699 47698309
86418 86417717 86417541
76925 76924790
21326 21325940
55534 55533816
2109 2108771
46320 46319794
69785 69784204
32416 32415510
42715 42714204
39127 39126243
77129 77128793
97026 97025693 97025693
76319 76612888
86358 86357233 86357233
80541 80540118
37995 37994409
93913 93912582 93912582 93912582
44701 44700351
11416 11415477
3828 3827990
54150 54149613
51363 51362721 51362721
47361 47360292
62573 62572795
70087 70086484
65650 65649670
22686 22685028
25746 25745642
41026 41025311 41025311 41025311
82036 82035868
44441 44440447 44440447
52108 52107281
43788 43787585
83605 83604957
75345 75344739 75344739
62918 62917581
99726 99725039 99725039
6529 6528355 6528355
71442 71441968
73224 73223026 73223026
61273 61272579
52834 52833282
3788 3787277 3787277
13665 13664962
83349 83348803 83348803
94112 94275284
94812 94811400
16761 16760355
24430 24429581
25457 25456938 25456154
16596 16595647 16595647
65991 65990708
90301 90300352 90300352
74804 74803308
69385 69384878 69384878
33174 33173580 33173580
78098 78097967
100631 100630181 100630181
43399 43320877
20951 20950260
34220 34219850
34416 34415050
16946 16945454
45219 45218571
71979 71978015
50377 50382070
80377 80376371
65102 65101618
80286 80285021 80285021
28571 28570025
65028 65027833 65027833
3374 3373872
24822 24821002 24821002
76991 76990093
29783 29782981
30132 30131381 30131381
99538 99537150 99537150
68140 68139263
103140 103139478
2568 2567159 2567159 2567159
81971 81970646 81970646
49936 49935410
3575 3574810 3574810
29932 29931874
79311 79310216
95084 94867956 94867956 94867956
33744 33743207
25016 25015863
82598 82597760
26694 26693449
30738 30737709
99126 99125414 99125414 99125414
59475 59474131
28772 28771399
105300 105299177 105299177
13553 13552722
52441 52440425 52440425
50107 50106619 50106619
24000 23999852
76916 76915147 76915147
89426 89789846
20826 20825901
43038 43037426
88845 89208274
73054 73053107
57464 57463904 57463904
93429 93428933
3929 3928212
2344 2343064
46808 46807799
106139 106138680
100503 100502115
71998 71975115
71105 71104650
88745 89108988
80731 80730407
55457 55456776
93536 93535558
21173 21172379 21172379
85451 85450594
88367 88730789
66141 66140688
64450 64449632
18702 18701063
1285 1284552
63881 63188126
24789 24788681
48287 48286598
81479 81478772
93286 93285279
11894 11893712 11893712
42877 42876454
21485 21484806 21484806
102701 102700371 102700371
14325 14324150
49462 49445602
67001 67000002
33683 33682324
4561 4560189
31114 31113880 31113880
34607 34606556
86903 86092623 86092623
37822 37821590
103669 103668536
20987 20986459
47238 47237317
84324 84323251
38741 38740348
37667 37666109
70537 70536191
65815 65814044
89642 90005113
69527 69526203
74203 74202408
13634 13633414
2160 2159316
27490 27489966
89277 89640430
100677 100676336
7630 7629448 7629448
75146 75145900
9772 9771815
26425 26424902
25634 25633671
29742 29741823
88522 88885228
83539 83538577 83538577
42238 42237624 42237624
70040 70039026
13555 13554279
61766 61765044
79984 79983155
93509 93508733
97624 97623559 97623559
106242 106241839
100337 100336426
44799 44798940
27099 27098214
49816 49815478 49815478 49815478
41599 41598996
4374 4373125 4373125
94499 94662542
6156 6155147
50264 50263249 50263249
59548 59547383
74833 74832652
53786 53785332
90641 90640149
73660 73659702
98421 98420342
61486 61485550
62561 62560245
30097 30096300 30096300
61840 61839190
76811 76810995
52927 52926204
95022 95021286 95021286
59388 59387383
12927 12926572
63179 63178792 63178792
105814 105813102
25748 25747136
57141 57140863
47365 47364889
72720 72719862
7074 7073786
31648 31647160
19299 19298278
83654 83653844
66386 66385715
17528 17527423
4078 4077370
6374 6373627
90940 90939818
78477 78476123
35813 35812379
3530 3529193
62552 62551267
25948 25313291
31737 31736910
56544 56543040 56543040 56543040
33533 33532023
6346 6345535
57493 57492098
48286 48285018 48285018
44433 44432853
36389 36388385
71577 71576157
63636 63635947
15507 15506280 15506280
13378 13377133
45016 45015640
68587 68586861
10837 10836870
43834 43833268
39400 39399178
91684 91683511
61057 61056681
38294 38293600 38293600
56373 56372231
55997 55996660
3576 3575990
89492 89855127
105441 105440670 105440670 105440670
22923 22922747
36356 36355853
23803 23802246
97597 97596653
32411 32410929 32410252
104743 104742546 104742546
68512 68511070
33404 33403937 33403937 33403937
3295 3294201
38806 38805146
65187 65186336
9208 9207841
78613 78612871
89281 89644825
97860 97859796 97859796 97859796
37110 37109543
99412 99411182
66133 66132455
85901 85900582
85597 85596137 85596137
25150 25149740
24415 24414800
77327 77326348 77326348
15830 15829757
15119 15118451
102295 102294009
75087 75086323
65094 65093132
48398 48397745
35060 35059865
3298 3297897
62122 62121433
77362 77361984
57829 57828013
20127 20126435
39555 39554187
64674 64673478
95527 95526406
106063 106062130 106062130
97522 97521139
48801 48800326
98238 98237510
78379 78378021 78378021
11906 11905054
82436 82435622
80885 80884537
64855 64854096
49493 49492329
19418 19417902
86550 86549174
95095 95094594
58657 58656858
61723 61722905
24771 24770597
70257 70256457
37599 37598281 37598281
31272 31271122
96889 96888158
52027 52026123
97016 97015130
27862 27861905
95777 94968551 94968551
5032 5031313
26489 26488983
70862 70861068 70861068
47286 47285479
45646 45645757 45645757
1594 1593678
21234 21233945
74907 74906176
73019 73018590
103511 103510063
77364 77363620
60042 60019533
68558 68557252
12475 12474462
54014 54013631
39793 39792196
67874 67873986
21963 21962106
53358 53357412
104746 104745325
67444 67443469
54560 54559805
31802 31801745
84183 84182717 84182717
43787 43786498
353 352217
77358 77357809
84191 84190857
28016 28015778
105157 105156287
101578 101577299
19063 19062955
2493 2492453 2492453
105961 105960340
51157 51156039
87891 87890781
50373 50372453 50372453
71755 71754713
72449 72448828
16831 16830503 16830503
21732 21731721
18388 18387857
82107 82106095 82106095
80609 80608067
55057 55056608
96007 96006302
42451 42450504
32612 32611522
7325 7324449
95546 95545233
105807 105806047 105806047
102473 102472831
23918 23917925
70134 70133987
43342 43341995 43341995
8419 8418985
61768 60103716 60103716
9152 9151273
5463 5462829 5462829
37509 37508075
35663 35662379
14328 14327131 14327131
9571 9570316 9570316
28339 28338050
80207 80206876
13878 13877592
91087 91086419
95314 95313796 95313649
78966 78965348
16467 16466063
46175 46174042
81750 81749418
73329 73328797
16618 16617621
69356 69355691
100297 100296669
6817 6816946
76653 76652560 76652560
29279 29278080 29278080
64144 64143617
32787 32786201
31027 31026600
34257 34256888
92179 92178790
73440 73439541
20414 20413804 20413261
102945 102944802
101351 101350947
69030 69029933
47395 47394108
48189 49398222
7236 7235647 7235647
8247 8246846
76517 76516204
84918 84917035
17742 17741615
12306 12305545
95334 95333137
34597 34596445
96754 96753885
12538 12537459
49318 49317356 49317356
44571 44570731
86765 86764288
42783 42782829
12771 12770936
22978 22977953
9801 9800929
56795 56794376 56794376
45348 45347688
94802 94801624
1234 1233302
4365 4364318
40639 40638841
79327 79326761
30603 30602574
11945 11944277
19864 19863044 19863044
15924 15923823
60923 60922410
12603 12602114
7730 7729875
98579 98578934
1749 1748587 1748587
39834 39833687
54494 54493786
59688 59687058
80841 80840439 80840439
34019 34018881
55098 55097757
90566 90565077 90565077
97930 97929803
37589 37588447
6144 6143494
105324 105323332 105323332
88546 88909532
37868 37867553
96129 96128442 96128442
66338 66337945
105840 105839958
37021 37020006
52952 52951658
30519 30518461
66189 66188483 66188483
40121 40120843
9247 9246803
71218 71217995 71217995
49170 49169080
38257 38257000
43967 43966546 43966546
55601 55600941
61394 61393283
72446 72445559
45155 45154604
5723 5722043
95746 95745026 95745026
57484 57483576
92171 92170781
86734 86733255
104937 104936816
35938 35937435
92252 92251946
60740 60739328
100825 100824423
55661 55660534
5402 5401705 5401705
97905 97904724
103536 103535042
67305 67304934
63338 63337193
44886 44885270
53231 53230394
12103 12102381
5634 5633635
91540 91539701
31645 31644091
102686 102685960
79307 79854222 79854222
78646 78645256
34060 34059313
10729 10728013
84116 84115580
56489 56488768
69884 69883328
91690 91689643
86944 86943441
6830 6829401
84069 84068623
66439 66438137
29059 29058823 29058496 29058823
102098 102097103
95442 95441645
71050 71049527
5110 5109162
37628 37627870
63340 63339255
44482 44481625
9250 9249331
12457 12456517 12456517
23405 23404783
103803 103802512
30494 30493983
99620 99619509
183 182629
69396 69395002
97921 97920175
100217 100216741
75205 75204321
95594 95593923
98151 98150793
12227 12226076
50252 50251195
73937 73936985
106116 106115114
74780 74779992
3484 3483893
59367 59366814
101721 101720971
36549 36548993
90909 90908242
54983 54982184
2479 2478153 2478153
103327 103326112
29812 29811552
46492 46491811
80441 80440562 80440562
76735 76734840
55975 55974250
42912 42911422
84570 84569632 84569632
12469 12468069
42629 42628100
102072 102071908 102071908
65263 65262520
63730 63729664
105444 105443422
82559 82558530
100927 100926175
106377 106376640
32149 32148876
38325 38324955
64914 64913108
45738 45737234 45737234
102477 102476203
22838 22837599
79517 79516560 79516560
102376 102375473
55959 55958769
68641 68640415
71340 71339585 71339585
38335 38334037
21882 21881033 21881033 21881033
106219 106218623
38597 38596153
30992 30991096
74757 74756368
32684 32683063
73689 73688016 73688016
68386 68385966
24832 24831545
83516 83515737
20086 20085714
37701 37700416
41244 41243951
77565 77564779
104108 104107022
96233 96232327
84624 84623057
76221 76220237
76633 76632018
72618 72617239
42373 42372342 42372342
70031 70030552
78150 78149386
55671 55670605
23886 23885299
93404 93403759
74466 74465513
28359 28358303
75351 75350818
8560 8559825
102993 102992649
39545 39544086
11155 11154849
58311 58310117
43071 43070070
72082 72081106 72081106
52136 52135510
77454 77453033
79870 79869831 79869831
72236 72235693
81106 81105818
38012 38011755 38011755
73763 73762992 73762992
96324 96323325
4657 4656801
78108 78107146
33651 33650093
17224 17223358
97839 97838641
60458 60457718
55080 55079725
83719 83718022
49214 49213223
54917 54916890 54916890
106561 106560862
23705 23704292 23704292
41858 41857902
47413 47412964
81786 81785594
40187 40186436
36445 36444148 36444148
1935 1934606
3410 3409395 3409395
45225 45224368
28360 28359962
63973 63972008
60556 60555441
7579 7578549
39845 39844268 39844268
11744 11743086 11743086
5843 5842549 5842549
24552 24551578
42283 42282214
97359 97358306
84757 84756810
75853 75852598
42266 42265762
27440 27439343
59691 59690997
75232 75231956
49100 49099572
54230 54229772
48942 48941897
93555 93554418
55335 55334038 55334038
19774 19773743
64544 64543963 64543963
72650 72649933
26874 26873881 26873881 26873881
69552 69551304
97109 97108289
5061 5060886
15365 15364894
29540 29539251
101281 101280511
9427 9426604
38593 38592726
84926 84925876
68719 68718031
81623 81622201
39698 39697619
88521 88884787
42268 42267027
37535 37534105
74507 74506812
87611 87610212
105448 105447728
66311 66310916
40036 40035067
4329 4328954
41141 41598886
16492 16491608
36454 36453823
40122 40121935
35068 35067896
15540 15539377
83696 83695017 83695017
69128 69127900
2671 2670296
53165 53164135
69104 69103180
17106 17105335
27706 27705415
43822 43821070
63013 63012588
78657 78656185
65309 65308759
21354 21353591
24674 24673610
41813 41812083
86479 86062260
11684 11683283 11683283
2889 2888784
31874 31873375
98263 98262646
89511 89874896
58399 58398093 58398093
343 342186
80478 80477790
104789 104788587
23552 23551025
94386 94549093
35265 35264210
41208 41207586
63131 63130555
16403 16402140
79678 79677434
58222 58221800 58221800
958 957452
53095 53094231
27882 27881691
86374 86373020
53437 53436618
76852 76851891
62612 62611320
1354 1353733
74970 74969594
71486 71485983
43031 43030929
74270 74269328
28592 28591497
43624 43623199
28557 28556038
66864 66863816
13916 13915711 13915335
53957 53956450
10727 10726931 10726931
90136 90135438
64785 64784520
31007 31006852
41156 41155163
48962 48961599
97945 97944243
21423 21422075
62438 62437488
89344 89707173
7747 7746094
67812 67811453
18821 18820579
57472 57471938
105173 105172916
67399 67398745
104070 104069576
70697 70696625
95285 95284456
19846 19845760
57044 57043992
31128 31127391
83928 83927586
66120 66119650
72431 72430273
46902 46901013 46901013
84232 84231293
76714 76713135 76713135
56652 56651333 56651333 56651333
50707 50706494
40085 40084407
47231 47230449
93293 93292472
70932 70931772
43510 43509234
74385 74384829 74384829
19234 19233836
37743 37742325
45359 45358324
17549 17548935
67408 67407861 67407861
56612 56611798
62834 62833602
25285 25284787
65518 65517185
38210 38209734
35295 35294043
61024 61023498
24467 24466007
98208 98207145
55146 55145572
15386 15385134
77961 77960760
32092 32091836
81181 81180528
40455 40454576
72866 72865921
18150 18149189
50306 50305738
31666 31665963
5849 5848949 5848949
9788 9787289
31011 31010984
19019 19018030 19018030
51710 51709898 51709898
27224 27223011
68381 68380638
45927 45926578 45926578
63225 63224936
60737 60736270
38941 38940623
37970 37969304
78060 78059775
28724 28723021
104932 104931322
21094 21093662
67872 67871770 67871770
45197 45196242
13686 13685884
102073 102072067
152 151819
33387 33386776
85817 85816078
60739 60738831
101718 101717431
63052 63051647
3998 3997268
69784 69783134
103211 103210447
31255 31254135
44609 44608010
95945 95944530 95944530
95649 95648035
48511 49418871 49418871
29270 29269085
70501 70500162
45333 45332811
105768 105767644
67223 67222892
11741 11740106
86834 86833949
73810 73809089
92523 92522339 92522339 92522339
75594 75593135 75593135
35013 35012843
90563 90562065
89874 90237853
53132 53131136 53131136
83347 83346050
66837 66836218
17477 17476966
91165 91164210
69940 69939764
49188 49187199
67415 67414137 67414137
1800 1799664
54318 54317588
22425 22424833
97693 97692579
59577 59576172
81071 81070524
3275 3274095
89858 90221326
100757 100756718
28514 28513311
99387 99386133
99609 99608559 99608559
96449 96448572
64680 64679902
27359 27358633
7232 7231911
71514 71513322
94761 94760825
92820 92819018
10901 10900186
70691 70690936
103510 103509785
19100 19099985
83219 83218377
33063 33062514
37881 37880791
27198 27197548
25396 25395575
31569 31568669
84012 84011462 84011462
91288 91287310 91287310
93616 93615345 93615345
93718 93717705
36542 36541196
81357 81356802
72093 72092292
3930 3929824
63296 63295443
105896 105895217
78240 78239750
52373 52372728
97341 97340280
90079 90078845
18305 18304504
412 411909
79225 79224591 79224591
82061 82060283
79302 79301463 79301463
94683 94682340 94682340
75955 75954221
90961 90960067 90960067
38065 38064130
56123 56122379
59179 59178866
41237 41236290
69196 69195078
29143 29142301 29142301
99711 99710112
27053 27052346
81285 81284811 81284811
37607 37606683
10741 10740803
16514 16513124
35100 35099009
28516 28515818
51953 51952642
71810 71809254
26741 26740050
22839 22838201
25709 25708916
83235 83234717
47662 47661258
46001 46000648
92723 92722242
55949 55948294
84219 84218422
71631 71630553
10120 10119061
95266 95265127
89751 90114998
68148 68147278
11024 11023822
30936 30935122 30935122
7763 7762901
64056 64055514
42754 42753986 42753986
75462 75461302
50432 50431641
3512 3511098
17598 17597782
102130 102129660
86074 86073465
21879 21878990
26072 26071750
17633 17632012
89527 89890605 89890605
88135 88498500
48157 48156354
64316 64315155
97508 97507461
4932 4931512
42350 42349136
14227 14226081
82171 82170096
16287 16286268
59404 59403394
103966 103965983
45104 45103885
76441 76440635 76440635
80238 80237655
72204 72203567
72424 72423457
38732 38731774
28922 28921161
31436 31435723
75062 75061844
13222 13221924
95125 95124430
9934 9933207 9933207
23709 23708482
82626 82625049
100868 100867226
21442 21441430
101570 101569114 101569114
10623 10622253 10622253
24186 24185378
66485 66484767
21212 21211206
45673 45672068 45672068
17736 17735172 17735172
75028 75027289
25812 25811821
99603 99602121
8607 8606875
60846 60845515
23220 23219844
87531 87530556
24818 24817923
51006 51005101
26319 26318267
96515 96514423
3319 3318074
33908 33907226
17830 17829630
51991 51990600
25208 25207654
31119 31118175
91106 91105919
15275 15274524
46065 46064395 46064395
59776 59775486 59775486
1751 1750707
85713 85712065
67294 67293949
96468 96467116
97441 97440553
35593 35592220
66137 66136648 66136648
82207 82206829
57986 57985084
20081 20080557
64860 64613640
53644 53643859
25690 25689820
85380 85379871
104525 104524629
40710 40709060
86836 86835878
68554 68553183
47155 47154396
64035 64034588
35200 35199497
64546 64545557
48787 48786160
4375 4374609
14270 14269507
35495 35494516
36021 36020423
106660 106659016
81210 81209907
91256 91255407
61972 61971383
99634 99633745
98239 98238350
53432 53431195
74655 74654835
58742 58741007
70711 70710885
85730 85729859
98371 98370034
33312 33311361
73359 73358180
18226 18225132
9494 9493567
17285 17284660
87272 87271227
83373 83372603
100341 100340222
56477 56476071
28154 28153179 28153179
29263 29262259
73588 73587386
59150 59149284
7351 7350134
17379 17378646
8563 8562305
79865 79864970
2518 2517930
47082 47081917 47081917
84677 84676947
10524 10523736
2934 2933778
95038 95037176
14780 14779316
46031 46030709
69545 69544021
3858 3857009
103844 103843337
40647 40646845
102873 102872765
22216 22215858
39581 39580993
5168 5167351
40423 40422740
16648 16647123
44452 44451081
40759 40758287
18737 18736837
106375 106374026
86290 86289343
74133 74132147
48529 48528770
47035 47034217
13472 13471425
26356 26355148
24365 24364064
6414 6413659
7057 7056071
55473 55472826
100458 100457213
104378 104377575
81994 81993995
90949 90948990
87864 87863946
61270 61269169
28851 28850307
87236 87235545
51060 51059492
54336 54335657
46585 46584645
59515 59514054
74812 74811599
81884 81883455
48161 48160325
68976 68975688
69873 69872838
92330 92329046
43786 43785301
105510 105509252
50410 50409324
66561 66560789
13047 13046291
78462 78461745
19454 19453462
89030 89393485
106110 106109551
83549 83548090
99196 99195109
99172 99171063
65679 65678494
70023 70022544
102973 102972252
67404 67403020
16176 16175262
73692 73691746
58699 58698429
104095 104094121
1847 1846560
92665 92664810
19267 19266571
6718 6717492
72721 72720098
66060 66059352
29831 29830588
48560 48559127
43504 43503725
69655 69654813
59745 59744897
29525 29524086
15477 15476010
53761 53760552
27070 27069289
3102 3101396
47979 47978324
104094 104093302
71697 71696228
44101 44100987
88129 88492236
12085 12084689
11636 11635243
71189 71188241
43546 43545656
19976 19975166
23003 23002964
14612 14611908
32790 32789043
38130 38129980
26589 26588662
33639 33638723
59572 59571105
16554 16553828
77844 77843613
74379 74378239
2052 2051157
23699 23698314
68299 68298729
37159 37158293
17943 17942956
48360 48359071 48359071
84860 84859410
82613 82612685
28452 28451694
5791 5790884
95737 95736193
19702 19701177
5443 5442545
59406 59405280
82413 82412228
94319 94482490
25793 25792787
27607 27606268
12532 12531244
60311 60310010
80512 80511065
22250 22249901
40711 40710668
87225 87224860
102496 102495242 102495242
62056 62055317
104119 104118173
49956 49955536
81348 81347148
5007 5006337
75625 75624692
4325 4324922 4324922
28572 28571025
15389 15388702
12813 12812783
59036 59035921
10838 10837112
103991 103990747
6334 6333643
11540 11539893
82401 82400706
106805 106804317
3623 3622795
102757 102756782
32012 32011583
31889 31888279
77827 77826636
15836 15835705
27822 27821249
64650 64649083
4219 4218212
37111 37110712
40549 40548365
14388 14387480
32396 32395068
89978 90341801
77744 77743861
17228 17227275
24244 24243369
17212 17211339
6510 6509793
35919 35918112
25062 25061777
70162 70161168
69587 69586398
15951 15950515
19869 19868812
3150 3149046
17445 17444443
94122 94285742
39937 39936875
85269 85268937
68982 68981106
62264 62263429
24779 24778290
40995 40994394
99630 99629884
97913 97912415
2219 2218880
16094 16093406
63863 63862812
49681 49680903
37586 37585200
17673 17672060
58061 58060012
7972 7971690
97760 97759964
102669 102668710
104918 104917098
66228 66227126
23704 23703169
11198 11197059
93427 93426368
6301 6300570
66560 66559134
65779 65778986
35314 35313558
48005 48004129
90864 90863021
28794 28793332
57603 57602443
44467 44466789
68411 68410514
11421 11420373
56116 56115298
16421 16420301
73103 73102950
32480 32479371
57749 57748129
105787 105786322
43078 43077941
65286 65285036
87892 87891392
2800 2799199
16208 16207730
20690 20689706
66929 66928405
47237 47236307
93611 93610784
45069 45068124
52656 52655220
21285 21284548
100814 100813885
12069 12068779
72337 72336396
103231 103230560