
846 845351 845924
3602 3601833
1744 1743583 1743224 1743886 1743890 1743879
6354 6353233 6353481
6200 6199355 6199805
6216 6215683 6215985 6215005 6215734
5613 5612414
5137 5136377
3233 3232111
4185 4184273
451 450043 450551 450934 450568
995 994298 994497 994219 994327 994142
6209 6208005
1414 1413030 1413081
259 258209 258459 258533
3768 3767634 3767209 3767217
1128 1127602 1127954
3322 3321215 3321953
5568 5567563 5567276 5567153
2448 2447694 2447975 2447672
971 970374 970601 970244 970837 970964
1430 1429555 1429902 1429896 1429944
2988 2987831 2987914 2987167 2987248
726 725921 725488 725935
1048 1047134 1047624 1047026
5250 5249058
2979 2978077 2978243 2978560
5837 5836617 5836247 5836053
501 500849 500236 500112
5173 5172715 5172490
4632 4631391 4631868
1738 1737389 1737937 1737108
3338 3337873 3337152 3337805
1051 1050974 1050740
3701 3700064
1578 1577058
3527 3526431 3526808 3526475
1164 1163715 1163200 1163556
2540 2539308
4984 4983306
5863 5862860 5862880 5862109 5862113
5855 5854152 5854295
3949 3948330 3948547
1442 1441024 1441396
2471 2470057 2470503 2470891 2470523
3822 3821772 3821906 3821194 3821758
4327 4326359 4326832
4168 4167067 4167226
1683 1682907 1682051 1682562 1682431
178 177154 177255 177288 177330
4126 4125674 4125601
4853 4852276 4852931 4852762
6089 6088827
3605 3604425 3604650 3604326
900 899044 899844 899577 899668
2482 2481626 2481202
5570 5569601 5569221 5569016
5701 5700970 5700228 5700819
3703 3702620 3702205 3702450
6258 6257111 6257948
6017 6016635 6016758
2953 2952931 2952611 2952516
2563 2562323
3769 3768541 3768812 3768327
5761 5760225 5760222
1131 1130882 1130431 1130492
4210 4209525 4209642 4209186
1984 1983704 1983979 1983396
5461 5460963 5460940
5144 5143213 5143616
936 935457 935783 935825
5623 5622457
4296 4295207 4295144
4401 4400740
2236 2235699
3870 3869319 3869616
3759 3758969 3758401
4689 4688917 4688207
5029 5028060 5028609
1702 1701329 1701987
5184 5183657 5183058 5183505 5183401
1450 1449810 1449374 1449434
362 361086 361063 361500
1605 1604141 1604592 1604767
1749 1748808
2663 2662890
5409 5408737 5408097 5408398 5408297 5408631 5408701
1280 1279498 1279644
6090 6089226
3409 3408860 3408365 3408700 3408186 3408822
5547 5546358 5546016 5546150
5694 5693108 5693058 5693906 5693527 5693977
929 928154 928745 928912 928819
2371 2370896 2370720 2370040 2370705
1542 1541538
5343 5342152 5342572
6294 6293088 6293771
1142 1141544 1141659
695 694060 694327 694848 694754
1616 1615626 1615406
3758 3757317
3257 3256369 3256144 3256894
2144 2143851
2452 2451353
188 187164 187510 187209
5402 5401636 5401704
4773 4772800 4772339
5054 5053075 5053948 5053257
3707 3706164 3706777
4531 4530855
4455 4454907 4454108
4220 4219267 4219751 4219771
1561 1560840
3066 3065998
3250 3249571 3249251 3249703
5611 5610450
5175 5174991 5174405
143 142718 142731
6112 6111107 6111589 6111108
5560 5559028 5559116 5559821
1782 1781945 1781605
2424 2423080 2423217
6097 6096460
1905 1904713 1904364
2826 2825964 2825869
2623 2622648
1589 1588592 1588595 1588478
2734 2733364 2733533 2733013
1842 1841206 1841351
5795 5794526 5794301
5087 5086995 5086642 5086556 5086803
3116 3115908 3115742 3115040
5892 5891655 5891444
5713 5712626
3350 3349145
2391 2390229 2390574 2390840
3417 3416118 3416988 3416503 3416234
598 597425 597077
1245 1244744 1244970
5448 5447685 5447666 5447084
1860 1859635 1859966 1859052 1859931
3733 3732062 3732317 3732556 3732626
3927 3926962 3926913 3926530 3926716
168 167967 167357 167716 167675
32 31402
4056 4055452 4055625 4055046 4055628
1502 1501701 1501114 1501733 1501013 1501803
4682 4681848 4681396
1740 1739182 1739978
4372 4371453 4371039 4371868
5345 5344942
1808 1807763 1807227 1807744
4548 4547228
2381 2380559 2380546 2380983
3132 3131401 3131901
885 884548
4628 4627181 4627067
75 74510 74759
2819 2818190
2518 2517528 2517699 2517896 2517355 2517840
3482 3481922 3481775 3481113
1676 1675518 1675216
875 874317
2399 2398823
1861 1860735 1860785
6377 6376081 6376452 6376888
5203 5202219
2832 2831903 2831986 2831511 2831500 2831236
1557 1556941
2150 2149862 2149829
263 262351 262162
8 7316 7082
3088 3087086 3087414 3087601 3087641 3087005 3087633 3087319
1510 1509318 1509587
6215 6214900 6214290
3287 3286978 3286670 3286780 3286181
3094 3093064 3093739
526 525171 525993 525873
4758 4757220 4757467
5756 5755218 5755389 5755269
4798 4797825 4797906
4318 4317956 4317779 4317182 4317819
414 413640 413276 413735 413711 413185 413533 413744
5474 5473506 5473501
396 395209 395891
548 547338 547455 547499
2879 2878745 2878415 2878305 2878192
2516 2515463 2515905 2515586 2515393
4603 4602744 4602376 4602574 4602900
733 732478 732436
568 567489 567555
2149 2148522
2951 2950806 2950879 2950182 2950984 2950325
5656 5655952 5655295 5655249 5655067 5655452 5655419 5655594
6106 6105992
5308 5307115 5307642 5307734
955 954301 954489 954405
3149 3148556 3148790 3148219
1320 1319951 1319623
290 289936 289450 289874
4102 4101604
4148 4147949 4147665 4147725
3951 3950930
3239 3238744 3238530
4565 4564853 4564247
3532 3531726 3531472
3084 3083244 3083366 3083968
3940 3939876 3939065 3939536 3939147 3939375 3939951 3939808
5038 5037362 5037554
2077 2076489
4675 4674982 4674752
4796 4795946 4795026
5177 5176339
3055 3054820 3054891 3054854 3054246 3054402 3054770 3054558
5991 5990134 5990990
843 842030 842652
4699 4698812 4698796 4698280
2508 2507081 2507154
5733 5732697
2202 2201827 2201010 2201738 2201637
4469 4468095
3119 3118040
618 617531 617371 617211 617958
1020 1019865 1019115 1019286
5133 5132350 5132986
2108 2107413 2107535
2550 2549778 2549882
3682 3681648 3681205 3681614 3681870 3681917
1119 1118432 1118986 1118500
1596 1595080 1595202 1595770
5562 5561553 5561447
6359 6358508 6358239 6358005
4753 4752113 4752367 4752193
2132 2131793
662 661540 661734 661025 661550
3634 3633609 3633655 3633694
957 956401 956744 956115 956726
3950 3949518
6341 6340316 6340548
1087 1086655
3359 3358882 3358681
1268 1267529 1267115
4936 4935844 4935696
193 192016 192429 192152 192438
1250 1249695
3995 3994627 3994222 3994557
4354 4353914 4353909
2551 2550220
3708 3707628 3707774
4057 4056673 4056988
1459 1458948 1458821 1458936 1458077 1458227
2208 2207630 2207736 2207602
1755 1754645 1754613 1754144 1754564 1754912
5231 5230386 5230965
4064 4063228 4063745
2627 2626171
1190 1189757 1189656 1189500
1813 1812678 1812738 1812229 1812414
2964 2963110
3336 3335391 3335058
2609 2608753 2608714 2608403
6240 6239371 6239564
1906 1905401 1905698
5446 5445190 5445193 5445738
1704 1703547 1703108
2581 2580560 2580171 2580536
1893 1892945 1892302 1892558
4340 4339323 4339478 4339819
5009 5008134 5008374
2207 2206872 2206397 2206214
264 263907
2743 2742169 2742240 2742220 2742502
870 869725 869258
2901 2900233
5704 5703431
3568 3567754
1916 1915295 1915045 1915205
5793 5792143 5792368
2071 2070589 2070193
6222 6221403 6221996 6221881 6221858 6221524
3899 3898051 3898636 3898373 3898893 3898957
4887 4886681 4886788 4886264
2054 2053388
3993 3992643 3992554 3992941 3992639
4264 4263063 4263958 4263064
3921 3920988 3920500 3920112
527 526160 526653 526357
3844 3843116 3843205 3843415 3843016
4733 4732112 4732300 4732404
5608 5607530
5476 5475608 5475811 5475794
6157 6156773 6156972
4536 4535531 4535427 4535530 4535292 4535324
3292 3291760
3176 3175525 3175113 3175144
3868 3867190 3867472 3867604
183 182220
2530 2529076 2529375
6163 6162087 6162043 6162303
5458 5457301
2669 2668052 2668384 2668599
3660 3659152 3659866
1839 1838144 1838722 1838025
2287 2286889 2286509 2286354
4883 4882331 4882656
582 581129 581206
5069 5068036 5068737 5068070
2310 2309240
2039 2038846
144 143064 143943
2758 2757604 2757286 2757579
3150 3149852
1872 1871504
1980 1979402 1979238 1979081
1216 1215769 1215947 1215433
4621 4620038 4620666 4620248 4620672
4990 4989064 4989548 4989729
5442 5441397 5441912
3960 3959435 3959824 3959994 3959309
3666 3665696 3665963
410 409281
4748 4747276 4747991 4747860 4747540 4747722 4747045
2044 2043463 2043669
4942 4941763
6170 6169162
6271 6270824 6270333
4752 4751771 4751868
4698 4697135
6001 6000651 6000890
2748 2747674 2747902 2747010
5424 5423376 5423934
1244 1243954
6376 6375658 6375920 6375712
3182 3181059
2753 2752961
2955 2954475
3533 3532349 3532984 3532224
148 147289
5597 5596526
2006 2005352 2005158 2005976 2005645
3473 3472828 3472562 3472793
6196 6195823 6195206
3027 3026658 3026997 3026283
110 109991 109225 109569
2768 2767503 2767108 2767843
2919 2918880
175 174307 174626
4359 4358368 4358760
3550 3549880 3549495 3549676
2597 2596294
5111 5110321
4142 4141809 4141803 4141109 4141531 4141643
3060 3059586 3059939 3059311 3059365
1406 1405224 1405672
5255 5254742 5254111 5254869
1011 1010062 1010390
2997 2996400 2996573 2996533
1287 1286194 1286051
4014 4013397 4013367 4013875
4555 4554473 4554568 4554978
1890 1889718
3989 3988139 3988699
962 961408 961012 961342
4761 4760181 4760792
4890 4889592
552 551875 551640
3668 3667850 3667012 3667423
6118 6117046
512 511391
310 309348 309152
715 714115
4541 4540656 4540625 4540024
1272 1271972 1271330 1271710 1271869
2922 2921401 2921368
1276 1275072 1275444
6280 6279276 6279070
4545 4544739
2506 2505940
5284 5283230 5283972
5759 5758780 5758198
4136 4135784 4135746 4135517
1514 1513182 1513312 1513886 1513851
6122 6121550 6121754
2763 2762181
6109 6108399
4295 4294058 4294892
3269 3268215 3268750
4880 4879517 4879082
4496 4495711
5406 5405519 5405346 5405329
5141 5140349
1597 1596996
2617 2616016 2616153
1043 1042386
5337 5336718 5336812 5336705
2288 2287206 2287668
222 221788 221423
5889 5888005
1024 1023628 1023982 1023595 1023872
805 804551 804035
2776 2775807 2775503 2775651
5384 5383870 5383491 5383739
3639 3638972 3638379
5885 5884287 5884593
3020 3019048 3019635
2407 2406243 2406280 2406364
2103 2102279 2102348 2102486
195 194486 194169 194352 194702
2952 2951807 2951431
813 812962
6286 6285372 6285199
4745 4744028 4744760 4744738
4898 4897326 4897685 4897378
2403 2402374 2402848 2402024 2402373 2402052
931 930352 930609
1629 1628947
6340 6339946 6339654
3684 3683690
140 139904 139063 139614 139373 139043
858 857080 857501
1564 1563482 1563099 1563269
3988 3987234
2827 2826329 2826376
553 552651 552603
2176 2175968 2175399
6140 6139494 6139695
5552 5551653 5551255 5551347
609 608804 608153
402 401222
1991 1990981 1990638 1990039
2058 2057621 2057525
1856 1855077 1855862 1855878 1855477
2574 2573493 2573390 2573279 2573363
5744 5743840
3323 3322735 3322409
5962 5961708
4477 4476193 4476995 4476996
4003 4002209 4002681
1529 1528961 1528577
3270 3269051 3269687 3269405 3269381
4186 4185805
315 314953 314790
2865 2864965 2864095
1475 1474936
6049 6048219 6048369 6048772 6048234 6048397
3346 3345671 3345329
2353 2352635 2352644 2352408
2019 2018648 2018319
2338 2337659 2337541
5023 5022524 5022838
4837 4836086 4836862
5549 5548386 5548495
5513 5512707
1848 1847113 1847375 1847630 1847128
5966 5965974 5965732 5965326
1636 1635091
3461 3460522 3460692 3460734 3460735
1718 1717445 1717942
3883 3882464 3882674 3882412
1908 1907787 1907369 1907511
5524 5523254
3713 3712535 3712446
1228 1227016
1526 1525949 1525216
312 311478 311507 311326 311246
1044 1043040 1043985 1043162 1043967 1043552
4271 4270005 4270837 4270803
5926 5925193 5925402 5925214 5925667
112 111818 111058
2197 2196039 2196283 2196334 2196819 2196665 2196298 2196820
3237 3236472
4769 4768238 4768016 4768767
533 532516 532290
2648 2647046 2647112
4494 4493385 4493408 4493715
6387 6386439 6386943 6386704 6386111 6386329
1715 1714721 1714067
1977 1976108 1976971 1976685
1684 1683856 1683233
1989 1988333 1988484 1988942 1988921
4794 4793312
705 704632 704404
4134 4133868
2640 2639426 2639143
2718 2717247 2717503
1735 1734921
2139 2138525
1359 1358502 1358803 1358555 1358791
3715 3714088 3714113 3714715
3625 3624500 3624142
3341 3340067
2185 2184305 2184500
2210 2209693 2209903 2209075
5621 5620198 5620970 5620103
1840 1839219 1839868 1839480
1214 1213748 1213318
4212 4211128 4211613
1520 1519005 1519087 1519157 1519764 1519369
878 877463
3849 3848086 3848404 3848717 3848450 3848393 3848279
5134 5133346 5133785 5133035
5913 5912352 5912754 5912075
2595 2594751 2594855
181 180373 180845
1047 1046689 1046160 1046668
1954 1953434 1953571
4629 4628276 4628438
5639 5638081 5638288
4973 4972348
5194 5193397 5193356 5193817
2432 2431694 2431687
4146 4145590
5931 5930325
6227 6226636
3260 3259632 3259031
2878 2877108 2877026
820 819695 819152 819953
5113 5112994
1448 1447200 1447464 1447745
975 974588 974358
1490 1489434 1489238
2593 2592149
3676 3675905 3675443 3675076 3675669
1232 1231736
4414 4413750 4413248 4413809
824 823751
1203 1202798 1202926
3839 3838162 3838945
3735 3734248 3734529
4551 4550916
3113 3112381 3112593 3112387 3112374
5278 5277824 5277687
1155 1154830
2556 2555621 2555773 2555826 2555502
3127 3126197 3126595 3126273
2400 2399038 2399698
5508 5507097 5507951 5507269
3333 3332088
4400 4399434
2266 2265724 2265857 2265381
814 813268 813486
3200 3199112 3199811
4838 4837498
4485 4484629
1606 1605373 1605810
4204 4203390 4203386 4203952 4203864
2969 2968847 2968538
5044 5043452 5043251 5043357
5055 5054549 5054612
5574 5573401 5573821 5573226
1380 1379838 1379936 1379334 1379298
5475 5474348 5474091
5011 5010070
3825 3824707 3824751
5486 5485205 5485035 5485412
770 769045 769454
5627 5626553
2702 2701744 2701333 2701491 2701478
3441 3440452 3440490
5895 5894737 5894421 5894070
3015 3014036 3014964
4884 4883162
2427 2426072 2426095
5383 5382158 5382907 5382443
4488 4487435
3016 3015998 3015756
5748 5747445 5747078
4915 4914964
1637 1636501
1385 1384091
6385 6384766 6384446
5210 5209184
1721 1720277 1720221
2754 2753633 2753909
3366 3365249 3365569
3392 3391379 3391410 3391572
3613 3612563
623 622601 622491
1618 1617849
2746 2745080 2745264 2745707 2745417
3242 3241757 3241596
79 78988 78820 78686
2960 2959463 2959762
3089 3088051 3088557
5314 5313152
260 259522
1927 1926251
938 937667 937821 937449 937699 937246
5582 5581564 5581112 5581352 5581600
4281 4280206 4280880 4280369
1084 1083381 1083004
6040 6039812
2410 2409886
2374 2373232 2373790
1781 1780817 1780578 1780729
658 657596 657750
4266 4265814 4265338
1148 1147981 1147232 1147612 1147220 1147180 1147752
4326 4325874 4325162
1338 1337797 1337215
2822 2821542 2821612 2821352
1304 1303270
2417 2416144 2416388
1023 1022385 1022809 1022564
4885 4884089 4884496 4884615
3229 3228472 3228488 3228507 3228498
1215 1214329 1214182 1214535
2715 2714812
2677 2676161
980 979707 979863 979090
5904 5903217 5903066 5903423 5903276 5903524
3128 3127532
972 971144 971216 971942
797 796192 796492
5859 5858076 5858921 5858205 5858566
2198 2197138 2197616 2197806
442 441852 441057
3388 3387698 3387053 3387016 3387547
6248 6247350 6247769 6247694
270 269040
5594 5593486 5593354 5593444 5593237
1207 1206739 1206467
3205 3204974 3204202 3204070
3856 3855760 3855831 3855635 3855309
383 382674
1547 1546381 1546802
3529 3528390 3528945 3528370 3528570
2447 2446219
5326 5325636 5325823 5325816
3261 3260429 3260077 3260319 3260636
2033 2032357 2032808
72 71986 71714 71315
485 484591 484780 484454
2061 2060233 2060079
92 91527 91716 91445 91770
3785 3784317 3784711 3784088
4703 4702369 4702279 4702808
3057 3056844 3056989
1438 1437900 1437535
4239 4238162
1017 1016192 1016438
1689 1688225
5604 5603968 5603700 5603651 5603941
6105 6104620
1457 1456071
6317 6316459 6316895
5893 5892311 5892380 5892890 5892402 5892734
1198 1197297 1197843
2844 2843065 2843077
3289 3288198
1217 1216953 1216601
6007 6006108 6006712
5412 5411372
1884 1883946 1883454
5742 5741095 5741500 5741831
2890 2889287 2889268
5159 5158293
2349 2348305
6362 6361663 6361304 6361152 6361528
4809 4808746 4808257
3657 3656650 3656348 3656397
1873 1872316 1872010
4825 4824611 4824666
4219 4218036 4218308
395 394246 394998
2881 2880240
3374 3373913 3373969
3552 3551356
2279 2278520
2401 2400206 2400303 2400636
2105 2104950
821 820248 820152
3629 3628052 3628405 3628632 3628646
1118 1117182 1117342
1544 1543688
5596 5595836 5595372
3453 3452109 3452917 3452026 3452703
6095 6094283 6094240 6094181
5222 5221580 5221554 5221982 5221391
5938 5937989 5937575
3483 3482725 3482087 3482612
5849 5848036 5848598 5848590
5728 5727622
2959 2958233 2958822
1841 1840625 1840367
4165 4164553
3101 3100113 3100866
1223 1222704 1222238
3406 3405206
2797 2796692 2796457
4696 4695281 4695328 4695341
5765 5764066 5764072
3136 3135843
1470 1469463 1469026
5869 5868407 5868086
5365 5364091 5364220 5364586
1107 1106597 1106980
5425 5424113
3872 3871780 3871139 3871229
1783 1782462
2884 2883717 2883532
1985 1984747 1984145
4762 4761256 4761789
1184 1183584 1183529 1183902
5794 5793874
1775 1774107
6368 6367089 6367322 6367393
3518 3517489
4113 4112302
4451 4450797 4450541 4450162
5327 5326048
3291 3290376 3290864 3290717
2957 2956972 2956397 2956809
5886 5885334 5885517
2274 2273647 2273811
2586 2585875
3665 3664064 3664168 3664081
6152 6151498
5216 5215852
3436 3435822 3435673
4642 4641064 4641344 4641081
4468 4467064 4467943
4918 4917244
3487 3486242 3486144 3486900
983 982500 982162 982576
4757 4756072 4756181 4756655 4756985
31 30745
1843 1842812 1842108 1842240 1842327
2724 2723206 2723843 2723239 2723408
5876 5875647 5875502
3379 3378826 3378290 3378197
5882 5881190
3152 3151844 3151754 3151520
1998 1997244 1997542
4598 4597614 4597438
1732 1731332 1731077 1731427 1731150 1731546
4914 4913777 4913650 4913862
235 234181 234800
1080 1079684 1079946 1079586
5843 5842398 5842026 5842933 5842714
2188 2187700 2187078
1076 1075430 1075184 1075652 1075075
3120 3119597
4985 4984032 4984343
3160 3159737 3159474
4305 4304926
1500 1499451 1499489 1499075
1900 1899636
2643 2642447 2642566 2642909
5584 5583987 5583007
4847 4846842
2667 2666497 2666568
5318 5317872 5317472
1353 1352813 1352146 1352843 1352638 1352601
5217 5216929 5216094
4420 4419710 4419076
4363 4362614 4362565 4362081 4362275 4362877
4777 4776875 4776025 4776193
4952 4951537
1889 1888205 1888894
3519 3518164 3518016 3518977
4303 4302995 4302302
4080 4079192
5550 5549236 5549353 5549150 5549586
1496 1495409 1495605
4443 4442063 4442751
4778 4777355
2552 2551089 2551240
5435 5434831 5434043
5229 5228350 5228868 5228625
6005 6004370 6004455
5541 5540953 5540255
573 572316 572053
3566 3565632 3565427
4328 4327114
5899 5898910 5898762
1150 1149807 1149907 1149209
5850 5849443 5849111
1931 1930375 1930832 1930711
2323 2322218 2322813 2322431 2322550 2322393 2322192
5705 5704469
1431 1430229 1430897 1430043
5336 5335040
1013 1012675 1012247
3912 3911219 3911989 3911088
3347 3346547 3346004 3346867
1503 1502257 1502858
1770 1769450 1769932 1769164
5106 5105861 5105070 5105961
3326 3325676 3325523 3325444
4391 4390197 4390006 4390674
213 212209 212462
1271 1270964 1270595
2944 2943700 2943342 2943823
1942 1941934
5571 5570734 5570748 5570429
1771 1770847 1770948
4833 4832032 4832296
4521 4520330 4520113 4520153
4643 4642899 4642877 4642423
3887 3886497 3886102 3886899
4023 4022154
990 989198 989418 989496 989618 989687 989415
556 555969 555783
1344 1343295 1343935
3165 3164066
3559 3558825 3558005 3558576
2073 2072128 2072788
3407 3406325 3406590
4287 4286482 4286886 4286736 4286737
244 243183 243173 243369 243504
966 965845 965907 965464
3276 3275182 3275607 3275228
1282 1281220 1281863 1281635
4117 4116714 4116750 4116004
6037 6036194
3497 3496966
3540 3539811 3539108 3539900
3397 3396185
3161 3160916 3160163 3160855 3160107
4561 4560219 4560866 4560338
4925 4924237
2157 2156674 2156150
5008 5007907 5007823 5007474
2422 2421460 2421053
3797 3796640 3796060 3796674 3796832 3796401
1412 1411737 1411454 1411307 1411619 1411413 1411902
5072 5071984 5071026 5071698
3293 3292193 3292993
6342 6341309 6341038
2495 2494311
3748 3747725 3747891 3747709 3747874 3747553
2976 2975501 2975128
6335 6334199 6334860
13 12171 12862
2000 1999860 1999473 1999946
5730 5729647 5729349 5729996
5631 5630751 5630048
2074 2073082 2073348
2078 2077067 2077969 2077728 2077876
3619 3618966
5763 5762296 5762048
2296 2295534 2295903 2295147 2295741
3434 3433144 3433759
5591 5590771 5590794
2940 2939609
855 854401
5118 5117186
1682 1681185 1681370
1113 1112963 1112202 1112129 1112829
5577 5576839 5576162
2790 2789462
3079 3078924 3078731 3078630
5942 5941552
1225 1224561 1224244 1224880
3031 3030158 3030647
4337 4336837 4336031
5332 5331863 5331600 5331651
4174 4173734 4173948 4173362
2483 2482160 2482076
5441 5440154 5440113 5440558 5440396
5236 5235293 5235755 5235492
3108 3107703 3107781 3107754 3107154
3919 3918205 3918066
3612 3611026
2770 2769735 2769030 2769941 2769385 2769751
3197 3196287 3196669
4590 4589919 4589351
3479 3478518 3478064 3478245
4583 4582797
5335 5334192 5334168 5334613
2453 2452040 2452103 2452108
5554 5553646
4525 4524690 4524107 4524109
576 575976 575611
4902 4901811 4901315 4901225
1645 1644410 1644356 1644971
1506 1505889 1505394 1505433
3002 3001791 3001236 3001875
3174 3173780
1592 1591700 1591961 1591353 1591108
176 175753 175693 175446 175754
1425 1424954 1424547
279 278949 278649
5091 5090675 5090236
1187 1186813 1186116 1186793
3259 3258257 3258109
3315 3314738 3314830 3314194 3314108
3553 3552407 3552618
1125 1124048 1124102 1124236 1124193 1124543
4176 4175087
6077 6076081
4998 4997090 4997329
1518 1517964 1517800 1517621 1517947
3737 3736658
2965 2964814 2964995 2964653 2964618
1168 1167768 1167062
4892 4891867 4891063 4891650
4093 4092108 4092460
612 611766 611228
3558 3557204 3557107 3557057 3557604
563 562090
3663 3662454 3662501
3135 3134338 3134264 3134182
3274 3273302 3273858
3080 3079043 3079579
3369 3368525 3368628
1347 1346337
595 594775 594533 594763
2336 2335300 2335026
4429 4428890
2531 2530026 2530372 2530591 2530352
6372 6371968 6371108
2528 2527982 2527705 2527818 2527947 2527128
2229 2228605 2228265
1815 1814559 1814909 1814736
96 95804 95466
4070 4069003
3024 3023531
4704 4703543
4513 4512118 4512561
2299 2298535 2298451 2298199
2887 2886195
5896 5895649 5895732 5895741
774 773902 773475
394 393741 393229 393394
6302 6301424 6301713 6301719
2665 2664699 2664286 2664698 2664705 2664652 2664492
6331 6330945 6330776 6330825
3793 3792032 3792021 3792530 3792785 3792064
5219 5218517 5218117
2167 2166161 2166042
4046 4045247 4045632 4045975
2781 2780845
1681 1680540 1680217
2155 2154701 2154463
311 310601 310996
4118 4117703 4117270 4117452 4117789
3909 3908531 3908499 3908911 3908139
3365 3364379 3364755 3364897
5467 5466198 5466693 5466751 5466328
5888 5887164 5887716 5887649 5887653
2364 2363689
528 527558 527446
2602 2601192
3321 3320766 3320983 3320955
5725 5724404 5724920 5724832
3423 3422759 3422099 3422031
376 375444
4876 4875957 4875756 4875111 4875202 4875211
3371 3370964 3370982 3370461
4418 4417053 4417648 4417181
6350 6349235 6349615
2135 2134326 2134217
4017 4016460 4016854 4016363
3539 3538725 3538396
3534 3533973 3533107
2280 2279192
1806 1805816 1805428 1805970
6178 6177695
4122 4121502 4121665 4121836
4394 4393450 4393414
5922 5921419 5921725
4141 4140347
4175 4174628 4174497
6266 6265924 6265211
2917 2916088 2916297
1871 1870144
5874 5873570 5873575 5873144
1022 1021838 1021896
6197 6196444 6196287
245 244311 244640 244010
3695 3694326 3694216 3694931
2642 2641609
1339 1338601 1338675 1338482
5081 5080533 5080770 5080468 5080004
1453 1452746 1452168 1452701
5036 5035585 5035115
5709 5708145
5322 5321144 5321440 5321805
4723 4722013
2553 2552450 2552145
197 196296 196601 196982
38 37950 37548 37235 37585
5937 5936312 5936012
5025 5024582 5024111 5024644 5024947 5024880
2365 2364339 2364360 2364642
3099 3098859 3098024
2645 2644200 2644547 2644049
3118 3117397 3117063
5342 5341137
4065 4064580 4064695 4064498
4530 4529488 4529220
4654 4653771
305 304756 304245 304218 304695
1348 1347209 1347897 1347369
5186 5185552
5595 5594565 5594197
3389 3388750 3388424 3388944
5875 5874708 5874089 5874472
4248 4247441
4139 4138960 4138386 4138703 4138279
1670 1669954 1669651 1669557
5394 5393654
2203 2202464
2143 2142869
915 914355 914024
3405 3404144 3404435
5982 5981220
6353 6352079
6113 6112448 6112977 6112171
4975 4974564
3675 3674556 3674518
2785 2784154 2784067
3947 3946781
4458 4457005 4457328
2322 2321953 2321495
5071 5070319 5070607
3884 3883043 3883251 3883745
4916 4915210 4915896 4915705
6257 6256152 6256746
3035 3034317
830 829771 829783
3193 3192679 3192369
1388 1387091
4852 4851463 4851718
1346 1345564 1345978 1345026
4611 4610943 4610243 4610365 4610112
5479 5478066
5502 5501732 5501242 5501725 5501213
1319 1318052 1318040
2079 2078536 2078242 2078229
3776 3775611 3775016
2369 2368218
5413 5412269 5412938
3918 3917660 3917913 3917036
4588 4587700 4587583 4587142
5816 5815997 5815700 5815512
2929 2928566 2928820 2928837 2928063
5546 5545406 5545080
6174 6173380 6173215 6173257
4735 4734564 4734584 4734819
4840 4839281 4839003
184 183873 183108
6218 6217252 6217411
3048 3047944
3891 3890429 3890626
615 614824
5014 5013053 5013650
3965 3964258
2833 2832651
3039 3038805 3038109 3038476
5939 5938828 5938922 5938248
2402 2401474 2401806
4140 4139232 4139727 4139016
3838 3837004 3837562
6008 6007070
6305 6304624 6304302
3133 3132113 3132962 3132754
6391 6390807 6390510
1466 1465064 1465194
5961 5960786
5166 5165631 5165430 5165533
2809 2808467 2808397 2808814 2808171
2872 2871111 2871431 2871837 2871725 2871311 2871795
2301 2300690 2300971 2300671 2300108
1335 1334063
5178 5177626 5177825
4799 4798354 4798112 4798546
6006 6005687
4775 4774209 4774256 4774559
1795 1794211 1794557
5682 5681904 5681043 5681952
4646 4645512
3019 3018072 3018244 3018659
6179 6178251 6178202
4795 4794303 4794367
2973 2972867 2972741 2972798
2246 2245265 2245374
1422 1421077
839 838952 838552
1595 1594803 1594613 1594805 1594428
840 839949 839809 839672
4721 4720827 4720753 4720603
4634 4633775 4633623 4633064
6279 6278448 6278204 6278801 6278909
4364 4363885 4363339 4363750
1959 1958207 1958906 1958334 1958464
3112 3111756 3111324 3111369 3111846 3111013
619 618204 618447
5798 5797807
3115 3114279 3114102 3114964 3114697 3114150
1700 1699799 1699561
6065 6064242 6064617
2362 2361851 2361152 2361739 2361532
4112 4111908
4866 4865462 4865410 4865731 4865206 4865418
1728 1727228 1727624
4152 4151552
4955 4954088 4954038 4954321
408 407534 407722 407921
3792 3791353 3791048
5997 5996215
5916 5915311 5915258 5915415
3834 3833500 3833257
266 265182 265482
1508 1507923 1507812 1507863
3402 3401162 3401536
1480 1479024 1479542 1479855
6250 6249768
2906 2905966 2905026
2249 2248648 2248235
1583 1582529 1582361
2363 2362725 2362199
2871 2870699 2870197 2870095
3671 3670719 3670708 3670209 3670517
27 26434 26408 26910 26926
2904 2903136 2903638
768 767352
5249 5248708 5248494 5248689
5182 5181391 5181973
755 754824 754828
1010 1009537
597 596989 596534 596802
2421 2420607
4604 4603139
3283 3282270 3282375 3282154 3282581
4282 4281892 4281298
3028 3027429 3027857
3390 3389102
5651 5650604 5650032 5650434
1613 1612759
758 757356 757102 757340 757250
1365 1364005 1364698
4819 4818351 4818264
4021 4020086 4020215
1632 1631968
5408 5407967 5407522 5407725 5407633
3134 3133740 3133869 3133415
856 855505 855693
1614 1613108
4829 4828538 4828665 4828103
4690 4689872 4689010 4689035 4689198
5086 5085343
1056 1055004 1055979 1055103 1055311 1055517 1055636 1055687
1654 1653045
4164 4163947 4163690
2431 2430351 2430279
6309 6308447 6308354 6308286
6138 6137584 6137348 6137718
5803 5802646 5802488
5124 5123918 5123064 5123171
5557 5556907 5556859
2137 2136343
969 968966 968077 968283
203 202764 202031
4739 4738770
4307 4306258 4306248
3617 3616053 3616962
641 640548 640111 640440
1968 1967758 1967215 1967233 1967253 1967849
3439 3438433 3438405
2687 2686372 2686338 2686666
1200 1199142 1199387
3139 3138928 3138863 3138750
6133 6132652 6132386
3095 3094529
2023 2022905
246 245058 245262
2420 2419109 2419326
3640 3639025 3639953
6111 6110192
6322 6321006 6321973 6321548
5515 5514367 5514571 5514701
5658 5657990
3994 3993897 3993970 3993910
3506 3505025
6323 6322324 6322409 6322315
1733 1732842
4744 4743389
4338 4337072 4337707
5191 5190711 5190941 5190066
6339 6338628
5377 5376420
3082 3081378 3081870 3081788
3151 3150115
377 376467
5205 5204587 5204359
4465 4464701 4464502
5633 5632278 5632201
5426 5425262 5425837 5425017 5425647 5425904
251 250586
1345 1344115 1344928
2436 2435257 2435801 2435546 2435304
534 533719 533045 533973 533113 533502 533793
3414 3413736 3413531
699 698444
5068 5067675
1849 1848334 1848540 1848532
1179 1178395
3791 3790420
5407 5406844
6355 6354936
6246 6245046 6245330
5576 5575740 5575258
1434 1433431
1259 1258080 1258928 1258190 1258434
1584 1583865 1583560 1583995
3934 3933240 3933312 3933139
864 863783 863142
2707 2706971 2706846
2012 2011509 2011113 2011499 2011983
6004 6003527 6003412
4702 4701789 4701538 4701209 4701415 4701659
1877 1876323 1876470
3313 3312632 3312817
5770 5769597 5769253
4888 4887643 4887246 4887952
4859 4858991 4858229 4858247 4858086
532 531969 531572
3303 3302470
4115 4114868
7 6492 6063 6586 6857 6826
4526 4525276 4525406 4525162 4525715
3780 3779687 3779078
2486 2485072 2485185
1851 1850671
6338 6337609
2818 2817917
3772 3771881
139 138953 138072
6158 6157562 6157292
5330 5329040 5329612
5717 5716186 5716234 5716121
1067 1066275 1066835 1066920 1066819
3574 3573943 3573738
5279 5278279 5278534 5278684
5747 5746116 5746710
819 818563 818231
4596 4595063
2968 2967920 2967725 2967398 2967329 2967152 2967343
986 985868 985821 985748
6169 6168219 6168501 6168325 6168855 6168741
4508 4507150
704 703088
2241 2240273 2240998
3956 3955090 3955742
4972 4971979
5414 5413593 5413590 5413725 5413908 5413413
1129 1128995
4649 4648535 4648480
492 491197 491251
3219 3218432
5579 5578710
1994 1993540 1993238
5263 5262144
3962 3961167 3961374 3961624
2196 2195938 2195598 2195031 2195878 2195016
4373 4372247 4372753
860 859825
4812 4811542 4811022
2497 2496564
1545 1544232 1544877
1091 1090012 1090532
1864 1863036 1863652 1863478
1075 1074433 1074735
5533 5532925 5532283 5532697
4627 4626371 4626333
902 901939
1967 1966892
5340 5339945
1656 1655198 1655823
2731 2730866 2730845 2730527
643 642113 642769 642341 642035
2380 2379538
6047 6046736
5300 5299145 5299814 5299429
3604 3603985 3603114
185 184262
6194 6193063 6193226 6193058
5398 5397974
4947 4946670 4946918
1307 1306802
1145 1144490
2852 2851693 2851043
1464 1463791 1463752
4344 4343307 4343475
2688 2687993 2687862 2687078
4332 4331040 4331882 4331899
4750 4749500 4749187
78 77982
5138 5137496 5137619
1979 1978973 1978875 1978559 1978072
2209 2208088
3848 3847963
1696 1695041 1695989 1695043 1695112 1695804 1695330
2009 2008934 2008936
5767 5766590 5766636
3300 3299099 3299640 3299128
2594 2593846 2593691 2593754 2593946
2355 2354090 2354630 2354354 2354362
5290 5289731
1710 1709884 1709932 1709644 1709900
5868 5867819 5867439 5867472 5867660 5867076 5867946
2760 2759016
4030 4029367 4029304
3106 3105711
1369 1368053 1368650 1368871
3978 3977577 3977985
6074 6073834
3573 3572816
1743 1742221
2485 2484969 2484724
5392 5391553
6363 6362922 6362534 6362488 6362746
2867 2866606 2866523
3933 3932067
4730 4729840
1585 1584066
4897 4896558 4896162
5043 5042397 5042064
3246 3245044 3245488
1665 1664287 1664220
531 530158 530750
4841 4840883 4840035
2660 2659618 2659186
742 741289 741298
6386 6385829
3110 3109596 3109072 3109982
397 396229
4445 4444634
6168 6167519 6167736
970 969359
4725 4724682 4724949 4724385
1476 1475533 1475718
5978 5977688 5977978
4572 4571615
163 162874
4787 4786244 4786343 4786713
438 437222 437116
4008 4007480 4007048
6392 6391965 6391520 6391984
987 986379 986753
1935 1934223 1934358 1934080
1793 1792162 1792553 1792764
5638 5637936
4934 4933225 4933228
4383 4382160
6238 6237338 6237614 6237792
594 593897 593809 593060
634 633649 633370
4834 4833277 4833414
5497 5496210 5496383
2031 2030087
190 189418
1724 1723393
4610 4609187 4609704
1391 1390779 1390080
4157 4156979 4156012
4878 4877082 4877278 4877318
4635 4634432 4634332
4441 4440275 4440190
4656 4655391
5418 5417645 5417528
9 8109 8525 8128
201 200063 200971
14 13128 13363
3358 3357519 3357970
6019 6018043 6018728 6018848 6018585
1532 1531181 1531364
5884 5883550 5883206
3223 3222965
3828 3827070
2148 2147040 2147639
4608 4607619 4607740
3058 3057471
1387 1386827 1386804 1386719
1331 1330788 1330908
3010 3009066
4681 4680866 4680632
3803 3802128 3802674
5096 5095723 5095108
4358 4357822 4357534
795 794181 794755 794498
3920 3919656
3525 3524725
606 605883 605598
2729 2728230 2728004
5985 5984076 5984379 5984527
34 33431 33211
1012 1011532 1011086
2717 2716665
2765 2764789
2350 2349326 2349844
2803 2802072 2802210 2802316 2802802
1876 1875655 1875782 1875222
3172 3171981 3171606
2063 2062699 2062852 2062497
3892 3891500 3891694
3500 3499225 3499618
1855 1854112 1854223 1854912 1854424
250 249323 249495 249911
5566 5565745
5431 5430825 5430291
2634 2633871 2633388
6033 6032312 6032974 6032069
1831 1830351 1830752 1830133
1486 1485752 1485174 1485496 1485634
4253 4252397 4252577
134 133809 133612
5334 5333312 5333225 5333193
4244 4243288 4243612
5427 5426006 5426752 5426291 5426879
6190 6189147 6189379 6189972
3196 3195259 3195511 3195351 3195187
5316 5315876
4474 4473164
4172 4171058 4171503 4171952
1642 1641560 1641043
3672 3671931 3671275
2970 2969197 2969633 2969539
2359 2358048 2358356 2358662 2358984
6062 6061417 6061746 6061723
208 207365
5390 5389444 5389287
3647 3646505 3646595 3646946
1050 1049981 1049990 1049401 1049594
6195 6194344
6220 6219782
5583 5582770
923 922452 922444 922834 922863
861 860948 860342
852 851154 851428
2958 2957118 2957656 2957978
5664 5663006
4058 4057573 4057904 4057815
631 630949 630986
380 379897 379714
4163 4162500
3869 3868536 3868193 3868906
3805 3804454 3804967 3804756
1018 1017463
1055 1054064 1054608
4720 4719312
5157 5156727 5156885
1686 1685347 1685181 1685492 1685280 1685806
4438 4437326 4437251
3280 3279640 3279286
4195 4194535
1723 1722099
4620 4619215 4619620
1734 1733270
5653 5652331 5652432
951 950063 950381
2942 2941035 2941749 2941319
4905 4904401 4904010
2326 2325501 2325654 2325825 2325256
1512 1511453
1627 1626765 1626429
2020 2019311
5488 5487785 5487311
4741 4740699 4740851
4181 4180982 4180428 4180470
2825 2824463 2824579
3724 3723662
3334 3333724 3333916 3333847 3333327
2647 2646876 2646375 2646043 2646769
1567 1566218
3285 3284622 3284316
2107 2106577 2106640 2106209
6149 6148236 6148706
3832 3831841 3831996
3345 3344611
3109 3108902
1108 1107264
100 99876
249 248080 248815
5197 5196477 5196627
3514 3513103 3513401 3513980 3513893
4196 4195432
1587 1586396 1586981
1554 1553257 1553036 1553158 1553423
1886 1885196
381 380174 380972 380235
2340 2339902 2339833
6066 6065562 6065697
3281 3280676 3280968
6100 6099721 6099035 6099811 6099533
1538 1537375
5206 5205831 5205113
173 172085 172402 172111 172676
963 962193 962868 962800
4425 4424397 4424108 4424605
4781 4780555
5142 5141623 5141095 5141829
3754 3753111
788 787090 787109
3362 3361052 3361323
2300 2299928 2299394
1673 1672150 1672099
5940 5939077 5939725 5939193
3638 3637697 3637803 3637035 3637818
3916 3915556 3915163 3915595
2390 2389337 2389666 2389207
3858 3857354 3857732
4678 4677257 4677401 4677948 4677351
5397 5396288
621 620221 620693 620678
847 846374 846150
423 422518 422062 422197
1767 1766548 1766164 1766390 1766402
3980 3979496
933 932706 932538
4855 4854429
4528 4527532 4527240
4731 4730095 4730933
2856 2855527 2855448
5936 5935540 5935053 5935667
6357 6356835 6356827
804 803352 803965 803209 803511
807 806338 806860 806505
1937 1936095 1936391 1936091
5304 5303025 5303679 5303956
5386 5385948 5385556 5385567
1460 1459836
1543 1542814
1399 1398953 1398121 1398720
6212 6211062
2926 2925199 2925807
4068 4067058 4067200 4067696 4067949 4067150
4005 4004941 4004536
1847 1846185 1846453 1846086
3230 3229317 3229587
2357 2356935 2356664
3263 3262964 3262323
2714 2713856
944 943016 943032
1761 1760325
4945 4944318
6136 6135441
504 503288 503903 503904
4817 4816620 4816249 4816333
2777 2776248 2776153 2776661 2776161
1896 1895542 1895088 1895973 1895534
5287 5286482
4867 4866040 4866767 4866966
1405 1404729 1404918 1404609
29 28219 28150 28764
2704 2703210 2703928
2083 2082372 2082245 2082128
3025 3024230 3024035 3024984 3024581
6159 6158535 6158518 6158040
3228 3227982 3227791
4653 4652935
3732 3731492 3731112
3496 3495118
3945 3944444
950 949841 949357
1386 1385722 1385004
1296 1295623 1295895
26 25290
3373 3372204
1352 1351753 1351209
5980 5979968
5440 5439186 5439375 5439717 5439330 5439264 5439312 5439726
3072 3071077 3071228
5941 5940628 5940638
743 742719 742408
1693 1692752
6191 6190705
5357 5356196 5356548
6128 6127890
3476 3475632 3475319
5602 5601787
602 601980 601375
4569 4568695
4566 4565635 4565583 4565062 4565316
30 29326 29963
1887 1886211 1886926 1886971
5312 5311538 5311995 5311534 5311330 5311024 5311686 5311905
3915 3914218 3914066
4018 4017107 4017636 4017580
3460 3459326 3459687
1336 1335821
5955 5954780 5954865 5954088
4668 4667382
121 120184 120060
4537 4536625
5277 5276979
252 251063
4506 4505969 4505976 4505377
4933 4932599
2915 2914687 2914251 2914460
4963 4962960 4962013 4962984 4962391
6321 6320385 6320648 6320091
4576 4575677
6114 6113199 6113246
6230 6229102
2168 2167366 2167618
6172 6171063 6171973 6171096 6171830
4623 4622881
4997 4996981 4996586 4996095
5698 5697566
6129 6128097 6128828 6128450 6128845 6128378 6128194 6128584
2435 2434128 2434538
926 925338
882 881790
941 940353 940676 940223 940617 940101
5505 5504154 5504597 5504536
5857 5856617 5856825 5856879
2693 2692934 2692961
793 792193 792958 792754
5403 5402185
1804 1803307 1803911 1803854
1404 1403181 1403072 1403830
5917 5916202 5916621 5916831 5916732
1231 1230883 1230789 1230753
1278 1277263 1277280
342 341742
4345 4344195
5804 5803164 5803218 5803718 5803571
3435 3434553 3434115
2248 2247823 2247969
217 216501 216694 216967
2146 2145944
5259 5258497 5258115 5258147 5258927
3680 3679969 3679539 3679702
2786 2785387 2785087 2785181 2785700 2785744
2991 2990032
1064 1063043
1005 1004942
3670 3669988
3824 3823907 3823078
3509 3508164 3508984
6303 6302244 6302675
1298 1297846
1060 1059200
4676 4675447 4675812
4706 4705719 4705134
5317 5316966
5543 5542024 5542835
1334 1333560 1333297
3000 2999048
350 349736 349926 349129
3961 3960311 3960568 3960948
2445 2444112 2444725 2444899
136 135892
3376 3375969
587 586967
2710 2709171 2709233
1382 1381077 1381327
3469 3468235
1635 1634983
2286 2285737 2285621
4234 4233302
3859 3858722 3858171 3858086 3858320 3858798
2694 2693492
2337 2336726 2336659 2336643
2201 2200495
2171 2170552 2170527 2170825
5449 5448555
5062 5061724 5061444
2253 2252452
1256 1255881 1255401
2126 2125972 2125965
1758 1757914 1757972 1757405 1757975 1757371
6107 6106220 6106672
4031 4030558
506 505251 505302 505220
5727 5726108 5726535
5112 5111451 5111656 5111244 5111654 5111495
3398 3397721
3662 3661370
5517 5516718 5516244
2529 2528644
907 906575 906355 906788
1736 1735058 1735220
1471 1470965 1470756
635 634363 634491
6020 6019825
2163 2162181
4044 4043557 4043522 4043983 4043820
1663 1662158
5102 5101053
1081 1080865 1080518 1080381
6231 6230528 6230574
3004 3003869 3003004
4478 4477410
3688 3687215
5792 5791474
4350 4349454
5153 5152369
5507 5506318 5506075
3601 3600220 3600327
4184 4183656 4183860 4183816 4183154
2713 2712059
2347 2346052
3886 3885961 3885351
1993 1992206
5389 5388529 5388434
371 370927 370318
3575 3574775 3574738 3574960 3574088
4976 4975108 4975869 4975418 4975352 4975496
5453 5452902
3360 3359211
611 610421 610633 610590
1341 1340144
3814 3813653
412 411564 411339 411570
2525 2524044 2524257
3811 3810508 3810589
2971 2970893 2970736
409 408838 408032 408621 408077
5098 5097080
3448 3447898 3447286
4137 4136588 4136044
2949 2948788 2948906
2182 2181242 2181571
5195 5194215 5194849 5194414 5194476 5194532
5686 5685986 5685112
5151 5150174 5150839 5150831
811 810838 810030 810593
5395 5394491 5394872
4863 4862893 4862963
4260 4259562 4259657 4259874
4037 4036697 4036827
657 656632 656173 656924 656836
4926 4925977 4925636 4925433
4435 4434684 4434326 4434730
2294 2293790 2293097
2314 2313146 2313360
2360 2359226
4655 4654606
2293 2292646
773 772641 772040 772424 772063
661 660849
620 619800
3996 3995436 3995951 3995234 3995916
2255 2254939 2254491
796 795626 795955
6102 6101941
6038 6037412
4043 4042911 4042337
2998 2997851 2997981 2997749 2997699
2912 2911209 2911182
2800 2799832 2799777 2799561 2799917
4713 4712881 4712377
2526 2525715 2525786 2525247
3069 3068547 3068332
3577 3576632
6285 6284081
4111 4110392
2060 2059102 2059012
3426 3425714 3425147 3425256 3425899
301 300233 300139
2321 2320012
5421 5420987 5420108 5420869 5420959 5420368
1279 1278182 1278753 1278735 1278565 1278610
4440 4439987 4439911 4439036
3831 3831000
2514 2513395 2513838 2513231
4016 4015635 4015307
3308 3307152
3908 3907912 3907673 3907373 3907045
1573 1572053 1572225
4238 4237638 4237548 4237971
1901 1900003
4505 4504134 4504193
1722 1721472 1721205 1721872 1721198 1721840
3944 3943657 3943348 3943103 3943523
6188 6187812 6187560
2981 2980758 2980343 2980450
1515 1514967 1514066 1514453
3773 3772503 3772406
1028 1027546 1027980 1027312
845 844605
684 683282 683706
1488 1487870
4291 4290739 4290463
304 303328 303496 303868 303693 303973
3520 3519721
5809 5808072 5808558
1932 1931115
3717 3716847 3716193
2632 2631229
6103 6102525 6102116
2708 2707089 2707290 2707740 2707046
6121 6120145 6120582
5908 5907062 5907969 5907822
3801 3800350
659 658214 658820 658121
5972 5971716 5971051
351 350710 350360
1586 1585876 1585949
5099 5098774 5098719
3138 3137611 3137841
3959 3958313 3958016 3958753
2158 2157751 2157111
6365 6364636
2984 2983704 2983003
1695 1694009 1694556 1694369
5233 5232548
3412 3411526 3411418 3411835
3621 3620152 3620617
4771 4770912
2762 2761590 2761221
5013 5012535 5012631 5012503 5012831
1690 1689561 1689376 1689076
6261 6260805
3017 3016618 3016932 3016264
1160 1159039
1934 1933286
6397 6396556 6396769 6396420 6396708
2457 2456087 2456563
5078 5077193 5077441
384 383867 383523 383108 383709
2111 2110031 2110820
599 598379 598980
5829 5828619 5828944
1163 1162369
1097 1096411 1096043 1096038
1066 1065474
6014 6013238 6013215
2233 2232164
4520 4519067
5981 5980400 5980751 5980207
5678 5677076
5126 5125181 5125265 5125851
6126 6125410 6125743
2804 2803536 2803401 2803907
3734 3733386 3733214
2910 2909994 2909954 2909637
3860 3859763 3859416
4595 4594102 4594012
2011 2010651
5950 5949326
2121 2120564 2120556 2120657
3760 3759088 3759532
2285 2284881
3178 3177059 3177986
3997 3996556 3996162
2184 2183095
2936 2935545 2935698
2820 2819580
196 195785 195029
2297 2296377 2296365 2296482 2296004
6032 6031108
4124 4123805 4123405 4123520
5986 5985036 5985372
3579 3578598 3578583 3578938
1230 1229710
4143 4142869
4454 4453882 4453161 4453713
4622 4621788 4621860 4621727 4621485 4621955
226 225294 225438
2624 2623998 2623561
2727 2726506 2726701
4306 4305356 4305199 4305332
1436 1435422 1435831
1507 1506377
4996 4995215 4995198
691 690531 690658
6124 6123368
583 582893 582202 582182
4393 4392103 4392454 4392210
2810 2809468 2809901
3906 3905806 3905194 3905780
4004 4003872 4003560 4003036
3043 3042805 3042218 3042578
1988 1987751 1987705
149 148717 148012
4229 4228272 4228581 4228042
3775 3774107 3774485
2591 2590491 2590232
1796 1795951
4920 4919114 4919244
446 445875 445619 445670 445367 445224 445158
2256 2255852
5769 5768490 5768926 5768839
3447 3446987 3446738
4431 4430740 4430526
2892 2891144 2891164
1926 1925637
5310 5309286 5309630
716 715519
6080 6079724 6079095 6079235 6079747
6379 6378381 6378144 6378385
4300 4299742 4299529 4299573
5132 5131266
2532 2531049 2531584
4716 4715762
854 853502 853423 853852 853600
2342 2341635 2341849 2341580 2341725
652 651642 651616 651366 651131
2470 2469705 2469909 2469531
4273 4272755 4272031
1919 1918971 1918114 1918725 1918760 1918385
3704 3703196 3703633 3703370
6277 6276600 6276255
920 919848 919215
3003 3002410 3002698
4036 4035691
2258 2257992 2257088 2257064 2257464
4473 4472810
3806 3805719 3805343
5246 5245771
4609 4608746 4608591 4608097 4608775 4608264
4779 4778060
352 351577 351251
1590 1589355 1589377 1589012
578 577869
5276 5275631 5275077
2614 2613144
5743 5742525 5742531
4519 4518075
1902 1901628 1901325
1844 1843797 1843199 1843375
2582 2581633 2581501
1746 1745721 1745086
1146 1145622
4278 4277924
2084 2083897 2083309
5909 5908432 5908805
3904 3903386
1328 1327235 1327734
3864 3863005 3863164
1165 1164557 1164351
626 625245 625242 625233
2345 2344634 2344359
5851 5850501 5850513 5850246 5850134
4096 4095112
6361 6360053 6360204
3044 3043221 3043799 3043114
2691 2690207
1445 1444398
5125 5124631 5124488
22 21201 21834 21979
4896 4895102 4895876 4895830
520 519830
4782 4781035 4781370 4781895
2813 2812090
5671 5670599 5670856
158 157397 157428 157628
2545 2544719
5063 5062922 5062666
2956 2955625 2955653
2568 2567228
4801 4800862 4800824
2501 2500461
5523 5522500
5376 5375203
3755 3754758 3754413
2352 2351193 2351979 2351557 2351373
6181 6180827
6110 6109744 6109805 6109111 6109013
6034 6033700 6033821
3637 3636898 3636532
1533 1532425 1532086 1532198
6352 6351032 6351147
2395 2394541 2394250 2394492 2394303
589 588303 588836 588128
5999 5998988 5998657 5998700
4707 4706907 4706153
5183 5182845 5182926 5182325
334 333329 333233 333236
3570 3569618
2711 2710999 2710721
3290 3289646
5724 5723088 5723974
6101 6100089
3815 3814413 3814086
2021 2020341 2020088
6373 6372381 6372368 6372412
3503 3502067 3502012
581 580630 580735 580601 580364 580898 580087 580520
223 222610
50 49945 49661 49572
3926 3925632
3649 3648871 3648858 3648628
629 628723
3882 3881066
4811 4810379 4810075
1623 1622467
309 308903 308461
3383 3382353 3382072 3382788 3382580
3253 3252216 3252199 3252620
180 179841
6075 6074129
1035 1034206 1034076 1034304
607 606628
5358 5357685 5357316 5357098
1633 1632316 1632832
884 883782 883411
529 528106 528220
3987 3986974 3986245 3986600
5100 5099139
3890 3889075 3889318
1807 1806004 1806075 1806181
3903 3902525 3902063
3667 3666950
187 186699 186088
1260 1259956 1259268 1259981
6072 6071218 6071832 6071697 6071044 6071385
4574 4573980 4573771 4573710 4573377
4180 4179931 4179975 4179391
5359 5358823 5358630 5358655 5358470
3866 3865733 3865781 3865282 3865455
1381 1380875 1380297
946 945362 945016 945849
4964 4963781 4963628 4963076
1350 1349026 1349121
1263 1262112 1262210
6009 6008394 6008160
6320 6319397 6319924
2671 2670866 2670865 2670087
1205 1204711 1204264
3922 3921500 3921641
3835 3834527 3834434
5866 5865492
3444 3443072
4020 4019236 4019438
653 652977 652351
2679 2678145 2678611 2678858
3794 3793364 3793766
1624 1623066 1623477 1623279 1623971
2254 2253186
2442 2441390 2441760
3757 3756564 3756694 3756006 3756995
701 700363
5016 5015383
4308 4307674 4307700 4307077
142 141534
800 799337 799144 799642
2138 2137806
1972 1971276
1709 1708062 1708103
2610 2609626 2609305 2609944 2609912
1638 1637194 1637040
490 489224 489108
4481 4480353 4480656 4480429
3247 3246779 3246470 3246878
3103 3102973 3102811
1594 1593746 1593717 1593428
3696 3695752 3695402
5370 5369181 5369420
4600 4599410
5202 5201783
4263 4262472 4262341
5235 5234030 5234091
3705 3704542
4334 4333823 4333870
1708 1707144 1707760
3192 3191492 3191808 3191401
319 318202
2232 2231946 2231016
4567 4566965 4566604
2512 2511462 2511857
5269 5268876 5268833
1622 1621735
3698 3697335 3697615
2419 2418025 2418406 2418553
1923 1922286 1922228
3472 3471218 3471026
2017 2016870 2016217
663 662619 662325 662164
3654 3653184 3653463
4035 4034915 4034529
4967 4966630
2441 2440185 2440948
989 988542
5208 5207268 5207089
2520 2519746
3422 3421567
5171 5170972 5170915 5170022
3071 3070826 3070900
4158 4157114
2015 2014354
6012 6011613
3240 3239650 3239266 3239417 3239684
4218 4217664
3452 3451246 3451939 3451160
336 335380 335427 335333
2191 2190976 2190211
4106 4105035 4105467
5495 5494959 5494081
5028 5027080 5027978
1178 1177352
5902 5901404 5901971 5901318
4893 4892474 4892664
3718 3717505 3717354 3717255 3717183
546 545323
3052 3051038
3626 3625427
4315 4314444 4314087 4314228
5328 5327415
5934 5933218
2464 2463700 2463419 2463005 2463559
431 430548
1941 1940633 1940032
5877 5876200 5876518
4292 4291970 4291321 4291449
1083 1082329 1082707 1082753
2204 2203740 2203627
1745 1744974 1744144 1744198
650 649959 649266
2413 2412370
3244 3243195 3243157
547 546458
817 816184 816145 816327 816911 816226 816701
2438 2437675 2437117
1154 1153775
5827 5826673 5826604 5826655
363 362727
429 428936 428400
4028 4027103
2194 2193114 2193928 2193952
5285 5284404
1853 1852076 1852142 1852973
5477 5476988
2104 2103966 2103304 2103080 2103374
647 646598 646711 646448 646192
1978 1977601 1977458
2187 2186833 2186283 2186423
2428 2427200 2427830 2427603
5603 5602548 5602660
3636 3635226
3183 3182977 3182758
747 746641 746494
5846 5845369 5845908 5845379
5444 5443625 5443682 5443974
4982 4981699 4981860
5070 5069059 5069955 5069066
5468 5467211 5467567
2635 2634351
5212 5211836 5211778
2398 2397305 2397533 2397111
2387 2386550 2386595
2180 2179817 2179333 2179579 2179562
877 876212
2561 2560906 2560532
3424 3423347 3423322 3423785 3423234 3423548
6295 6294974 6294227 6294940
1186 1185273 1185463
5601 5600875
1754 1753044 1753355
5120 5119717 5119972 5119508
3836 3835210
80 79320
6031 6030927 6030532
4279 4278235 4278004
4453 4452414 4452400 4452233
2418 2417196 2417691
1943 1942876
5506 5505690
2082 2081006 2081736
4857 4856696 4856687
4846 4845374 4845999 4845928 4845005
1285 1284200
6203 6202049 6202652 6202350
2165 2164494 2164281 2164899
3712 3711761
6276 6275734 6275139 6275360
6025 6024976 6024550
3170 3169895 3169878 3169871
3614 3613407 3613318 3613610 3613495
5482 5481196
5355 5354298 5354475 5354904
1103 1102908
4587 4586185 4586242
2461 2460461
4417 4416053 4416702
6141 6140489 6140637 6140558
1924 1923830 1923872
4375 4374139 4374570
2224 2223154 2223095
3678 3677368 3677495
4487 4486598 4486207 4486262 4486382
2129 2128981 2128405 2128986
2218 2217852 2217566 2217858
1674 1673739
5996 5995648 5995102
5910 5909935 5909631
2425 2424616 2424236
3245 3244740
200 199537 199527 199216
3967 3966994 3966396 3966751 3966895
5932 5931329
2928 2927906 2927275 2927152 2927121
3648 3647592 3647049
2653 2652358
3953 3952921
4097 4096325
1903 1902736 1902193
6375 6374573 6374311
1183 1182788
2370 2369103
6177 6176222 6176638
2356 2355977 2355145 2355873 2355819
4384 4383180 4383960
2811 2810984
2855 2854035 2854424
3404 3403427
6398 6397434 6397974
5945 5944343 5944591 5944377 5944882
1478 1477523 1477117
1121 1120934 1120128 1120459
2584 2583328 2583650
1558 1557842 1557025 1557410 1557435 1557012
6217 6216326
5348 5347185
3440 3439862
4591 4590556 4590549
3630 3629601 3629885
6244 6243656 6243869 6243769
3522 3521248
2916 2915432 2915793 2915864
565 564401 564076 564464
2851 2850103
2509 2508097
6249 6248229 6248016 6248673
4444 4443745 4443095 4443423
6132 6131957 6131411 6131327
1419 1418768
5797 5796112 5796412 5796318 5796324
1640 1639150
2498 2497911 2497454
1224 1223978 1223894 1223636
5660 5659967
5127 5126454 5126244 5126672 5126836
1364 1363190 1363443
1493 1492025 1492973 1492895
5307 5306070 5306464
5251 5250521
4830 4829016
6399 6398960
5156 5155564
5780 5779186
2003 2002745
4151 4150641 4150789 4150939
1015 1014529
5354 5353632
1950 1949884 1949700
389 388375 388228
2554 2553202
2056 2055103
2085 2084748 2084603 2084142 2084754
1427 1426678 1426610
968 967748 967898 967556 967221
873 872154
2488 2487794 2487120
3618 3617963 3617257
3729 3728258
1822 1821388 1821087 1821720 1821005
4940 4939504 4939319
5676 5675651
4053 4052973 4052981
2237 2236030 2236207
345 344683 344698 344219
6069 6068638
1001 1000353 1000004 1000564
2585 2584383 2584184 2584836
3998 3997139 3997040
4032 4031091 4031036 4031635
4171 4170819 4170693 4170545
999 998284 998840
3022 3021308 3021955 3021198
4968 4967240 4967334 4967026 4967542 4967238
4832 4831251
2394 2393144 2393879 2393532 2393016
1611 1610716 1610221 1610697
4958 4957866
5772 5771871 5771181
3442 3441991 3441911
6278 6277355
4683 4682309 4682067
5840 5839193
4154 4153754 4153262
1031 1030626 1030199 1030765 1030679 1030693 1030063
3507 3506323
6346 6345495 6345402 6345385
4729 4728204 4728636
1220 1219224 1219760 1219706
1046 1045733
5559 5558347 5558184 5558063
4479 4478222 4478402 4478160
4746 4745044
772 771739
1249 1248038
6393 6392561 6392460
1912 1911493
2738 2737039
3294 3293819
645 644598 644369
4221 4220241 4220527
4406 4405408 4405936 4405901 4405612 4405861
1971 1970672 1970280 1970939 1970339
12 11012 11447 11692 11077 11275
3564 3563013 3563205
146 145380
4935 4934496 4934254
3162 3161746
1306 1305559 1305766
2823 2822558
1421 1420950
3738 3737211 3737329 3737398
2621 2620638
3301 3300745
4727 4726255 4726215 4726976 4726248 4726146
4323 4322692 4322588 4322086
4571 4570067 4570238 4570493 4570547
3328 3327741 3327674 3327713
4159 4158865
2838 2837434 2837816
2787 2786363 2786307
2130 2129297
2490 2489174 2489788
5017 5016812 5016185
5844 5843563
2730 2729076 2729070
5364 5363080 5363684
95 94590 94235
5740 5739048
2644 2643756 2643306 2643543 2643527
4224 4223959 4223187 4223192
6269 6268042 6268010 6268181
211 210822 210220
784 783795 783643
3930 3929174 3929198 3929048 3929199
4845 4844387 4844369
2579 2578864 2578101
1617 1616949
4490 4489756 4489402 4489097
1251 1250800 1250232
5511 5510725
2773 2772076 2772253
5960 5959519 5959180 5959151
1111 1110736
1 901 327
2886 2885359 2885496
1415 1414773 1414589 1414335
141 140724 140198 140327
4257 4256721
5539 5538874
3867 3866811 3866046 3866984
4299 4298547 4298147
4412 4411924 4411215
5320 5319454
1255 1254654
3751 3750967 3750829
2946 2945608 2945064 2945617
5187 5186493
5644 5643269 5643412 5643182
153 152811 152770
3538 3537077
237 236225
2013 2012324 2012533
1675 1674238 1674347
3298 3297610 3297355
3561 3560620 3560195
2199 2198206 2198992
1504 1503431
3795 3794332 3794898 3794630
1257 1256448
177 176400 176314 176411
274 273162 273860 273319
5590 5589072 5589598
5993 5992375 5992059
3731 3730049 3730352
2386 2385112 2385805
4462 4461277 4461298
5754 5753649 5753173 5753625
5959 5958553 5958767
4009 4008004
51 50802
3596 3595362 3595532 3595108 3595327
5883 5882540
1750 1749244 1749859
1698 1697744 1697563
2124 2123475
3065 3064914 3064463
2869 2868249 2868967 2868826
940 939920
5614 5613321 5613032 5613866 5613555
5737 5736319 5736395 5736028
5732 5731391
2473 2472662 2472160 2472990
806 805632 805232
5947 5946374 5946053
5927 5926419
5084 5083567 5083595
5419 5418553
2303 2302682 2302469 2302408 2302866 2302626
754 753863
1173 1172576 1172434 1172169
5401 5400563
2372 2371837 2371665
1631 1630268
5558 5557690 5557945 5557269
5489 5488350 5488732 5488496
2195 2194532
4389 4388248 4388697 4388981
3190 3189234 3189862
4630 4629957
3462 3461289
4768 4767929
5806 5805078 5805312 5805103
5921 5920626 5920205 5920030 5920428
3594 3593820 3593229 3593669 3593540
2214 2213919 2213878 2213808
1552 1551781
1114 1113150 1113076 1113620
4063 4062572 4062511 4062192 4062527 4062774
2154 2153548 2153702
5362 5361688
1458 1457363
4177 4176607 4176875 4176696
2695 2694448 2694354
572 571891 571475 571996 571391 571337
4365 4364554 4364064 4364669
5778 5777418
2764 2763086
2123 2122196 2122734
4472 4471081 4471843
3145 3144733 3144654
2382 2381729 2381048 2381989
4515 4514950 4514194
4694 4693102
4329 4328651
4766 4765191 4765057
3711 3710750 3710193
2389 2388545 2388209 2388369
5672 5671783 5671235
3628 3627319
6298 6297525 6297881 6297342
5729 5728689 5728099 5728351 5728627
3431 3430696 3430576
1576 1575184 1575546 1575773
3249 3248070 3248206
1655 1654523
4025 4024306 4024107 4024402
4943 4942520 4942422
4650 4649651 4649840
3320 3319455
479 478351
5572 5571754 5571462 5571746
5805 5804233
2588 2587381
328 327162 327603
3699 3698320 3698991
3393 3392367 3392102 3392823
361 360267 360793
1828 1827243 1827532 1827145 1827031 1827205
4550 4549981
206 205388
6096 6095775 6095512
5161 5160454
1090 1089220
1593 1592024
4062 4061859 4061690
5620 5619372 5619450 5619434 5619058
3897 3896921 3896487
4038 4037853 4037365
4931 4930182
370 369088
722 721276 721546
1800 1799667 1799949
3188 3187217
2030 2029244 2029501
3958 3957461
4701 4700279 4700400
5826 5825387 5825572 5825454
3702 3701739 3701089 3701699
1643 1642859 1642947 1642211 1642983
2120 2119901 2119816
2451 2450432
2664 2663974 2663821
2272 2271643
1559 1558036
324 323225 323973
1484 1483210
4352 4351714
346 345386
1992 1991084 1991314 1991499
1816 1815368
1315 1314202 1314070
3833 3832821 3832490
6145 6144896 6144789
491 490193
2265 2264368 2264533
1999 1998605
644 643920 643824
5352 5351066 5351603
5684 5683276 5683229
5493 5492495 5492881 5492647 5492207 5492698
2557 2556184 2556737
3202 3201812 3201907
3030 3029762 3029992 3029635 3029518
411 410746
2778 2777357 2777548
2720 2719220
2038 2037814 2037111 2037863 2037699 2037467
486 485397
1777 1776981 1776541
3650 3649559 3649941
6310 6309339 6309326
1716 1715268 1715653 1715397
4687 4686643 4686486
3265 3264358 3264399 3264972
745 744915 744894
585 584026
2200 2199949 2199509
2850 2849833 2849205 2849318
3076 3075701 3075052 3075218 3075634 3075367
984 983459
3789 3788440 3788404 3788739 3788077
4693 4692225 4692381 4692546
3475 3474147
4756 4755712
2626 2625997 2625862
1821 1820355 1820430 1820959 1820881 1820443
1820 1819225
4836 4835538 4835116 4835277
3443 3442121
3137 3136875
2937 2936542 2936463
2067 2066982 2066656
2975 2974391
2358 2357128 2357548 2357658
6051 6050564 6050987
3419 3418210 3418064
4379 4378142 4378247
646 645826
3826 3825700
1914 1913971
4040 4039210 4039077
3787 3786103 3786244
1974 1973530
1069 1068871 1068067
4268 4267768 4267555 4267494
2450 2449219 2449876
373 372394
5123 5122756
1825 1824753
3761 3760103 3760734 3760754
5262 5261696 5261147
3361 3360366 3360330 3360669 3360381 3360791
1649 1648379 1648571
1862 1861698
2989 2988351 2988745
5472 5471258
2260 2259433 2259257
5757 5756611 5756825
2834 2833406
1857 1856248 1856247
1072 1071072 1071470 1071059
6219 6218701 6218971 6218521 6218220
5897 5896316 5896779 5896116 5896737
1233 1232318
2692 2691946 2691882 2691147
3975 3974488 3974121
4558 4557698 4557373 4557782
2125 2124817
3056 3055248 3055279
5907 5906192
5189 5188036
4133 4132654 4132168
777 776828
4663 4662699
5847 5846973
4450 4449066 4449985 4449963
668 667299 667037 667676 667979
1881 1880339
5295 5294719 5294686
3622 3621983
1367 1366817
2943 2942210
6234 6233153 6233836 6233734
1773 1772066 1772974
4362 4361088 4361387 4361452
1106 1105541 1105843
1562 1561387
3547 3546032 3546980
6307 6306852
1194 1193377 1193557
5817 5816171 5816623 5816621
5890 5889765 5889270
3541 3540452 3540636
3331 3330199
5663 5662063 5662234
3643 3642102
434 433755 433233 433128
5830 5829162 5829367 5829311
1885 1884102 1884472
4995 4994795
2072 2071162 2071817
1241 1240196 1240672
4385 4384279 4384586
2227 2226887 2226359
5107 5106411 5106317
4377 4376798 4376496
5791 5790608 5790005
2772 2771718
86 85108 85975
4335 4334072 4334152 4334966 4334490 4334973
1827 1826031 1826761
2661 2660257 2660863 2660902 2660551
2863 2862553
2895 2894372 2894402
4535 4534200 4534598
3306 3305534 3305956 3305651 3305298 3305970 3305845
928 927158 927154 927390
5605 5604833 5604565
4524 4523746 4523735 4523498
3146 3145659
3421 3420872
5267 5266035
2629 2628695 2628594 2628637
298 297234 297052
2903 2902794 2902004
1652 1651238
4868 4867134 4867741
4873 4872788
4422 4421333 4421774
4760 4759012
3813 3812182 3812152 3812699
2735 2734817
519 518184 518847
4342 4341111 4341789
5329 5328161 5328523 5328218 5328865
5405 5404942 5404736
1694 1693004 1693972
3700 3699397 3699710 3699832
1109 1108519 1108004
1462 1461927 1461209 1461575
713 712537 712542 712215 712984
382 381578 381368
3063 3062991 3062772 3062275
5864 5863419
4645 4644454
6104 6103330 6103652 6103222
417 416963 416813
4633 4632338
4956 4955032 4955360 4955089 4955203
6201 6200425
18 17696 17846
4680 4679592 4679121 4679905
5021 5020739 5020546 5020829
4267 4266376 4266962 4266347
1657 1656277
5466 5465708 5465489
3853 3852969
6318 6317701 6317736 6317036 6317432
4540 4539860 4539920
4109 4108315
872 871552
1356 1355241 1355986
5109 5108164 5108500
5522 5521115 5521248 5521081
1553 1552216 1552619 1552985
5204 5203788 5203598
4101 4100928 4100305 4100332
3123 3122432 3122860
3480 3479520
3312 3311990
605 604331 604400
3651 3650903
5553 5552097 5552470 5552822
4816 4815053
1630 1629058
3009 3008587
5592 5591750 5591825
5906 5905526 5905032
1537 1536059 1536191
2646 2645194 2645352 2645938 2645606
5564 5563741 5563143 5563769
6400 6399712 6399981 6399038
4250 4249863 4249429
1940 1939394 1939467 1939282 1939565
1505 1504129 1504511
3168 3167025
2596 2595699 2595072
1110 1109935 1109109 1109192
2166 2165253
4504 4503823 4503535 4503063
5585 5584670
2098 2097006
3225 3224312
4081 4080745
4726 4725085
4665 4664740 4664788
5439 5438255 5438697
3505 3504809 3504129 3504734
4319 4318909 4318563 4318868 4318579
674 673822 673858
3572 3571115 3571962
1944 1943758
2725 2724227 2724456
3502 3501330 3501277
3526 3525565 3525844 3525933
2511 2510359 2510492
6245 6244824 6244064 6244754
1077 1076351 1076040 1076602
580 579049 579520
6079 6078832 6078414
4265 4264965
3607 3606147
4492 4491086 4491709
6071 6070390 6070824
6153 6152843
825 824539 824877
2064 2063064
1741 1740117
317 316829 316506
4242 4241907
2839 2838385 2838627
1418 1417946 1417077
2324 2323541 2323747 2323330
2905 2904867 2904211 2904253
5003 5002626
372 371698 371910 371277
2950 2949062 2949005 2949450 2949916 2949739
1725 1724377 1724965 1724859
1582 1581375
1499 1498200 1498594
5200 5199330 5199325
3786 3785169
1634 1633943 1633753
4135 4134720 4134718
322 321969
2673 2672590 2672234 2672967
1293 1292231 1292553
1409 1408291 1408356
513 512992 512868 512967 512788
3222 3221088 3221381 3221080
2449 2448566 2448666
5165 5164364 5164814
1449 1448617
5881 5880192
3681 3680257 3680228
2339 2338495 2338409
4325 4324724
4923 4922652
4652 4651991 4651561
3971 3970536
1784 1783726 1783325 1783109
5965 5964687
2315 2314622
2496 2495381 2495428
5787 5786501 5786571 5786753
6324 6323519
3215 3214828
1569 1568419
2005 2004706
1303 1302394 1302414
2491 2490597 2490849
5311 5310960 5310273 5310659
2963 2962145 2962066
3034 3033283
5469 5468996 5468236
255 254627 254233
1373 1372760 1372747
5452 5451564
2684 2683888 2683319
4664 4663923 4663693
6204 6203067 6203560
2412 2411066 2411904
5387 5386888
2493 2492844
3753 3752276
3656 3655539 3655751
2289 2288601
1440 1439388 1439537
4986 4985258 4985337
2948 2947091
4850 4849959
262 261077
724 723129
895 894519 894405
3583 3582998 3582634
1410 1409111
6325 6324648 6324676
357 356257 356112
5315 5314110 5314705 5314770
4356 4355313
2159 2158877 2158669
1147 1146004 1146841
2050 2049031
4677 4676711 4676946 4676560
5714 5713216
2701 2700724
3554 3553806
1832 1831479
2101 2100220
5268 5267467
706 705744 705040
5615 5614202
4889 4888770 4888985
5565 5564742
2383 2382739
5738 5737630
4589 4588291
366 365657
4981 4980320
1242 1241193 1241856
6088 6087716
1098 1097454 1097678 1097108
1313 1312684 1312088 1312075
876 875690
5854 5853005 5853258 5853351
5168 5167573
3796 3795826 3795315 3795548
1786 1785273 1785279 1785752 1785811
6345 6344108 6344086
2913 2912768 2912590 2912385
1016 1015307 1015638
2408 2407600 2407597 2407672 2407318
3413 3412298 3412655
5369 5368820
3894 3893412
5035 5034032
3845 3844053
3865 3864645 3864115
4169 4168025 4168244 4168385
5964 5963097
536 535956 535369
3635 3634522 3634568
1859 1858975 1858843
4083 4082195 4082388 4082183
1161 1160330 1160541
1707 1706147 1706748 1706279
5274 5273689
5800 5799678
6054 6053640 6053457
5542 5541826 5541979 5541102
3455 3454932 3454171 3454764
1180 1179605 1179622 1179540 1179413
2291 2290067
137 136098 136655 136075
4322 4321237 4321753
5632 5631308 5631219
4321 4320740 4320802
4647 4646139 4646820 4646986
5766 5765404 5765113
4304 4303042
5057 5056356
2891 2890076 2890201 2890519
1790 1789198 1789010 1789780
562 561217
1776 1775970 1775206
1275 1274743 1274209
5979 5978303
2330 2329497 2329505
3470 3469324 3469843
3395 3394087 3394190 3394324
4772 4771112 4771398
1167 1166113 1166686 1166282 1166597 1166203
2172 2171945 2171647
1033 1032676 1032415
1962 1961767 1961532
6176 6175053 6175763
5699 5698757 5698780
367 366518 366223
4991 4990413
3782 3781205 3781842
4970 4969672 4969914 4969154
5333 5332651 5332039
1247 1246070 1246907
275 274557
3693 3692533 3692570
11 10769 10087
339 338062
1234 1233084
3863 3862498
3166 3165808 3165431 3165282
1284 1283441 1283554
2113 2112760
5687 5686495
6380 6379629
1620 1619258
5373 5372558 5372867 5372112 5372823
5536 5535504 5535072 5535197
5776 5775871 5775095 5775086
2747 2746727 2746738
4475 4474445 4474095
5703 5702978
3762 3761605
3779 3778195 3778616 3778138
2068 2067850 2067220
5410 5409196 5409825 5409707 5409152
23 22701 22393
5331 5330585 5330732
2755 2754423 2754847
1360 1359932
709 708945 708848 708045
1159 1158875
2411 2410990 2410882
880 880000 879043 879075
6334 6333830 6333067
5629 5628210 5628904
5366 5365372
4275 4274233 4274857 4274473
2045 2044351
4213 4212705 4212460 4212091
5122 5121681
2001 2000496 2000739
5654 5653248
5650 5649332 5649983
6127 6126194
2267 2266866 2266972
4001 4000728 4000199
692 691005
3098 3097805 3097316
2414 2413038
164 163532
2112 2111611
2578 2577499 2577144
1837 1836184
4289 4288615 4288643
4974 4973338
3655 3654795 3654952
6198 6197639
209 208330 208977
253 252859
3216 3215158
3875 3874164
2845 2844851
4501 4500348
6131 6130775 6130185 6130626
6210 6209353 6209343
2580 2579713
4348 4347697 4347464
2042 2041385
1485 1484340
710 709281 709965
1565 1564757 1564700 1564277
1049 1048826 1048181 1048043
3829 3828045 3828829 3828846
2564 2563198
3344 3343237 3343348 3343497 3343645
4891 4890128 4890379
6360 6359236 6359949
4906 4905505
1548 1547217
3936 3935308
167 166363 166660 166045
2615 2614665
2281 2280226 2280871
1803 1802058
4612 4611266
3295 3294719
4022 4021731 4021352 4021642 4021934
4153 4152723
601 600524 600153
6161 6160262 6160768 6160696
3129 3128551
5097 5096114 5096215 5096453
5368 5367043 5367548
6143 6142356 6142873 6142525 6142459 6142133
5101 5100907 5100264
2252 2251761
3599 3598133
760 759906
5381 5380797 5380049 5380642
1037 1036385
4831 4830193 4830372
2106 2105579 2105031 2105316
4285 4284266 4284008
6048 6047923 6047911
2523 2522080 2522193
3173 3172348
3623 3622611 3622500 3622867
6024 6023742 6023643 6023358
6160 6159153
2918 2917984 2917250
6175 6174848 6174372 6174926
2032 2031450
1995 1994942
2902 2901064
313 312825 312875 312684 312716
330 329442
4946 4945320
3203 3202067
687 686102
204 203338 203001
1294 1293839
254 253865 253207 253920
4085 4084150
888 887039 887229 887168 887850
3067 3066111
85 84233 84895
3148 3147458
1852 1851448
5185 5184927 5184813 5184717 5184660
5226 5225185 5225286 5225527
268 267739
2678 2677869
1669 1668689
5074 5073113 5073378
3382 3381892
673 672845
6050 6049501
3878 3877407 3877558
5954 5953537 5953421
4755 4754236 4754381 4754337
5619 5618579 5618975 5618327
2240 2239847 2239915
5346 5345239
1653 1652885
3983 3982253 3982882
5012 5011829
4614 4613311 4613809 4613829
2016 2015531 2015351 2015605
4361 4360213 4360507 4360645
4792 4791460 4791800 4791634
2592 2591739 2591913
5683 5682222 5682784
6348 6347387 6347493
2507 2506642
2004 2003959 2003062
4879 4878396 4878026
3745 3744841 3744392
3560 3559102 3559537 3559833
3948 3947302 3947443 3947594
5253 5252661 5252147 5252972
5500 5499318 5499915
5417 5416974 5416863
1574 1573598
2767 2766184 2766902
5734 5733389
2812 2811545
6237 6236251 6236431 6236756
1818 1817975
91 90040
3033 3032181
1266 1265275
1355 1354457
896 895960
4360 4359719 4359454
3743 3742226 3742180 3742708
1650 1649222
4410 4409331 4409591
1921 1920913 1920075
5066 5065198 5065871 5065051
3154 3153746
4570 4569560
5416 5415072
4049 4048572 4048982 4048133
6 5560 5728
2548 2547886 2547082 2547561
3032 3031898
5400 5399894 5399331
4854 4853603 4853067
1441 1440706
6381 6380609 6380676
5561 5560881 5560220 5560097 5560108
4333 4332128 4332026 4332120
2783 2782234 2782817 2782700
5073 5072720
4416 4415216 4415447
6205 6204852 6204801
3324 3323223 3323192
3486 3485943
1811 1810432 1810677
3595 3594635 3594710
4467 4466702
3213 3212400 3212257
2606 2605556
5706 5705982
3012 3011383 3011064
4651 4650652
3620 3619819 3619575
4399 4398231
3284 3283691 3283408
790 789963
2562 2561405 2561755
5114 5113283
2638 2637571 2637538 2637940
1667 1666194
4199 4198296 4198520 4198635
5802 5801806
4613 4612326 4612493
4193 4192111 4192671
5292 5291850 5291080
4700 4699440
1647 1646735
5755 5754626 5754854
6064 6063203
1982 1981533
4095 4094934 4094290
1792 1791108 1791945
4075 4074946
1472 1471695 1471294
686 685952 685225
6304 6303012 6303220
5289 5288917 5288783
2567 2566651 2566849
4167 4166757 4166443 4166820
3297 3296708 3296402
5176 5175234 5175086 5175150
4584 4583237 4583730 4583206
3158 3157787
5828 5827577
1836 1835228 1835400
6371 6370737
5339 5338930 5338703
482 481372 481080 481051
2841 2840230
2698 2697470 2697564
5839 5838147
5773 5772935
2119 2118228 2118982 2118210
6028 6027353
5454 5453640
4594 4593046
199 198768
3206 3205949 3205463
881 880207
5781 5780443
6061 6060559
4568 4567682
3102 3101077 3101214
2133 2132605
1053 1052221
2086 2085275
1446 1445464
5760 5759333
4824 4823290 4823128
5825 5824111 5824898 5824890 5824703
2875 2874382 2874072 2874064
5834 5833627 5833323
1626 1625458
3901 3900374 3900301 3900071
2156 2155970 2155818
3107 3106187
1337 1336030
1956 1955035
4556 4555796
4849 4848066 4848876
4913 4912965
3272 3271706
1469 1468745 1468627 1468275
2170 2169500
4110 4109207
2927 2926052 2926197
4452 4451704
1117 1116531 1116642
3007 3006499 3006063
1238 1237536
4765 4764629
3471 3470794 3470282 3470961
2907 2906234 2906181
3282 3281639
1363 1362565 1362331
1560 1559833
3764 3763863 3763160
4499 4498696
3418 3417544
2468 2467941 2467081
1888 1887202
1817 1816193
5880 5879689
2018 2017211 2017008
2140 2139801 2139646
666 665452
6029 6028927 6028768
3562 3561372 3561713
1591 1590471
1351 1350904 1350936 1350089 1350098
1137 1136570
4874 4873070 4873533
488 487239
5563 5562405 5562711
6125 6124706 6124548
1751 1750501
2052 2051972
4861 4860210
786 785975 785499 785595 785164
4128 4127045 4127859 4127646
4719 4718526 4718681 4718405
3446 3445102
1599 1598809 1598282 1598371
2914 2913163 2913244
374 373129 373348 373043 373903
1420 1419160 1419574
2938 2937325 2937239
4498 4497162 4497357
5209 5208450 5208907 5208950
2589 2588705
4029 4028145
6251 6250292
4858 4857603
68 67814
3721 3720501
2788 2787761 2787535
2190 2189935
5504 5503359
3608 3607604
5266 5265196 5265118 5265940 5265637
1838 1837461 1837781 1837729
2932 2931548 2931719
424 423327 423564
1823 1822377
1791 1790981
3726 3725228 3725291
6284 6283117
5648 5647472
1678 1677708 1677244
2492 2491253 2491921 2491963
1550 1549717 1549732 1549210
2983 2982612
1834 1833062
2388 2387782 2387907
1115 1114744 1114711
5248 5247824
5720 5719070
708 707820 707533 707536
3070 3069095
1785 1784395 1784209 1784957 1784067
4813 4812533 4812998
5282 5281192 5281848 5281591
3061 3060727
4708 4707789
3778 3777697 3777088 3777331 3777269
4215 4214151 4214544
981 980852
5275 5274822
1677 1676247 1676090
4390 4389384
4910 4909363
273 272902 272351
2375 2374393 2374333
4511 4510563 4510984
5520 5519046 5519793
1258 1257025
586 585288 585527 585987 585072
874 873687
5815 5814571
4626 4625996
3687 3686383 3686234
4827 4826937 4826428 4826402 4826201
4828 4827089 4827669
1498 1497501
2992 2991432
5649 5648200 5648067
2899 2898781 2898830
5420 5419970 5419722 5419147 5419676 5419971 5419251
1218 1217747 1217229
5180 5179623 5179471 5179070 5179910
2590 2589283 2589063 2589867
5261 5260688 5260700 5260215
3356 3355553
4471 4470538
6326 6325339 6325273 6325113 6325735
2733 2732827
4240 4239115
1975 1974044
2681 2680947 2680647
2458 2457636 2457831
4814 4813490
613 612538
3966 3965369 3965898
3218 3217012
3981 3980586
1904 1903769
6314 6313198 6313196 6313495 6313273
1601 1600353 1600899
2385 2384185
2116 2115755
600 599888 599141
3685 3684964
3986 3985450
443 442204 442439
2829 2828817 2828454 2828144
1739 1738432 1738845
1720 1719645 1719026 1719113 1719086
2454 2453226 2453270
2815 2814168 2814987 2814064
1794 1793196
2243 2242440
1395 1394536
1539 1538523 1538832 1538885
4872 4871719
1267 1266699
1658 1657810 1657198 1657044
3862 3861918
3038 3037369 3037274
5411 5410945 5410147
5814 5813541 5813559
3311 3310820 3310954
1374 1373298 1373501
5719 5718941
4512 4511631
5393 5392692 5392820
558 557978
1254 1253745 1253895
696 695290
24 23765
3974 3973102 3973247 3973904
640 639534
5445 5444605 5444076 5444280
4439 4438862
502 501568 501903
5690 5689168
6058 6057672
3846 3845193 3845902
5244 5243441
1433 1432352
3305 3304972
2690 2689192 2689161 2689322
5919 5918537 5918918
1687 1686253
84 83965 83733 83948
2658 2657739
4961 4960983 4960145 4960562
1377 1376693 1376733 1376525 1376430 1376375
3642 3641963
3234 3233442 3233295 3233840 3233867
1311 1310067
1240 1239670 1239052 1239221
2095 2094554 2094199
170 169597
3005 3004214 3004899 3004537
5537 5536924
2499 2498908 2498718
2636 2635701
557 556654
3278 3277401
248 247372
1135 1134012
6144 6143754
3091 3090181 3090160 3090257 3090474
5095 5094509 5094818
5824 5823277 5823016 5823675 5823600
3587 3586876
387 386880 386496 386391
337 336660 336424
4216 4215496
1208 1207860 1207209
4313 4312052 4312030
3991 3990750
2897 2896963 2896103
5973 5972923 5972832
3943 3942276
3855 3854729
5995 5994804 5994753
2517 2516867
2264 2263283
1779 1778846
1375 1374205 1374668 1374347
5953 5952995 5952300
4144 4143755
771 770948
2745 2744144
3928 3927703 3927806 3927714
3746 3745852
4586 4585867
4355 4354809 4354078 4354341
4249 4248563
4493 4492545
5643 5642226 5642053 5642529 5642820
5196 5195809 5195594
728 727294 727264
5702 5701712 5701454
5121 5120359 5120855 5120788
6022 6021738
35 34359 34283 34424
111 110359 110566
4006 4005771 4005737
3454 3453807
2192 2191006
4881 4880633
4899 4898358
509 508030 508262
1452 1451800 1451821
5293 5292219 5292917
6166 6165053
5988 5987228 5987287
5871 5870652
1570 1569351 1569197
1556 1555112 1555752 1555635
1071 1070864
354 353974 353359 353844
3591 3590440
83 82234
433 432974 432004
5211 5210112
2519 2518927 2518190 2518542 2518429
4121 4120533 4120364
4871 4870570 4870005
3536 3535399 3535416
5593 5592352 5592886 5592974
1073 1072381
4585 4584768 4584111
2533 2532764 2532492
5020 5019091
4803 4802949
5451 5450484
910 909732 909900 909059
3086 3085647
3481 3480650
6275 6274002 6274819
4894 4893758 4893799
4938 4937754 4937785 4937141
3163 3162103
1174 1173053 1173768 1173776
4697 4696349
5483 5482868 5482764 5482080
3588 3587392 3587508
2331 2330402
2040 2039354
4114 4113448
4426 4425375
5136 5135816 5135658
1300 1299864
6016 6015112
5306 5305741
4272 4271884
1444 1443659
3850 3849368 3849552 3849053
3929 3928147
5915 5914747 5914199 5914498
368 367185 367682
610 609580
1026 1025653
4546 4545733
5624 5623044
3528 3527057
3142 3141328 3141855 3141749
4804 4803809 4803682 4803204
2320 2319821
3907 3906381 3906081 3906769
4301 4300371
2656 2655730 2655985
1362 1361760
3817 3816972
2262 2261691
746 745088 745807
2802 2801237 2801902
5532 5531425 5531819
3517 3516367 3516295
2799 2798217 2798363
1882 1881311 1881245
5181 5180579 5180481
1443 1442747
2341 2340655
4686 4685678
2307 2306353
1104 1103547 1103936
4542 4541613
3241 3240325 3240440 3240090 3240347
2893 2892825
2343 2342309 2342342
2423 2422985 2422160
723 722439 722809 722690 722676
4000 3999461 3999238
3252 3251199 3251318 3251550
5228 5227961 5227438 5227716
5990 5989658 5989694 5989275
759 758060 758624
2025 2024737
5535 5534076 5534931
5257 5256843
269 268543 268326 268048 268448
3728 3727713
1615 1614164
5920 5919032 5919978
1662 1661511
1764 1763356 1763327
4033 4032242 4032153
6094 6093147 6093841
5090 5089670
5220 5219444
4657 4656192
6039 6038513 6038235
2605 2604049
4415 4414086
1701 1700989
1201 1200038 1200904
5640 5639767 5639325
4784 4783213
1930 1929951
2566 2565695 2565953
295 294817
25 24103
3394 3393973
2749 2748046
1938 1937993 1937062
871 870737
480 479218
2930 2929689
2193 2192217 2192795
5167 5166787
921 920384 920609
5911 5910854 5910876
3492 3491319
3589 3588196 3588275
1549 1548113
5788 5787927
1521 1520881
1204 1203233 1203206
3810 3809430
4079 4078627 4078657
1846 1845009
5473 5472265 5472365
6003 6002003
5710 5709225 5709708 5709563
867 866162
3045 3044380
6151 6150651
5215 5214421
1765 1764062
2846 2845147
1288 1287702
3156 3155288 3155311
2057 2056458 2056438
1123 1122618 1122984
1810 1809463 1809697
2795 2794226
5462 5461870
4919 4918038
5984 5983819
996 995557 995726
327 326343 326052 326650 326475
849 848397 848852 848457
3375 3374181 3374851
5450 5449965 5449752 5449529
4161 4160636 4160142
711 710053
590 589781
1672 1671004
5053 5052963
1659 1658687
2434 2433077
5478 5477209 5477400 5477525
5556 5555723 5555559
2065 2064542
1608 1607402 1607653
5039 5038583
5093 5092830
44 43291
4736 4735206
632 631210 631095 631943
1501 1500984 1500090
3208 3207064
3784 3783190 3783533
2657 2656552
6390 6389863
2250 2249030
5673 5672473
1699 1698265
3062 3061535 3061053
4564 4563313 4563990 4563701 4563229 4563210
1291 1290066
739 738671 738633
4554 4553674 4553714 4553548
2555 2554714
4061 4060072
3396 3395603
2619 2618724 2618630
489 488086
6242 6241095
4563 4562362 4562707
2216 2215642
2996 2995640
2367 2366362
5835 5834580
135 134111 134043
1726 1725262 1725654 1725053
4865 4864236
5670 5669254
2235 2234551
4312 4311755 4311325 4311496
1546 1545087
3592 3591338
3191 3190926 3190584
2 1589
5858 5857017
1379 1378466
5588 5587111
1607 1606963
161 160883 160948
5726 5725360
6052 6051437 6051089
3342 3341927 3341640
4298 4297867 4297551
4578 4577607
3159 3158318
5630 5629786 5629076
1070 1069612
5046 5045561 5045022
3766 3765323
3911 3910012 3910072 3910722
5085 5084225
2007 2006744
1299 1298641
1513 1512650 1512204
2569 2568893
862 861541 861090
1297 1296672
3179 3178788 3178869 3178413
2027 2026318 2026139
1625 1624522 1624817
3942 3941550 3941225
3879 3878905 3878558
3104 3103193 3103049
267 266482
4751 4750956 4750530 4750931
4230 4229734
5399 5398032
1292 1291643 1291930 1291793
3798 3797582 3797233
292 291408
4553 4552822
1487 1486908 1486768
4759 4758113
4127 4126060
2225 2224309 2224517
5154 5153145
4069 4068626
2757 2756771
2460 2459983 2459291
2599 2598969
1149 1148583
6115 6114894
924 923608
2666 2665979
4932 4931303
6083 6082060
369 368445 368614
191 190760 190139
1960 1959676
1429 1428711 1428415
1863 1862702
207 206243
5949 5948976 5948984
2041 2040825
2961 2960708
6098 6097521 6097741
3466 3465326 3465108
6316 6315504 6315113
3121 3120039 3120349
3105 3104690
3059 3058332 3058809
5736 5735543 5735823
4466 4465351 4465975 4465980
3714 3713500 3713257 3713086 3713311
5170 5169904
5058 5057246
5841 5840579 5840368 5840181
5971 5970012
2577 2576046
17 16797
306 305706
4605 4604873
2037 2036544
6184 6183031
5625 5624896
5155 5154095 5154867
481 480632
1787 1786707
1195 1194267
1829 1828600
6291 6290386 6290605
2489 2488310 2488273
717 716237
5047 5046675 5046506
3114 3113790
4808 4807306
4286 4285985
4459 4458247
2737 2736655
4999 4998139
5385 5384040
2091 2090537
5088 5087873
2972 2971737
2859 2858916
1540 1539434 1539981 1539746
6313 6312974
6374 6373976 6373121
5774 5773214 5773614
1802 1801785 1801751 1801804
3126 3125291
3381 3380608 3380976
3652 3651942
2477 2476401 2476978 2476565
19 18237 18893
2328 2327576
6155 6154866 6154052
700 699395 699431
5480 5479152
5492 5491522 5491064 5491955
5784 5783632
2527 2526846
2459 2458505 2458193
287 286461
4631 4630424
5860 5859962 5859154
4993 4992152 4992470 4992225 4992004
2161 2160326
886 885424 885035
1883 1882357 1882394
974 973675 973080
4582 4581570
4190 4189202 4189910
5707 5706705 5706317
6332 6331633 6331115 6331846
5201 5200303 5200580
5470 5469946 5469555
147 146852
6002 6001656
5484 5483539 5483738 5483517
4491 4490089
1946 1945241
2504 2503171
5256 5255626
2443 2442632
616 615410
3327 3326405 3326236 3326446
5499 5498497 5498457
2607 2606501
5777 5776319 5776323
3557 3556808
3304 3303112
5321 5320088
6282 6281354
750 749766
2351 2350556 2350170
1394 1393440 1393370
4581 4580324 4580393
765 764214
4094 4093490
4684 4683216 4683657
1185 1184076
5162 5161244 5161835
3964 3963496 3963539
3275 3274372 3274331
1371 1370059 1370392
3457 3456460
4078 4077005
4862 4861555
1021 1020244 1020627
2712 2711581
798 797394 797040
3925 3924028 3924423
6056 6055703 6055228 6055541 6055724
4740 4739044 4739112
4674 4673463
3355 3354529
2728 2727861 2727051
4523 4522029
5341 5340797 5340103 5340662
4949 4948548 4948248
5933 5932687
6015 6014116
1206 1205811
1610 1609206
1003 1002693 1002242 1002810
567 566413 566527
1491 1490687
2793 2792854 2792147 2792974
648 647070
4785 4784216
4639 4638762 4638086
3790 3789502
5429 5428245 5428334
6389 6388475
2806 2805144
5891 5890816
555 554857
1509 1508862
5626 5625429
5089 5088776
4717 4716052 4716206
3823 3822217
3673 3672942 3672591
2740 2739357 2739454
5163 5162694 5162112
4688 4687078 4687490 4687217
2392 2391810
2674 2673275
2183 2182989
2122 2121534
2654 2653384
2709 2708047
1602 1601943
5925 5924343 5924016
3403 3402650
5768 5767687
6067 6066752
5861 5860831 5860648
1996 1995742 1995596
422 421235 421951
1158 1157263 1157090
3725 3724312
5273 5272217 5272604
6378 6377746
3972 3971142 3971971
2608 2607089
5741 5740832
386 385352
3781 3780801 3780384
5970 5969635 5969315
1680 1679614 1679628
3075 3074934
2862 2861198 2861342
2220 2219288 2219505
3508 3507531
2864 2863782
6297 6296214 6296807
550 549366
5218 5217577
5301 5300740
1891 1890604 1890857 1890823 1890796
2212 2211186 2211796
1398 1397638
3490 3489406
1354 1353797
625 624537
2117 2116656
1763 1762199
4843 4842113 4842168
3053 3052147
4189 4188798 4188417
5252 5251144 5251703
1612 1611373
2173 2172619
6057 6056876
5745 5744703 5744066
738 737127
2789 2788547
67 66743
6233 6232532
3819 3818044
2259 2258722 2258760 2258334
2034 2033946
308 307500 307088
3808 3807955
3970 3969373 3969075
2741 2740347
4977 4976334
6265 6264355
4959 4958997 4958747
4024 4023388
2990 2989679 2989336
5852 5851545
1079 1078452
4173 4172640
4119 4118242 4118181 4118482
1401 1400199 1400646
4791 4790535
6327 6326319
1568 1567701
1467 1466636 1466291
2118 2117424 2117412
3111 3110930 3110356
2837 2836049 2836390
4543 4542669
427 426864 426590
3881 3880052
2784 2783979
6267 6266774 6266977
1970 1969752 1969391 1969949
4457 4456499
495 494735 494625
3416 3415258 3415993
5179 5178648 5178828
1530 1529832 1529430
3258 3257978
4507 4506527 4506590
5022 5021619
5530 5529900 5529435
5657 5656865 5656206
6084 6083805
5675 5674678
4039 4038356
3309 3308497
778 777417 777542
5865 5864683 5864696
4606 4605784 4605757
1788 1787263
5634 5633070
6046 6045423 6045713 6045640
767 766781
3499 3498809
5260 5259969 5259067
5923 5922452
6370 6369854 6369182
430 429042
5569 5568961
569 568982
355 354538
2857 2856626 2856881
2874 2873605
1302 1301651 1301621
1858 1857070
5076 5075003
3013 3012492 3012182 3012963
5110 5109305 5109025
5512 5511450
3096 3095737 3095945
3400 3399898
1936 1935558
4718 4717307 4717908
4145 4144439
2094 2093846 2093356
1705 1704829
1332 1331921 1331846
4209 4208016 4208103
524 523617
4882 4881766
3957 3956573
2547 2546492
1535 1534637 1534867
4930 4929194 4929028
1952 1951385
5731 5730826
3226 3225345
1600 1599864
5455 5454871 5454942
3689 3688704
730 729935 729234 729519
1416 1415783
1236 1235128
4380 4379864
2622 2621111
1274 1273953
5130 5129246 5129091
15 14986
2282 2281813
1177 1176003
5519 5518319 5518239
172 171964
3843 3842495
908 907275
593 592501
1229 1228621 1228786
4500 4499813 4499197
904 903184 903242
859 858812
5842 5841456 5841986
498 497354 497995
4954 4953462 4953967 4953870
6395 6394917 6394401 6394023
1305 1304768
2090 2089142 2089811
2131 2130944 2130198
5117 5116698
3917 3916737
1286 1285741 1285934
1955 1954557 1954841
3549 3548794
2807 2806215
3820 3819036
2136 2135193 2135917
3408 3407634
2535 2534954
4054 4053210 4053762
5573 5572811
1948 1947980 1947701
2429 2428351
3147 3146763
3910 3909403 3909116
5271 5270044
1176 1175766
566 565032
3741 3740818 3740147
2100 2099329
1062 1061536 1061531 1061373
215 214532
5680 5679969
2524 2523112
5617 5616821 5616385
5813 5812239 5812245
1139 1138058
5108 5107504 5107045
3498 3497860
5079 5078967
3661 3660113
1130 1129219
2836 2835711
911 910830
4059 4058868
3130 3129129 3129316
476 475600
4522 4521737
3984 3983144
5836 5835343
4434 4433981 4433589
1719 1718102
3354 3353220 3353063 3353677
1052 1051311
5848 5847765 5847968
6268 6267887 6267080
4357 4356228
660 659052 659307
693 692973
1814 1813242
2110 2109692
388 387152
5158 5157286 5157430
1495 1494691
1566 1565160
3 2227 2426
2583 2582406 2582835
4411 4410648
2861 2860429
6263 6262602 6262683
1193 1192888
4559 4558813
4366 4365866 4365070
5437 5436282 5436318
5691 5690204 5690485 5690577
6312 6311976 6311654
1361 1360953 1360334
4460 4459895
5801 5800545
3530 3529632
1660 1659199
1428 1427341
1340 1339295
4602 4601682
3511 3510978
1325 1324616 1324645
326 325240 325944
5872 5871270
3565 3564437
5456 5455229
592 591026 591044
1141 1140906
4047 4046349
2769 2768626 2768777
4120 4119966 4119647 4119182
6235 6234603 6234792 6234798 6234039
5404 5403356
4774 4773799 4773412
554 553912 553728
4428 4427181 4427795 4427371
1252 1251164
3125 3124884
6073 6072958
4442 4441833
297 296901
4810 4809952 4809855
1588 1587974 1587174 1587824
3266 3265287 3265600
5004 5003527
3299 3298312 3298466
2127 2126707
6156 6155273
1461 1460211 1460064 1460258
6035 6034732 6034198
530 529089
4948 4947964 4947791
5367 5366968 5366032
809 808617 808464
2439 2438351 2438974
2705 2704629
2378 2377030
5958 5957509
3924 3923355
4433 4432308
3449 3448211
4907 4906374
4147 4146324
2744 2743474 2743046
3255 3254025
6207 6206047
522 521557
2847 2846246
1349 1348108
2046 2045517 2045242
3982 3981044
4206 4205190 4205736 4205174 4205444
5510 5509245
3871 3870234 3870455
5067 5066809
5388 5387482
6180 6179162
4087 4086552 4086879
3097 3096816
3664 3663748 3663565
1389 1388862 1388965
1456 1455502
2275 2274251 2274556
3232 3231863 3231228
4484 4483666 4483761
5347 5346966
4552 4551754 4551564 4551528
4671 4670725
4821 4820898
2245 2244390
1454 1453323
5873 5872362
4129 4128641
2096 2095224
3256 3255377
393 392113
2361 2360738 2360095 2361000
5782 5781557 5781468
1265 1264139 1264495
1447 1446877
5001 5000228 5000010
5422 5421497
4261 4260645
2866 2865809 2865575 2865331
1920 1919144 1919343
2572 2571234
5637 5636904 5636773
4103 4102408 4102319 4102517
678 677488
3706 3705091
2305 2304945 2304635
6369 6368495 6368642
2651 2650090
1308 1307520 1307247
2570 2569238
1327 1326817
540 539566 539545 539368
6333 6332730
1152 1151652
3710 3709708 3709965
5247 5246005 5246813
4284 4283333
1451 1450825 1450698
6187 6186600 6186320
6256 6255848
3880 3879206
3078 3077520
2543 2542450
3131 3130278
2611 2610414 2610581
1166 1165960
428 427070
186 185367
2145 2144432
1628 1627077 1627199
1986 1985471
1126 1125398
5146 5145874
2231 2230215
5258 5257181
4921 4920359 4920418
901 900901 900060
2465 2464785
617 616046 616953 616752
1528 1527748
1579 1578569
3085 3084758 3084366
5143 5142650
4274 4273240 4273532 4273786
2048 2047864
3576 3575457 3575354
6139 6138097
5105 5104864
5169 5168743
6394 6393887
1713 1712190 1712619
2087 2086095 2086541
5636 5635082
4424 4423894
3050 3049502
5956 5955672
639 638161
2426 2425530
4382 4381434
2179 2178082
4562 4561354
6036 6035063
3827 3826895
3501 3500794
4495 4494949
4503 4502997
2317 2316210
3087 3086620
159 158024
4320 4319413 4319872
6270 6269305
1933 1932039
2908 2907368
4527 4526600 4526516
2699 2698586
1691 1690770 1690866
276 275693
225 224548 224144
265 264193
5356 5355206 5355246 5355708 5355638
5024 5023330
3377 3376817
3122 3121800 3121072
3646 3645248
198 197086 197411
4402 4401454
5610 5609076
3531 3530812
3493 3492802 3492911 3492485
4489 4488058
4317 4316811 4316282
816 815504
4957 4956354
4790 4789110
1326 1325353
5810 5809306
4533 4532026
4090 4089622
5241 5240658 5240732
2549 2548437
1712 1711816 1711896
887 886501 886038
4738 4737365 4737264
5599 5598113
4851 4850632
815 814090 814350
3201 3200397
4436 4435004
2476 2475776 2475088
5974 5973774
1922 1921040 1921226 1921206
5668 5667233
3504 3503742
3273 3272422
2505 2504325
2047 2046845
419 418649 418035
1025 1024059
5551 5550045
3771 3770352
1797 1796112
5490 5489627
727 726267 726420
836 835760 835876 835438
1477 1476352
5887 5886864
5609 5608964 5608555
2649 2648449
5230 5229635
2035 2034215
3645 3644784
5509 5508060
2160 2159508
1688 1687670
2178 2177502
3742 3741206
1581 1580757 1580826
3686 3685351 3685031
6296 6295012
5135 5134804
4641 4640444
1262 1261808
1976 1975826 1975690
3739 3738771 3738633 3738097
2366 2365059
2022 2021540
6283 6282696
320 319716
903 902577
976 975551
6328 6327967
3913 3912750
1555 1554411 1554586
4048 4047324
2008 2007210 2007248
2853 2852095 2852505
4971 4970733
1094 1093302 1093355
5374 5373823 5373750
551 550485 550209
2440 2439435
6099 6098521
3555 3554792
3840 3839878
3756 3755205 3755229
3264 3263765
1575 1574528 1574614
694 693086
3144 3143359
4226 4225852
399 398237
935 934312
614 613942 613456 613997
5618 5617248
4392 4391234
732 731174 731097
2251 2250927 2250947
4615 4614877
162 161199
2637 2636862
4066 4065400
5116 5115307 5115845
1949 1948863
3683 3682735
4470 4469099
3363 3362397
5030 5029931
718 717952
3100 3099306
3489 3488226
4732 4731708
1100 1099052
3380 3379005
5749 5748229
5060 5059701
4601 4600497
3563 3562352
3047 3046143
5305 5304243
851 850161
5735 5734690
2898 2897353
4903 4902428
1138 1137412
5447 5446341
5299 5298722
5296 5295090
1426 1425561
2675 2674474
3384 3383933 3383080
5739 5738433
2625 2624904
2276 2275063 2275651
4941 4940030
1435 1434378
1384 1383379 1383700 1383669
1036 1035332 1035620
3450 3449476
5708 5707364
4421 4420817 4420572
5935 5934663
4397 4396705
5360 5359674
2686 2685873
2311 2310905
1639 1638044
1197 1196280
5930 5929585 5929340
1909 1908750 1908659 1908982
3171 3170717
4844 4843520
2683 2682192
3391 3390039 3390617
1424 1423702
1752 1751845 1751405
16 15752
4231 4230725
3224 3223577
6070 6069258
1598 1597144
4297 4296375
665 664409
2396 2395676 2395213 2395348 2395237
1646 1645778
2612 2611950 2611171
2994 2993899 2993841
1151 1150856
2211 2210441
2316 2315326 2315700 2315634
4607 4606043 4606691
5283 5282238
2263 2262506
3011 3010095
1489 1488044 1488561
930 929734
5695 5694102
6262 6261987
5822 5821710
5679 5678109
4449 4448755
3037 3036964
4742 4741102 4741462
1866 1865406
3477 3476660
4200 4199193 4199758
1850 1849193
2503 2502510
1973 1972428
1343 1342429
2750 2749194
5666 5665782
4856 4855754
4073 4072112
2575 2574501
1068 1067896
2472 2471276
838 837051
2142 2141219
2273 2272492
3207 3206211
230 229400 229839
4407 4406337
5681 5680743
832 831944
2053 2052200
1277 1276145
2821 2820288
1396 1395972
33 32690
3090 3089790
4937 4936405
3985 3984573
2700 2699216
1196 1195129
5764 5763327
4105 4104181
392 391491
1482 1481588
4182 4181723
3932 3931081 3931527 3931630
2462 2461657
3420 3419895
5265 5264469 5264930
2641 2640013
1059 1058101
5674 5673561
2721 2720233
2318 2317744
6300 6299072
2049 2048184 2048771
2334 2333028 2333305
2775 2774199
4797 4796871
4191 4190192
2662 2661070
5391 5390353 5390323
6388 6387196
6272 6271205
3510 3509566
3180 3179811 3179220 3179522 3179613
1156 1155628
4822 4821194
905 904499
66 65880 65750
5976 5975202
6356 6355638 6355719
3041 3040571
5918 5917811
4592 4591257
2128 2127429
2221 2220146
591 590796
2487 2486206
675 674955
6087 6086698 6086881
3719 3718881
857 856648
1289 1288844
5148 5147912 5147511
2239 2238218
5061 5060053
4870 4869192
2014 2013077
5224 5223777
4637 4636414
2685 2684676
4202 4201914
493 492423
4150 4149790 4149009
5528 5527867
3267 3266052
3451 3450253 3450656
960 959154
3774 3773860
5496 5495743
3325 3324794
2522 2521839
3211 3210221
1987 1986147
3026 3025705
764 763969
994 993254
5463 5462210
5139 5138305
4544 4543434
3370 3369484
5994 5993003
3068 3067515
453 452987
1479 1478967
6301 6300286
667 666374
3357 3356004
525 524857
192 191740
808 807520
948 947532
1243 1242200
1309 1308369
6384 6383502 6383211
3690 3689152
1127 1126904
4448 4447494
4877 4876081
2544 2543834
5967 5966301
4577 4576451
4419 4418031
6223 6222495
6224 6223994
405 404769
3669 3668633
1918 1917530
5239 5238485
1400 1399368
4672 4671330
3143 3142893 3142016
3861 3860198
2613 2612631 2612899
3456 3455147
3535 3534658 3534330
1759 1758478
3467 3466181
909 908433
4516 4515755
1312 1311709
4994 4993702
4089 4088863
2405 2404282
1519 1518903
5145 5144581 5144051
757 756701 756181
2181 2180072
2792 2791173
1040 1039219
2962 2961004
4368 4367527
4432 4431972
6349 6348102
21 20087
459 458419
731 730408
2774 2773303
6173 6172506
1664 1663804
171 170024
3157 3156282 3156365
2842 2841964
521 520557
3014 3013615
4084 4083862
4826 4825673
6344 6343329 6343200
4800 4799542 4799182
5652 5651352
1329 1328822 1328555
1372 1371198
4007 4006925
5149 5148558
5943 5942251
4228 4227801 4227529
4026 4025355
5567 5566302
1437 1436541
6228 6227610
2134 2133453
4909 4908051
2189 2188492
257 256369
1295 1294118
5696 5695604
3437 3436298
5103 5102640
1170 1169217
1801 1800040
720 719161
2415 2414948
5823 5822113
1088 1087302
1002 1001611
837 836436
542 541208
2515 2514312
1116 1115939
391 390217
5491 5490955
842 841785
2475 2474930
3317 3316298
1534 1533258
3584 3583070
5796 5795086
4349 4348805
3337 3336823
4371 4370729
649 648971
2935 2934247
6229 6228992
3898 3897810
1768 1767111
6288 6287635
785 784367
2093 2092463
741 740901 740745
1402 1401309
4381 4380713
5254 5253373
4123 4122108 4122003
3973 3972800
3367 3366031
3631 3630279
5192 5191152
2377 2376661
3198 3197807
2109 2108066
1511 1510952
3590 3589987
3349 3348219
3679 3678387
5379 5378588
6308 6307299
1269 1268102
3177 3176758
3401 3400489
628 627238
2406 2405745
827 826206
365 364225
3788 3787557
360 359332
3854 3853255
4547 4546544
4427 4426963
2271 2270128
1432 1431242
3386 3385707
4198 4197502
642 641012
1812 1811762
1078 1077657
2659 2658039
5746 5745355
4692 4691307
4446 4445227
5190 5189343
5094 5093796
6137 6136111
6147 6146960
385 384067
3852 3851897
4747 4746723
2546 2545813
2446 2445877
822 821446
2205 2204672
6241 6240258
4214 4213626
4367 4366822
3167 3166153
5193 5192638
5527 5526150
4413 4412359
239 238624
3545 3544422
4052 4051403
3770 3769524
4082 4081907
4246 4245168
2801 2800366
3387 3386501
1030 1029028
627 626111
1140 1139249
2152 2151658
483 482137
5294 5293185
4409 4408152
88 87369
1668 1667970
331 330945
1604 1603247
4283 4282812
2332 2331656
2618 2617942
4255 4254446
4695 4694894
2934 2933075
2481 2480390
5083 5082218
1531 1530305
3302 3301076
4679 4678609