
24861 24860317 24860317
35112 35111866
28648 28647411
38008 38007443
30146 30145163 30145163
17223 17222298 17222298
7857 7856863 7856863
4402 4401060
38475 38474741
15758 15757917 15757917 15757917
21718 21717272
13357 13356317 13356317
19535 19534035 19534035
3035 3034866 3034866
36804 36803191 36803191
43943 43942624
43030 43029098
23279 23278982 23278982
14615 14614907 14614907 14614248
12630 12629146 12629146
38872 38871250 38871250
31242 31241046
37468 37467103 37467103
38883 38882211 38882211
40122 40121246 40121246
31471 31470877 31470877
18053 18052313 18052368
35824 35823712
21366 21365273 21365273
36126 36125157
967 966873
5044 5043983
10132 10131728
3813 3812602
42408 42407857
17504 17503118 17503118
22220 22219731
38284 38283196
33533 33532766 33532766
21267 21266337 21266337
19343 19342940 19342940
36156 36155338
8329 8328035
24486 24485187 24485187
42515 42514366 42514366
34197 34196748
2681 2680939
7513 7512812 7512812
29153 29152402
27793 27792581 27792581
21549 21548948
12159 12158964
16297 16296190 16296190
34093 34092595 34092595
9315 9314859
28058 28057075
13403 13402168
42163 42162383 42162383 42162383
7255 7254982 7254982
429 428208 428208
23484 23483456 23483456
4255 4254438
14616 14615269
13177 13176232
40799 40798533
962 961534 961909
172 171713
32800 32799105 32799105
7352 7351992 7351992
7713 7712100
21684 21683204
1141 1140282
16187 16186580
573 572053 572053
5532 5531136
18987 18986400
16308 16307450
8944 8943560
30835 30834346
9340 9339689 9339689
39911 39910832
18843 18842681
25693 25692404
16549 16548679 16548679
33169 33168284 33168284
18547 18546139 18546139
38331 38330133
32767 32766629
41304 41303304
19090 19089031
35440 35439300
22945 22944797 22944797
314 313654 313654
7956 7955031 7955031
20817 20816902
32280 32279682 32279682
15131 15130664 15130664
27566 27565792
7722 7721236
31230 31229396
7092 7091474
41849 41848322 41848322
12608 12607809 12607809
4416 4415150
40127 40126404
43744 43743940
26814 26813559 26813559
19289 19288829 19288829
20579 20578936 20578936
9775 9774016 9774016
5320 5319317 5319317
251 250399 250399
27810 27809287
21236 21235112
14381 14380350 14380350
22054 22053007 22053007
19657 19656402 19656402
39348 39347673 39347673 39347673
33176 33175842
38511 38510216
33269 33268456 33268456
23312 23311726 23311726 23311199
5642 5641250 5641250
6059 6058096
2859 2858576
41185 41184978 41184978
30439 30438066 30438066
27680 27679333
23985 23984666
43505 43504419 43504419
9601 9600490
230 229575
42689 42688730
9996 9995663
38275 38274403 38274403
27662 27661047
3652 3651481
4932 4931328
24379 24378892 24378892
16829 16828018 16828018
42924 42923068 42923068
22769 22768003 22768003
32715 32714992
43551 43550126 43550126
43640 43639128 43639128
34588 34587619
29293 29292217 29292217
26948 26947337 26947337
4198 4197250 4197637
19679 19678749 19678749
4468 4467208 4467208
35962 35961688 35961688
9709 9708663
19164 19163535 19163535
15374 15373704 15373704
3762 3761010 3761010
17829 17828443
26420 26419106
27656 27655964
767 766636 766636
35346 35345891
24166 24165874 24165874
30853 30852056 30852056
39646 39645367 39645367
5264 5263017
43841 43840264
38381 38380785 38380785
36757 36756396
6645 6644922
3614 3613640 3613640
947 946345 946345
35574 35573143
26623 26622697 26622370
30492 30491014 30491014
17220 17219756
30125 30124341
6234 6233557 6233557
13154 13153728
23779 23778333 23778333
30677 30676703 30676703
13718 13717784
40974 40973148 40973148 40973148
4514 4513890
30609 30608765 30608765
30075 30074169
14280 14279796
33365 33365000 33365000
29201 29200244
30041 30040867
38889 38888803 38888803
8881 8880260 8880260
38737 38736260
37611 37610464 37610464
17846 17845026 17845026
12088 12087299
32540 32539349
16403 16402698 16402698
34499 34498730 34498730
31433 31432544
34571 34570798
4642 4641423
1442 1441612
19276 19275521
2071 2070314 2070314
18683 18682512
21320 21319684 21319684
40018 40017467 40017467
42949 42948132
35034 35033462 35033462
9948 9947659
34661 34660547
25808 25807300 25807300
33816 33815659 33815659
6530 6529590
38373 38372404
9740 9739623
26915 26914567
11436 11435079 11435079
6579 6578069
25281 25280416 25280416
35632 35631564
3688 3687130
10082 10081081
21068 21067961
32113 32112600
27947 27946839 27946839
11532 11531893 11531893
40020 40019314
13791 13790600 13790600
15876 15875532
10095 10094961
553 552896
35142 35141012 35141012
35090 35089768
18343 18342262 18342262 18342262
22337 22336061
41387 41386453 41386453
30503 30502016
37386 37385898 37385699
33968 33967320
29947 29946229
26733 26732122 26732122
22620 22619821
5305 5304731
37339 37338694
40384 40383363 40383363
13230 13229783 13229783
39379 39378422 39378422
41696 41695259
42416 42415362
38742 38741488
1410 1409804 1409804
42937 42936056 42936056
4438 4437400 4437400
28538 28537807 28537807
31882 31881729 31881729
37427 37426293
35688 35687598
12362 12361569 12361569
3375 3374229 3374229
31030 31029503 31029503
6071 6070440
841 840197
39210 39209305 39209305
37608 37607427
31943 31942469 31942469
13176 13175496
6471 6470277
7733 7732695
7049 7048524
40861 40860289
20082 20081956 20081956
40337 40336071 40336071
38967 38966295
12079 12078059
13923 13922308
23346 23345526 23345526
23386 23385782
16182 16181691
17413 17412421
18386 18385207
34083 34082725
29599 29598600 29598600
5584 5583678
7160 7159588
28362 28361064
27824 27823112 27823112
19148 19147710
43795 43794920
38266 38265701
17370 17369796
42250 42249025 42249025
3855 3854135
1589 1588502 1588502 1588502
22531 22530431
12827 12826007
28316 28315552
1031 1030335
24883 24882641 24882641
38212 38211501
19287 19286497
32387 32386084 32386084
523 522029 522029
14122 14121207 14121207
31294 31293721 31293721
34074 34073011
5619 5618836
6140 6139766
34404 34403069
8818 8817708 8817708
40612 40611191 40611191
20273 20272001
20641 20640706
32415 32414845 32414845
19263 19262063
25894 25893994 25893994
22395 22394239 22394239 22394239
31632 31631355
25772 25771747
7716 7715247
33924 33923943 33923943
23052 23051930 23051930
17312 17311652 17311652 17311652
21384 21383652
36504 36503959 36503959
26051 26050588
6457 6456537
31659 31658478 31658478
23661 23660483
12160 12159582
9666 9665295
35775 35774111 35774111
41498 41497524
6813 6812545
21346 21345501
5344 5343080 5343080
1815 1814615
39640 39639761 39639761
39012 39011793
21540 21539828
23956 23955796
42059 42058892 42058892
20199 20198940
39017 39016627 39016627
13658 13657998
16711 16710322
3803 3802404
36077 36076957
39328 39327485
23865 23864474
34909 34908485
28131 28130372
23628 23627631 23627631
342 341032
9440 9439957
25818 25817160
4570 4569812 4569812
27494 27493064
33870 33869470 33869470
18136 18135520 18135520
19047 19046214 19046214
13169 13168119
1439 1438391
1096 1095780
18252 18251972
24299 24298417 24298417
38754 38753090 38753090
27798 27797766
26272 26271304
2677 2676219
13589 13588835
38103 38102623
40716 40715655
12879 12878828
1445 1444237
686 685181
728 727271 727271
42470 42469690
35567 35566022
28884 28883518
26107 26106639
39189 39188841
2517 2516504 2516504
42396 42395496 42395496
1083 1082725
29186 29185742
5239 5238552
27731 27730664
29702 29701803 29701803 29701803
40320 40319078 40319181
26651 26650793
35261 35260817
35729 35728513 35728513
31953 31952483
13446 13445458 13445458
14150 14149673
10129 10128993 10128993
40519 40518028
9142 9141551
35954 35953050
35977 35976515
12192 12191598 12191598
45 44554 44554
12912 12911332
15572 15571275 15571275
19044 19043204 19043204
33942 33941055 33941055
5824 5823651
32726 32725036
40024 40023858
2377 2376930
13130 13129032
19738 19737700
3957 3956273
29113 29112995 29112995
42714 42713982
15379 15378896
41087 41086680 41086680
14555 14554663
33248 33247411
13677 13676382
35322 35321959
41961 41960683 41960683
29820 29819709 29819709
25765 25764914
17633 17632538 17632538
20434 20433014
23113 23112982
28920 28919848
38272 38271452 38271215
28214 28213663
5294 5293749
31033 31032906
34321 34320792
24039 24038555 24038555
27253 27252581
6404 6403617
37133 37132849
34727 34726894
464 463545 463545
2644 2643999
4337 4336555
37199 37198916
21129 21128391 21128391
25931 25930726
2036 2035143 2035143
27037 27036074 27036074
25845 25844249
23382 23381444 23381444
13391 13390756 13390756
25084 25083690 25083690
16587 16586616
3147 3146612
18418 18417488 18417488
30026 30025620
15924 15923537 15923537
15457 15456015
24473 24472817
820 819735 819735
31602 31601538
4655 4654470
393 392638
2435 2434943 2434943
4095 4094194
12472 12471323
2096 2095653
31945 31944953
22000 21999186 21999186
15502 15501103 15501103
14795 14794865 14794955
6833 6832726
20778 20777572 20777572
14100 14099314
25395 25394971
32095 32094005 32094163
42971 42970831
39064 39063409 39063618
35023 35022518
35013 35012736
33305 33304843
31029 31028874
12397 12396255
17093 17092204
41170 41169312 41169312
42485 42484503
3767 3766046 3766046
4620 4619891
39690 39689147 39689147
22440 22439073
13362 13361328
8914 8913975
14141 14140656
34916 34915608
20477 20476409
2127 2126010
41851 41850887
13082 13081330
2501 2500327
13415 13414324 13414324
27759 27758722 27758722
3672 3671237
13834 13833443
922 921338
42820 42819040
29204 29203671
11498 11497350 11497407
18452 18451475
42837 42836962
32813 32812893
9089 9088619
41533 41532843
36282 36281904
31529 31528263
13204 13203107
16098 16097929
20706 20705394
20088 20087755
20680 20679040
30088 30087704
15042 15041259
35380 35379935
36660 36659523
6088 6087822 6087822
7410 7409176 7409176
6762 6761146 6761146
35852 35851841
21224 21223684
20152 20151052
37799 37798429 37798429
262 261464
29566 29565416
4091 4090958
9077 9076435 9076435
13052 13051393
30738 30737919
24888 24887646
37998 37997258 37997258
41786 41785236
26620 26619446
4747 4746739
31837 31836506 31836506
12418 12417839
32498 32497116
29321 29320481
31875 31874479
24588 24587698
27170 27169905
35774 35773677
8000 7999401
36903 36902244
28408 28407841
5349 5348952
17009 17008834
20449 20448329
17546 17545103
32324 32323229
6384 6383882 6383882
30378 30377287 30377287
15551 15550117
43286 43285002 43285002
3357 3356253
8880 8879521 8879521 8879521
25994 25993164
36080 36079489
31163 31162845
37237 37236961
32548 32547488
5265 5264664
989 988400
9509 9508159
8394 8393081
39010 39009631
23832 23831911
40487 40486694
31003 31002180
3294 3293186
29986 29985804 29985804
13340 13339940 13339940
41722 41721454 41721454
39741 39740558
2074 2073086
10145 10144866
9975 9974136
14868 14867124
5748 5747370
30958 30957790
18636 18635036
17714 17713599
28888 28887249
38075 38074776
38590 38589075
21914 21913290 21913996 21913333 21913333
17589 17588036
27973 27972868 27972868
42322 42321528 42321528
36544 36543832
11555 11554879
3086 3085403 3085403
35873 35872804
28244 28243745 28243745
9506 9505826
42262 42261653 42261653 42261653
6481 6480729
4257 4256963
28462 28461832 28461832
29038 29037422
783 782380
28163 28162814
14746 14745846
6192 6191632
39647 39646255
17075 17074244
15259 15258251
35521 35520095
41021 41020233
27391 27390058
39801 39800040
18226 18225535
36719 36718154
9826 9825663 9825663
35192 35191015 35191015
25486 25485527 25485527
18077 18076994
34250 34249031 34249031
20092 20091876
6711 6710881 6710881
30575 30574257
22031 22030907
16584 16583539
25958 25957812
32290 32289817
16854 16853966 16853966
43032 43031849 43031849
30942 30941477
12606 12605281
33094 33093451
25215 25214863
7637 7636368
35812 35811490
41435 41434961
25882 25881662
4695 4694339
42841 42840910 42840910
33000 32999635
15563 15562645
25557 25556525
964 963452
13724 13723120
19536 19535663
14456 14455864 14455864
26308 26307284
27675 27674955
9016 9015453
29010 29009455
39354 39353355 39353355 39353355
32847 32846875
650 649998
516 515561 515561
31034 31033878
21459 21458284 21458284
33028 33027293
6373 6372079
34140 34139220
39863 39862264
6902 6901362
2178 2177871
39756 39755663
2031 2030610
16454 16453105
9445 9444920 9444920
22411 22410173
22029 22028134 22028134
39979 39978246
29262 29261855 29261855
7114 7113855
10193 10192090
31746 31745223 31745223
38705 38704145
40133 40132855
9254 9253071
20950 20949160
27637 27636679
42643 42642487 42642487
35896 35895265 35895265 35895265
41635 41634504
41452 41451500
40577 40576864
22927 22926127
37932 37931403 37931403
20793 20792772 20792772
21598 21597771 21597771
16487 16486135 16486135
21316 21315165
42974 42973896
19068 19067515
4423 4422904
5009 5008760
23260 23259581
12934 12933137
32060 32059377
40659 40658179
8572 8571284
37536 37535955
33267 33266091
42225 42224950
38104 38103514
19705 19704979
17800 17799041
29149 29148259
4224 4223446
34427 34426909
26252 26251829 26251829
15955 15954792 15954792
29669 29668881
34820 34819255
21807 21806959
1549 1548099 1548081
9565 9564689
33751 33750165
31074 31073521
27119 27118103
3136 3135333
19998 19997088
3829 3828138
9389 9388380
30997 30996346
2650 2649378 2649378 2649378
40138 40137966
22632 22631382 22631345
6879 6878030
24035 24034572
11363 11362026
19605 19604605
33459 33458236
5256 5255926 5255926
1179 1178477
17254 17253396
26192 26191222
14025 14024218
26715 26714250 26714250 26714250
33311 33310031
37256 37255188
32843 32842399
26407 26406647
10049 10048700
22995 22994026 22994026
5117 5116208
35930 35929381
31189 31188415 31188415
8577 8576228
23799 23798162
34320 34319933
39976 39975025 39975025 39975025
25791 25790899 25790899
27875 27874355
36307 36306066
17885 17884928
6706 6705886
29961 29960312 29960312
4991 4990964
5899 5898069 5898069
17289 17288499
6567 6566626
32710 32709136 32709136
40803 40802472
37750 37749030 37749030 37749030
4698 4697994 4697994
25858 25857442
19226 19225670 19225670
2448 2447357 2447357
7922 7921701
27440 27439665
4542 4541261 4541261
16023 16022666
14067 14066350
7992 7991180
34357 34356411
41064 41063924
6285 6284305
27997 27996021 27996021
41377 41376820
34096 34095846
13106 13105929
27995 27994339
36951 36950403
1039 1038629 1038629
8654 8653210
17630 17629352
24729 24728468
37421 37420390 37420390
37180 37179745
5284 5283216
7623 7622300
15182 15181850 15181850
3819 3818923
34580 34579320
22681 22680248 22680248
12302 12301752
24193 24192050 24192050
43075 43074796
42331 42330252
7699 7698911
3917 3916473 3916473
38048 38047713
26808 26807470
15761 15760254
2135 2134745 2134745
33801 33800409 33800409
12082 12081424 12081424
31832 31831416
39939 39938166
18079 18078045
40828 40827781
32649 32648558
28534 28533505 28533505
43235 43234173
10163 10162081 10162154
35813 35812425
30819 30818707
34990 34989362
18496 18495457
17015 17014702
35764 35763295
32943 32942483 32942483 32942483
40914 40913744
31026 31025843
22710 22709307
4754 4753837 4753837
16456 16455195
43209 43208786
17459 17458630 17458630
17539 17538545
13672 13671203
3410 3409688
607 606737
32414 32413270
14270 14269595
30368 30367489
9251 9250608
6928 6927845 6927845
26786 26785013 26785013
19803 19802736
2989 2988570
14593 14592046 14592046
21713 21712633 21712633
5978 5977709
39229 39228946 39228695 39228946
39561 39560214
36100 36099497 36099497
38162 38161711
3898 3897507
17232 17231024
42244 42243343
6248 6247248 6247248
5747 5746144
36015 36014253
23452 23451204
26825 26824243 26824243
13286 13285060
22361 22360961 22360961
37450 37449694
34859 34858089
6016 6015019
35015 35014932 35014932
35652 35651266
12817 12816394
29386 29385114 29385114
37615 37614287
8844 8843980
1658 1657079
5592 5591284
32045 32044691
21445 21444290
13766 13765629 13765629
16400 16399497
21373 21372719 21372719
42961 42960430
25880 25879935
14425 14424582
34300 34299183 34299183
3088 3087767
2094 2093800
40738 40737469
27084 27083441
42375 42374196
29323 29322957
18110 18109272 18109272
35490 35489296
7339 7338116
22563 22562211
631 630661
5166 5165857
15409 15408609
25002 25001258
43240 43239490
36329 36328251
4003 4002384
7208 7207747 7207747 7207747
2297 2296141 2296141
34388 34387842
17418 17417595
18351 18350536 18350536
39877 39876404 39876404
2895 2894855 2894855
28623 28622685
40231 40230686
18725 18724929 18724929
12460 12459051
4779 4778872
21862 21861869 21861869
23912 23911334 23911334
42514 42513789 42513789
14137 14136511 14136511
28393 28392337 28392337
35876 35875338
30393 30392785
24368 24367280
9514 9513786
8184 8183715
1591 1590857
37849 37848198
36354 36353541 36353541
42328 42327932
25442 25441978
23063 23062590
23736 23735007 23735007
7858 7857789 7857789
21302 21301600
35474 35473135
8383 8382859
6751 6750491
21516 21515994
36059 36058483 36058483 36058581
42553 42552987
43676 43675387
42942 42941405
21893 21892921
38361 38360495 38360495
34489 34488855
34144 34143157
6962 6961238
12243 12242664 12242664
37171 37170160
30350 30349583
1684 1683836
33356 33355632
9734 9733455
1880 1879822
38047 38046254
37721 37720790
43632 43631704
29238 29237716 29237716
33492 33491617
30132 30131903
33390 33389112
36703 36702028
41659 41658623
38115 38114018
24919 24918295
23298 23297630 23297630
12271 12270349
20987 20986954
43249 43248962
1536 1535358
9593 9592812
43185 43184385
7111 7110260
36572 36571649
35971 35970533 35970533
21151 21150609 21150609 21150609
17872 17871467
43670 43669598
37431 37430718
43708 43707594
1461 1460672
36311 36310387 36310387
31710 31709222
30713 30712529
30860 30859130
25246 25245119
16760 16759267
20151 20150355
21461 21460101
24201 24200630
4607 4606792
29296 29295807
85 84776
13626 13625321
2292 2291414
16207 16206419
12221 12220341
21214 21213400
34910 34909452
27552 27551513
17899 17898660
3382 3381576 3381576
33935 33934774
17810 17809505
27905 27904107
31603 31602183
38870 38869535
21251 21250723
22575 22574210 22574210
16272 16271556 16271169
30364 30363428
23921 23920366 23920366
36191 36190820
18778 18777882 18777882
23451 23450486
25482 25481763
18231 18230706
16161 16160597 16160597
25949 25948234 25948234
31422 31421077
42007 42006357
39431 39430363 39430363
31426 31425493
5966 5965493 5965493
39170 39169106
21671 21670382
8586 8585005
18236 18235026
32099 32098328
32479 32478918 32478918
38123 38122754
17753 17752649
22678 22677938 22677938
12735 12734335
39127 39126238
23904 23903986
4687 4686443
5891 5890730
7101 7100476
36040 36039021
23487 23486665 23486484
24499 24498211
3067 3066376
2026 2025808
890 889818
26665 26664479 26664126
12757 12756824
36640 36639712
15595 15594986
23517 23516925
31980 31979744
14924 14923508
33568 33567084
34595 34594387
24138 24137771 24137771
41104 41103653 41103653
1915 1914198
39780 39779029 39779029
18181 18180197
19709 19708332
21562 21561179 21561179
21265 21264009
28556 28555627
20709 20708306 20708106 20708106
22289 22288923
19106 19105855 19105855
3429 3428225
14782 14781389 14781389
18317 18316311
35415 35414372
9609 9608844
17675 17674710
25118 25117457
22994 22993143
17732 17731322
34672 34671923
4316 4315654
43506 43505341 43505341
28059 28058371
21230 21229487
42951 42950129
30779 30778691
25076 25075790
34979 34978595
29487 29486059
29735 29734711
22882 22881596
5506 5505036
30840 30839190
35235 35234085
24432 24431707
34363 34362537
41458 41457532
6347 6346984
39026 39025084 39025084
8802 8801348 8801348
1502 1501702 1501702
39382 39381457
41348 41347434
6083 6082963
18688 18687004
27415 27414020
41407 41406474
23223 23222357
18698 18697725
27063 27062962 27062962
9647 9646513
22405 22404487 22404487
41563 41562050 41562050
22269 22268651
6449 6448708
4597 4596264
41897 41896556
29754 29753613 29753613
38650 38649683
15547 15546607
36584 36583932
39522 39521151
3284 3283834
5108 5107880 5107880
7833 7832904
32748 32747939
40307 40306381
39924 39923640
16955 16954151 16954151
5029 5028956 5028956
19207 19206724
24238 24237609 24237022
32004 32003890
35719 35718721
32611 32610479 32610479
166 165516 165197 165197
1722 1721086
38860 38859955
14777 14776727 14776727 14776727
13529 13528996 13528996
36324 36323094
41517 41516347
31981 31980385 31980385
40140 40139887 40139887
24189 24188386
16850 16849863 16849863
27250 27249599
34564 34563478
8051 8050318
25680 25679830
5399 5398126
4850 4849133
856 855706
35306 35305460
9444 9443692
1776 1775224
6603 6602113 6602113
19034 19033193
22391 22390731
4286 4285831
19936 19935834
33304 33303403
14767 14766758
21387 21386220 21386220
43489 43488893
35189 35188396
21888 21887233
11548 11547651
26830 26829866
4252 4251531
41926 41925426 41925426
22071 22070323
2786 2785627 2785627
16520 16519167
37713 37712774
4739 4738410
6392 6391143
28868 28867205
39747 39746010
21239 21238801 21238801
34860 34859008
6261 6260247
2164 2163685
23942 23941529
23697 23696804 23696804
24581 24580583
11386 11385246
311 310528 310528
27915 27914319
13241 13240632
37161 37160075
8234 8233034
39336 39335677
12512 12511488
21396 21395479
43544 43543093
37943 37942886
39770 39769649
14481 14480271
3629 3628545
12758 12757637
19580 19579415 19579415
34863 34862255
38362 38361434
21971 21970849
13291 13290047
16561 16560603
27590 27589145
34339 34338900
7043 7042843
3594 3593739
27668 27667370
21268 21267651
16801 16800482
37992 37991342
30875 30874068
21391 21390146
32833 32832922 32832922
40410 40409258
18394 18393516
14361 14360241
18149 18148834 18148834
39814 39813952
32922 32921521
42211 42210395
3185 3184021
15639 15638862 15638862
39619 39618544 39618544
41523 41522303
24946 24945434
22099 22098416
41957 41956842
20365 20364652
1768 1767599
36183 36182335
16501 16500928
8292 8291844
20525 20524792
17129 17128779
9045 9044705
39687 39686514
21018 21017380 21017380
26249 26248120
14397 14396612
987 986772
15181 15180553
19895 19894834
9586 9585665
12496 12495854
6773 6772946
37692 37691171
31381 31380323
36498 36497762
18017 18016689
28121 28120850
3537 3536589
5553 5552686
19547 19546590 19546590
16926 16925265
33047 33046308
31293 31292990
2390 2389975
37394 37393609
14089 14088681
6194 6193195
30748 30747685
29314 29313181
21487 21486862
39837 39836455
40389 40388684
26810 26809231
18605 18604439
35128 35127730 35127730
36122 36121387 36121387
21829 21828900
43234 43233414
22055 22054034 22054034
33640 33639187
28580 28579144
39092 39091069
34472 34471086
38007 38006843
5541 5540222
30806 30805393
5444 5443458 5443458
41234 41233298 41233298
28677 28676238
28403 28402793
35920 35919725
40217 40216758
16651 16650921
39610 39609912 39609912
42990 42989388
37874 37873787
4164 4163816
31119 31118145 31118145
19234 19233683
37626 37625111
8069 8068919
31047 31046478
3745 3744767
8868 8867280
3445 3444355 3444355
25250 25249266
29806 29805433
38794 38793459
27267 27266512 27266512
32757 32756950
41251 41250188
1755 1754135
20124 20123073 20123073
5093 5092837
5451 5450867
16840 16839165
37789 37788130
35412 35411333
215 214767
24117 24116966
10265 10264567
2457 2456891
22371 22370336
24751 24750425
18601 18600686
17815 17814548
19419 19418130
39341 39340162
35916 35915401
29256 29255967 29255967
20114 20113339 20113339
42561 42560130
28126 28125765
40314 40313378
43922 43921906
35825 35824576
28879 28878092 28878092
41879 41878777
35917 35916577
30801 30800815 30800815
29661 29660307 29660307
31330 31329641
42777 42776774
36312 36311117
42002 42001621
3861 3860027
5928 5927351
42026 42025805
34949 34948187 34948187
35990 35989865
13034 13033480
32022 32021444
19981 19980340
25767 25766369
21479 21478544
4704 4703505
15923 15922738
19816 19815615
36588 36587785
36898 36897387
2018 2017414
9322 9321121
22200 22199927
27542 27541728
20491 20490301
31461 31460931
19161 19160708
196 195645
14382 14381028
14389 14388828
16759 16758911
3020 3019003
2942 2941381
40692 40691648
22557 22556314
30309 30308200
42400 42399043
24161 24160809
37375 37374791
19507 19506385 19506385
1186 1185123
39895 39894288
8247 8246681
26914 26913819
14829 14828924
33013 33012087 33012087
21530 21529854
4504 4503960
7790 7789607
25041 25040833
22738 22737204
21141 21140829
34115 34114204
13637 13636398
491 490357
12883 12882208
33662 33661794 33661794
38693 38692560
43713 43712882
27713 27712242
20261 20260110
6556 6555382
19139 19138199
1944 1943344
3885 3884562
2243 2242661
30200 30199619
21341 21340758
43242 43241302
1685 1684877
5681 5680208
38962 38961354
21383 21382802
8696 8695200
33516 33515979
3037 3036240
4678 4677655
30543 30542847
7119 7118870
2360 2359828
34466 34465560
16764 16763468
18951 18950708
6467 6466008
4557 4556092
39577 39576670
27029 27028606
22914 22913837 22913837
33835 33834753
639 638445
39990 39989190
5931 5930253
22772 22771701
4013 4012115
15031 15030794
21885 21884943
32853 32852418
3485 3484560
34799 34798915
29117 29116767
7572 7571453
15317 15316371
28172 28171046
39130 39129774
37728 37727171
14754 14753257
30297 30296087
38493 38492409
29586 29585978
30104 30103352
42115 42114434
40303 40302434 40302434
31305 31304537
12513 12512951
12638 12637041
10287 10286660
39926 39925926
5700 5699503
4037 4036321
32908 32907718 32907718
30755 30754267
29129 29128515
36908 36907222
8405 8404780
16021 16020563
14427 14426573
22465 22464493
40105 40104483
27110 27109624
28850 28849730
29609 29608901
14599 14598694
16608 16607564
39327 39326045
2056 2055071
5729 5728316
27390 27389745
22281 22280343
37896 37895137
43447 43446810
38494 38493839
10292 10291630
20872 20871463
40533 40532458
5682 5681695
32376 32375931
18945 18944500
3733 3732329
22153 22152167
31006 31005422
12414 12413996
33718 33717881
42829 42828433 42828433
8903 8902016
32359 32358979
19128 19127802
20908 20907420
20813 20812374
28248 28247523
16326 16325861
2802 2801364
41549 41548879
8902 8901989
32288 32287710
17445 17444960
43371 43370103 43370103
2846 2845853
33271 33270711
5387 5386325
12471 12470795
25928 25927724
12925 12924206
2221 2220722
28956 28955762 28955586
28024 28023792
35563 35562100
30384 30383042
3645 3644559
42460 42459903
26798 26797705
35037 35036732
23169 23168474
6843 6842815
14567 14566263
32322 32321548
30603 30602482
22151 22150631
32893 32892700
12097 12096711
7210 7209223 7209223
6949 6948648
40382 40381249
43095 43094610
32563 32562987
27345 27344464
20573 20572507
7215 7214123
16340 16339697
13943 13942094
43057 43056610
18265 18264252
37838 37837653
34304 34303532
34114 34113532
19599 19598958
17108 17107057
10131 10130840
21168 21167599
9414 9413657
28144 28143305
19940 19939841
32550 32549404
37889 37888215
42324 42323418
3061 3060382
28192 28191322
43015 43014468
34542 34541503
23617 23616985
32019 32018156
432 431881
34315 34314743
33776 33775196
23434 23433822
19057 19056642
1751 1750449
33403 33402574
33103 33102472
39309 39308536
29070 29069016
43493 43492916
22639 22638571
12123 12122863
43514 43513701
34243 34242510
17288 17287433
26425 26424754
43572 43571882
36701 36700022
39463 39462586
37065 37064298
25308 25307251
3896 3895839
27031 27030185 27030185
27686 27685311
34506 34505277
25147 25146510
7556 7555723
26575 26574963
16692 16691171
12507 12506778
4802 4801709 4801709
30600 30599212
21152 21151189
40455 40454819
7468 7467773
35861 35860888 35860888
4341 4340406
37606 37605770
38262 38261762
18403 18402404
9827 9826381
24403 24402759
7189 7188647
2469 2468088
4732 4731535
30419 30418353
31626 31625733
32925 32924096
5754 5753874
1575 1574088
42564 42563406
39907 39906161
20045 20044587
33434 33433356
8262 8261855
18525 18524501
24111 24110757
36996 36995954
13997 13996399
24989 24988650
11429 11428465
43779 43778719
4972 4971824
43221 43220991
4123 4122123
42909 42908092
6410 6409867
22228 22227828
43212 43211423
31851 31850028
29749 29748672
7509 7508474 7508474
22798 22797951
28585 28584159
12478 12477416
21019 21018571
22550 22549008
31527 31526922
32182 32181348
32285 32284557
8378 8377068
15017 15016152
32619 32618976
14325 14324858
42688 42687370
12173 12172285
32149 32148660
26965 26964789
20842 20841495
13877 13876310
25812 25811815
27960 27959848
42221 42220106
7170 7169632
13425 13424459
21746 21745614
25998 25997552
33203 33202505
37633 37632613
18325 18324621
34111 34110949 34110949
39825 39824688
32551 32550342
36364 36363902
8165 8164456
17307 17306456
18883 18882991
39202 39201724
22556 22555635
6069 6068633
4191 4190514
2231 2230948
18526 18525780
15984 15983801
18463 18462020
31778 31777804
26778 26777339
36961 36960981
29766 29765959
6745 6744963
33402 33401759
24097 24096772
25323 25322985
41399 41398978
29020 29019666
20760 20759550
35246 35245728
22727 22726728
42217 42216015
38845 38844812
14701 14700961
26567 26566654