
27604 27603004
16092 16091197 16091197
14537 14536208
37713 37712734
30887 30886729 30886729
29828 29827469 29827469
46608 46607600 46607600
640 639019
8283 8282734
40424 40423318 40423710
40984 40983137 40983137
35710 35709020 35709020
16232 16231556
24150 24149850
1212 1211275 1211275
7585 7584728 7584728
13707 13706710 13706710
36735 36734618
27614 27613765
5313 5312265 5312850 5312265
36898 36897829 36897829
22615 22614595 22614595
15536 15535633
36103 36102369
46239 46238284 46238284 46238300
22126 22125960
12607 12606265
12662 12661912
17718 17717616 17717616
38467 38466661
6665 6664078 6664078
47564 47563653
8164 8163677 8163677
48158 48157795 48157795
15750 15749828 15749828
11203 11202414 11202414
18788 18787346
7371 7370738
37349 37348122
37361 37360109 37360962 37360109 37360962
6232 6231340
24021 24020356
5363 5362025 5362025
6467 6466657
45907 45906204 45906653 45906204 45906653
30557 30556937 30556937
8174 8173818 8173815
34253 34252918
2249 2248473 2248473
11007 11006914 11006422
46547 46546658 46546658
7179 7178349
39407 39406104
26341 26340987
11257 11256263
9581 9580511
44862 44861508
19506 19505010 19505010 19505010
27805 27804088 27804153 27804153
30578 30577523
160 159670
9771 9770041 9770041
29576 29575030 29575158 29575030 29575030 29575158
21793 21792598
25059 25058725
30721 30720748
14682 14681438 14681438
47440 47439727
15449 15448681 15448681
34152 34151208
18504 18503251
33285 33284179
47052 47051410
7312 7311410
39376 39375541 39375541
7707 7706249 7706249
402 401494
26246 26245051
31768 31767448 31767448
21178 21177604
46481 46480889
24369 24368830 24368830
37036 37035448
47650 47649013
18548 18547537
1115 1114096
35504 35503749 35503749
45272 45271689
19989 19988791
285 284250
820 819179
13457 13456209 13456209
42043 42042315 42042315
29874 29873065 29873065
15067 15066894
19439 19438061
1494 1493583
46618 46617341
36534 36533123
40943 40942821 40942821
25425 25424335
5009 5008491
32207 32206721
9968 9967942 9967942
11962 11961149
30155 30154488
18723 18722963
22868 22867409
43475 43474402
12520 12519961
36319 36318296
27171 27170538 27170538
497 496556
47167 47166769
46108 46107375
36961 36960799
11312 11311277
40529 40528369
16559 16558097
23341 23340340
46241 46240950 46240950
10096 10095449 10095449
19320 19319885
28361 28360219 28360219
16437 16436749
47449 47448743 47448743
2555 2554750
28198 28197804 28197804
39861 39860051
12279 12278964 12278964
48720 48719399 48719399
37095 37094160
32366 32365379
38582 38581517 38581517
6924 6923671
25877 25876674 25876087 25876087 25876087
2348 2347373
28419 28418626 28418626
15238 15237389
37983 37982050
45015 45014221 45014221
24594 24593596 24593596 24593596
36132 36131883 36131883 36131883
26623 26622144
46232 46231656
15408 15407130 15407130
23348 23347177 23347177
44275 44274905 44274905
10012 10011031 10011031
47338 47337187
25212 25211568
22118 22117399 22117399
45654 45653441
31889 31888764
1685 1684303
6754 6753858
10374 10373541
7195 7194195
1752 1751443 1751443
34048 34047884 34047884
40254 40253369
22605 22604573
8117 8116190 8116190
39336 39335023
2273 2272525 2272525
40180 40179204
45855 45854940 45854940
6668 6667004
20167 20166340 20166340
13063 13062362
29517 29516154
24641 24640721
35824 35823032
46415 46414231 46414231 46414231
48401 48400471
46040 46039343
7835 7834191
21787 21786200 21786200
36006 36005598 36005598 36005598
41526 41525186 41525186
32715 32714694
42417 42416771 42416771 42416771
10546 10545437 10545437
18643 18642402 18642402 18642402
33148 33147251
37664 37663104
35171 35170915
36504 36503748
13541 13540784
39228 39227121 39227121 39227121
23833 23832774
45087 45086363
392 391398
30682 30681541
18914 18913311
37601 37600063
32792 32791431
45190 45189913 45189913
42355 42354769 42354769
48887 48886689 48886689
9743 9742128
27371 27370025
3082 3081309
33073 33072776 33072776
27386 27385757
36065 36064804 36064804
40742 40741147
37937 37936771
39627 39626887
8611 8610047 8610047
19084 19083596
916 915601 915950 915601
17475 17474084
31340 31339518 31339518
17792 17791662 17791662
15456 15455226 15455306
14796 14795322
40084 40083225 40083225
15380 15379161
8965 8964573 8964573
30433 30432639
26786 26785191 26785191
43398 43397008
34449 34448608
22400 22399129 22399129
25485 25484093
28700 28699545 28699545
28286 28285142
31571 31570966
18183 18182870
7799 7798108 7798108
13305 13304236
779 778863
563 562433 562433
28036 28035190 28035190
21474 21473336 21473336
33671 33670767 33670767
3849 3848512 3848517 3848023
47068 47067604 47067604
34090 34089747 34089747 34089747
42657 42656135
14195 14194223
22732 22731686
35138 35137714
18652 18651723 18651723 18651723
6126 6125842
48273 48272205
36511 36510776
46445 46444078
11816 11815755 11815755
35334 35333220
2710 2709762 2709762
13683 13682912 13682912
37421 37420031
31592 31591169
45779 45778439 45778439
18098 18097658 18097658
46034 46033732 46033732
18684 18683875
45685 45684470
46014 46013005
28350 28349465
11653 11652026
1743 1742934 1742341 1742341
21961 21960005 21960005
19163 19162692
45693 45692552
35571 35570799 35570799
21641 21640822
39427 39426116
28529 28528328
7019 7018767
16381 16380599
45126 45125445
48411 48410451
35630 35629628 35629628
42426 42425751
24472 24471078
45839 45838682
46043 46042345 46042345
21092 21091488
2364 2363176
5116 5115044
41857 41856269
40419 40418177 40418177
10729 10728797
47061 47060781 47060781
3119 3118136 3118136
11049 11048562 11048562
6465 6464268
9174 9173500
20693 20692415
45818 45817152
7296 7295275
3777 3776957
33343 33342413 33342413 33342413
10500 10499711 10499711
24121 24120484
34999 34998838 34998838
17147 17146709 17146709 17146709
41267 41266898
4654 4653106 4653286
37145 37144078 37144078
32660 32659455 32659455 32659455
21763 21762601
10850 10849030 10849030
28846 28845590 28845590
3173 3172843
33298 33297758
46747 46746276
42550 42549833
42583 42582256 42582256
10845 10844019 10844019
13564 13563593 13563593
9396 9395929 9395929
21968 21967774 21967774
41711 41710637
25448 25447285
32166 32165759
18149 18148099
7738 7737667
16992 16991147
43838 43837493 43837493
14791 14790985
30040 30039082
7822 7821455
1046 1045512
9589 9588068 9588068 9588068
48925 48924765
14436 14435766
4706 4705931 4705931
6288 6287660 6287660
48948 48947576 48947576
45075 45074368 45074368 45074368
8152 8151866
34567 34566699 34566699
46632 46631340 46631340
24715 24714842 24714842 24714842
19598 19597003
40204 40203085
29069 29068247
45889 45888708
22744 22743045
44945 44944180
46620 46619708
48085 48084147 48084147
7386 7385204 7385204
26955 26954756
19936 19935253
8650 8649925
21218 21217791
5808 5807482
14152 14151597
8619 8618013
2736 2735919 2735919
40626 40625361 40625078
44236 44235752
10653 10652329
42325 42324312
37520 37519059
15589 15588881 15588881
7138 7137346
13686 13685812
6002 6001205 6001205
45699 45698277 45698277
2302 2301874
2083 2082259
39965 39964159 39964159
43553 43552860
4136 4135685
30092 30091785
241 240330 240330
28116 28115347 28115347
2699 2698446 2698446
2742 2741289
27263 27262245
46882 46881767
28685 28684944 28684944 28684576
44054 44053612
13766 13765727 13765727
4887 4886787 4886787 4886787
13471 13470009
3377 3376357
18619 18618660
29692 29691973
7267 7266899
4354 4353979 4353979
30283 30282012
47606 47605181 47605181
251 250326
41573 41572625 41572625
48376 48375648
25600 25599349
11373 11372073
37102 37101119
28924 28923740
23150 23149168 23149168
1019 1018169 1018169
25632 25631339
8215 8214127 8214127
35524 35523706
48776 48775501
35580 35579413
28358 28357896 28357896
354 353559
3452 3451665
42835 42834043
27338 27337201
48508 48507285
43582 43581821
45219 45218411
42912 42911712 42911712
17349 17348914
39973 39972178 39972178
10555 10554290
933 932390
43924 43923776
7971 7970836
5168 5167612
40315 40314304
9758 9757027 9757027
9522 9521202
29920 29919356
27298 27297608 27297608
22251 22250386
8585 8584405
41606 41605597
5014 5013364 5013364
40645 40644785
3313 3312552 3312552 3312552
13300 13299330
34666 34665564 34665599
4676 4675447
48306 48305397
17571 17570252
279 278196
32779 32778816
25041 25040714
13496 13495232
41067 41066733
27871 27870686
34260 34259830
39127 39126048 39126048
18833 18832507
18570 18569782 18569782
6704 6703862 6703862
13574 13573181
11039 11038390
32766 32765866 32765866
25599 25598222
34861 34860789
8036 8035774
6045 6044367 6044367
10041 10040894 10040894
42601 42600444 42600922 42600444
27503 27502705
23868 23867048
36787 36786482 36786482
6880 6879635
39600 39599325 39599325
7528 7527407
3931 3930417 3930417
48241 48240536
3557 3556044 3556044
2503 2502993
38903 38902091
33446 33445753
1988 1987739 1987739
23568 23567333
29345 29344752
22593 22592957
38102 38101976
32117 32116473 32116275
45747 45746284
46806 46805806 46805806
36801 36800494
40500 40499708 40499708
24296 24295062 24295062
19142 19141952
36798 36797136
28979 28978270
22125 22124692 22124039
19384 19383738
14248 14247817 14247817
15879 15878095
12703 12702530
10070 10069272
12724 12723081
39803 39802198 39802198
18599 18598615 18598615
6831 6830340
30813 30812802 30812802 30812802
38055 38054188
8992 8991648
32295 32294021
30747 30746218
29767 29766905 29766905
5288 5287067 5287067
24259 24258715
5437 5436501 5436501
19673 19672505
6903 6902390 6902390
13428 13427622 13427622
32689 32688615
8090 8089116
24394 24393603 24393603 24393603
11831 11830043
37611 37610052 37610052
11380 11379745 11379745 11379745
8660 8659542
3267 3266062 3266062
47960 47959445
32007 32006380
2907 2906201
14131 14130058
27336 27335185
21516 21515766
32155 32154198
4389 4388877 4388877
12179 12178016
7089 7088008
29123 29122774 29122774
5973 5972780
31361 31360100
10908 10907918 10907320
15291 15290060
29988 29987820
46816 46815650 46815650
24104 24103406
35919 35918733 35918733
12894 12893747
16152 16151034
3184 3183506
14402 14401046
4103 4102332
34230 34229050
4068 4067833
42172 42171439
1006 1005527
34277 34276107 34276107
30826 30825817 30825085
28288 28287956 28287956 28287956
22659 22658048 22658048
16094 16093563 16093563
31516 31515026 31515026
19819 19818338
735 734482
12452 12451015
15180 15179505 15179505 15179505
30587 30586613 30586613
33122 33121298 33121298
9276 9275289
1413 1412283
28582 28581806
23556 23555159 23555159
24085 24084045
15034 15033597
9048 9047849
14342 14341451
31393 31392617
12783 12782562
48667 48666955
32105 32104044
4261 4260925
13418 13417339
17015 17014899
2130 2129677
24227 24226354
30158 30157623
20843 20842610 20842610
1351 1350620
2582 2581748
10725 10724162
5579 5578488 5578488
40596 40595203
7006 7005604 7005604
48685 48684916
8153 8152502
1341 1340637
9207 9206606
31648 31647188
7313 7312165 7312332
9592 9591026 9591026
23515 23514980
26789 26788724
31088 31087541 31087541
20399 20398585
39143 39142670
3342 3341590 3341590
3356 3355250
20774 20773058
11826 11825579
46283 46282873
40525 40524242 40524242
16682 16681768
19623 19622654 19622654
35241 35240839 35240839
48533 48532580
45442 45441656 45441656
36998 36997495 36997495
47403 47402280 47402280
25459 25458995 25458995
19231 19230507
10938 10937393
39826 39825750
18711 18710176
23062 23061044
3467 3466545 3466545
38568 38567256 38567256
9183 9182119
28609 28608608 28608608
10941 10940464
35408 35407945
8851 8850359
47892 47891453 47891453
10767 10766900
18868 18867593 18867593 18867593
8697 8696113 8696113
38527 38526977
1453 1452882 1452945
11352 11351906 11351395
23274 23273978 23273978
1966 1965903
8219 8218372
46694 46693260
16918 16917889
30252 30251170
17742 17741084
24035 24034273
34556 34555558 34555558
37620 37619339
17736 17735309
28933 28932314
11720 11719335
38609 38608658 38608658
7120 7119985 7119985
15113 15112315
11624 11623127
21746 21745407 21745407
44934 44933649
48320 48319968 48319968
17264 17263847
11782 11781373
43795 43794214
43663 43662056 43662056
32317 32316105 32316105
29211 29210481
36498 36497554
38611 38610302
11519 11518964
1370 1369254
48071 48070366 48070366
8402 8401122 8401122
24727 24726226 24726226
36381 36380595
8885 8884635
20228 20227771
41507 41506003 41506003
18247 18246429 18246429
12858 12857844
19955 19954542 19954542
20872 20871862
10524 10523661
27307 27306520
28089 28088819
3235 3234146
12310 12309256
26670 26669331
47818 47817521
19165 19164171
19389 19388542
28066 28065858 28065181
23149 23148994
29555 29554870 29554870 29554870
3044 3043676
24908 24907617
41994 41993157 41993157
36718 36717948
43442 43441145
4552 4551953
2779 2778265
29170 29169170
9815 9814130 9814130
9872 9871665
35055 35054374
27385 27384135
7654 7653133
14036 14035870 14035870
11631 11630904
37672 37671135
38895 38894908
5549 5548578
36068 36067095
22437 22436196
25441 25440598
22008 22007793
24989 24988352
40312 40311733
42449 42448230
42577 42576868
47106 47105339
16655 16654913
41055 41054538
14407 14406308
7243 7242613 7242613
17488 17487272 17487272
9293 9292847 9292847
44498 44497534 44497286
48798 48797944
5472 5471899
34331 34330045
30370 30369561
37259 37258772
16502 16501506 16501506
35921 35920343
43923 43922179
2593 2592889
2460 2459794
25663 25662535
47043 47042609
34661 34660875
45240 45239858 45239858
6743 6742551
25234 25233697
30253 30252135
46477 46476693 46476693
22665 22664066
35985 35984930
20667 20666743
36589 36588612
41139 41138658 41138658
32688 32687717
30581 30580610 30580610
11329 11328139 11328139
36102 36101160
12945 12944675 12944675
47511 47510901
17627 17626215 17626215
29452 29451025 29451958
21403 21402122 21402122
9941 9940255
24114 24113962
40616 40615326 40615176 40615326 40615326
47032 47031059
18634 18633222
44249 44248357
34995 34994882 34994882
181 180892
26029 26028376 26028376
22790 22789715
24631 24630769
7278 7277513 7277513
22745 22744169
2324 2323535 2323535 2323535
23808 23807016
3376 3375236 3375236
28414 28413027
3329 3328458
10230 10229873
9040 9039204
28864 28863596
7487 7486433
22361 22360257 22360257 22360257
15785 15784870 15784870
39231 39230686
29403 29402957
39613 39612340 39612340
31924 31923371
41574 41573866
43927 43926203
545 544335
21200 21199023
31874 31873355
14419 14418028
29157 29156494
12936 12935375 12935375
36443 36442738 36442738 36442738
3008 3007863
14921 14920420
9626 9625105
37810 37809234
6684 6683196
30026 30025336
27192 27191789
5679 5678695 5678695
47 46168
46909 46908338
4283 4282717
33971 33970848
19035 19034301 19034301 19034301
26016 26015455
14786 14785289
40918 40917500 40917500
14198 14197959
44089 44088668
13201 13200113
35463 35462732 35462732
30925 30924013
29238 29237906
45473 45472495
14970 14969078
4300 4299540 4299540
31871 31870084
20869 20868877
14519 14518082
38445 38444670
1599 1598269 1598269
14046 14045953 14045953
12144 12143811
42971 42970512 42970512
7665 7664381
9541 9540186
45563 45562342 45562342
13361 13360905
31982 31981673
23296 23295300
24547 24546596
2938 2937467
3874 3873027 3873027 3873563
28917 28916104
48873 48872601 48872601
41878 41877454
31675 31674846 31674846
4877 4876862
2693 2692825
28439 28438624
31247 31246070
44609 44608170 44608170
31774 31773944
22713 22712924
6920 6919301 6919301
13579 13578143
41793 41792167 41792167
34409 34408304 34408304 34408304
34128 34127190
4089 4088719
39299 39298645
28244 28243947 28243947 28243947
4031 4030880
27184 27183356
36930 36929093 36929093
34009 34008271
40761 40760507 40760507
9812 9811629 9811629
2813 2812420
48861 48860446
10795 10794197
37292 37291396
27945 27944415 27944415
9038 9037039
31289 31288642 31288642
7616 7615214
33866 33865447
28368 28367289 28367289
2475 2474070
42155 42154638
12489 12488278
33474 33473800
14621 14620596 14620596 14620596
46786 46785775
17049 17048551
46227 46226799
23336 23335421
43580 43579906
26518 26517157
14881 14880841
25554 25553428 25553428
9387 9386213
3549 3548792
12218 12217100
44547 44546234
12691 12690682
7104 7103727
39236 39235171
40764 40763380
9225 9224309
19449 19448903 19448903
25573 25572075 25572075
32287 32286326
15272 15271464
17923 17922055
40343 40342852
20893 20892914
39635 39634369
16262 16261632 16261632
1381 1380068
8378 8377698 8377269
8121 8120588 8120588
28451 28450255
3337 3336529
3461 3460298
24592 24591601
29037 29036678
10656 10655917
16058 16057015
11246 11245466
36859 36858159 36858159
14574 14573351
4513 4512959
46886 46885112
25110 25109003
26916 26915638
36045 36044815
25540 25539683 25539683
38408 38407882
41471 41470839
200 199952
21802 21801686
35805 35804852 35804852
18379 18378405 18378405
39219 39218388
33918 33917570
30832 30831646
9781 9780576
22782 22781878
11444 11443943
35409 35408324
23531 23530757
37834 37833775
25368 25367185
23153 23152139 23152139
6663 6662522
39295 39294461
10408 10407281
10630 10629052
3824 3823864
27277 27276975 27276975
46 45201 45201
19426 19425213
8948 8947213 8947213
47626 47625057 47625057
32669 32668731
45259 45258417 45258656 45258417 45258656
37057 37056512
12087 12086499
13896 13895627
12864 12863614
14817 14816913 14816913
32930 32929252 32929252
33158 33157338
11179 11178515 11178515
12961 12960379
44532 44531769
39819 39818397
5633 5632249
16601 16600184
36425 36424266
22395 22394617
5735 5734916
33920 33919148
15458 15457888
43634 43633069
20794 20793906
21638 21637089
36439 36438689 36438689
34687 34686251
37930 37929137
28671 28670498 28670498
40225 40224927
8582 8581323
37590 37589409
12102 12101809
42502 42501035 42501035
38496 38495290
29467 29466660
18212 18211921
18107 18106069 18106069
16128 16127227
27842 27841537
30569 30568871
6693 6692664
13383 13382557
33309 33308635
21013 21012416
36437 36436113
19998 19997641
20540 20539601
39269 39268662
46544 46543718
30548 30547700
44832 44831334
2745 2744032
35205 35204197 35204197
41626 41625529 41625670
38193 38192732
41648 41647701
36214 36213923 36213923 36213923
11379 11378977
29020 29019225
36617 36616972
32443 32442600
26688 26687030
26000 25999666
34526 34525782
7688 7687335
3518 3517387
34624 34623285
45591 45590505 45590505
38896 38895337
4384 4383566
9450 9449759
8813 8812605
32068 32067799 32067799
28592 28591061
45279 45278538
11588 11587770
26227 26226029
25986 25985757
43456 43455583
44628 44627730
1085 1084828
44639 44638779
43803 43802191
34517 34516131
20626 20625256 20625256
21869 21868061
42179 42178034
2419 2418983
1110 1109816
46504 46503469
41155 41154072 41154072
18739 18738367
12631 12630170
13976 13975182 13975182
34832 34831943
14980 14979254
15950 15949789
13688 13687291
31181 31180422
31216 31215125 31215125
28422 28421126
8589 8588252
25014 25013228
39355 39354996 39354996
40746 40745463
34708 34707815
45575 45574434
7040 7039709
47616 47615797
16278 16277790
5900 5899432
32316 32315215
2853 2852153 2852153
21413 21412241
42275 42274648
1772 1771283
4161 4160485
6171 6170327
11499 11498395
41817 41816897
27363 27362152
45531 45530664
28891 28890301
14852 14851054
23872 23871970
24478 24477189
7429 7428019
24768 24767739
28086 28085021
11528 11527334 11527334
10520 10519398
3927 3926339 3926339
47474 47473693
3964 3963533
28635 28634057
20013 20012403
28852 28851502
6065 6064513 6064513
33706 33705632 33705632
19963 19962887
31985 31984442
4522 4521599
1658 1657155
20897 20896287
38480 38479187
19297 19296714
28383 28382747
48848 48847888
14809 14808564
14256 14255081
24705 24704142
29728 29727733
2375 2374414
33983 33982731
46479 46478596
37637 37636656 37636656
47540 47539932 47539932
23637 23636728
4559 4558048
21923 21922505 21922505
24020 24019199
30653 30652407
32905 32904581
19815 19814813
22843 22842948
45964 45963580 45963216 45963646
20721 20720466
21548 21547726
47798 47797119
10172 10171261
37436 37435229
8461 8460538
31496 31495550
47432 47431965
11811 11810834 11810834
33069 33068488
25965 25964441
13860 13859532
47001 47000415 47000415 47000415
13113 13112039 13112039
48275 48274043
48609 48608934
12428 12427682 12427682
39305 39304026 39304026
36093 36092403
8351 8350955
11435 11434308
4792 4791457
29300 29299106
27388 27387674
15659 15658358
18624 18623739
9840 9839534 9839534
12562 12561218 12561248 12561248
47228 47227833 47227833
3180 3179404
17041 17040135
332 331981
9413 9412280 9412280
10226 10225263
45579 45578540
36433 36432357
38656 38655511
30439 30438462
15977 15976462
36525 36524568 36524568
7028 7027580
47582 47581171
10568 10567383
46906 46905854 46905854
32141 32140566
48466 48465570
38156 38155053 38155053
43469 43468444
41850 41849825
7272 7271923
4633 4632775
3225 3224249 3224249
11124 11123375
2644 2643228 2643228
20111 20110519
1741 1740950
22682 22681129
8169 8168800
17162 17161647
4784 4783817
25823 25822730
18731 18730540
13351 13350625
716 715177
10361 10360463
2669 2668422
40677 40676923
20775 20774148
38986 38985480
27077 27076529
28631 28630394
19019 19018250
34087 34086430
21899 21898201
6776 6775958
5355 5354432
17416 17415212
25217 25216337
35908 35907590
19260 19259999
13905 13904622
46336 46335057
10859 10858071
28502 28501202 28501202
36677 36676492
24231 24230543
27699 27698114
26558 26557243
28136 28135662
46885 46884771
15209 15208976
10942 10941796 10941796
42962 42961445
9224 9223172
21542 21541921
20883 20882420 20882420
6480 6479927
45721 45720432
26098 26097799
2523 2522091
40714 40713640
1071 1070014
14959 14958952
16397 16396165
17006 17005107
31434 31433077 31433077
3872 3871304
33695 33694618 33694618
48345 48344654
48428 48427746
25526 25525624
47420 47419896
39691 39690445
42880 42879001
45724 45723971
125 124878 124878
2298 2297246
15544 15543465
25112 25111791 25111791
40388 40387068
48794 48793780
10915 10914529
1542 1541299
36792 36791856
18292 18291891
499 498801
45053 45052216
24408 24407259
24800 24799768
6759 6758151
11393 11392827
23117 23116972
11677 11676418
34658 34657455 34657455
24640 24639699
26596 26595645
33624 33623405 33623405 33623108 33623405
29188 29187621
39511 39510157
20913 20912600 20912600
22581 22580186 22580186 22580647
5895 5894770
38732 38731563
45768 45767049
4263 4262605
718 717850 717850
47554 47553259
10977 10976739
15341 15340537
34920 34919502
28457 28456907 28456907
12401 12400455
8811 8810097
25699 25698955 25698955
12502 12501497
34650 34649937
13547 13546265
20640 20639574
7408 7407880
39639 39638125
33102 33101255
6833 6832200
31627 31626272
43660 43659924
10603 10602131 10602131
37677 37676995
34913 34912599
18027 18026767
40318 40317016
37225 37224830
697 696353
25902 25901553
17287 17286786
34960 34959880
30394 30393522
17083 17082938
42980 42979716
22265 22264774 22264774
33123 33122991
25007 25006829
34610 34609279
10793 10792687
3660 3659304
12275 12274168
2559 2558609
36078 36077281
9989 9988325
8768 8767230
1467 1466880
30533 30532001
14097 14096619
17924 17923224
14951 14950611
42462 42461015
18089 18088381
2887 2886113
6169 6168426
40747 40746009
20408 20407822
5425 5424860
28141 28140945
32955 32954286
35301 35300695
13188 13187810 13187810
24042 24041592
45436 45435068
48252 48251306
46912 46911905
32941 32940350
21509 21508238
8749 8748136
391 390665 390665
26168 26167826
9606 9605069
18291 18290030
47768 47767902
20920 20919543
19381 19380630
2337 2336686
33927 33926640
35678 35677893
46841 46840342 46840342
45163 45162521
14390 14389392
45639 45638436
11017 11016630
28680 28679460
13578 13577906
32966 32965542
38560 38559886
199 198486
20327 20326107
42395 42394124
29070 29069712
39722 39721358
18070 18069772 18069772
33178 33177820
37941 37940996
27144 27143105
28527 28526906
3940 3939180
48865 48864631
12074 12073310 12073310
43834 43833191
25724 25723469
48265 48264058
45932 45931393
22715 22714793
32243 32242417
40224 40223775
40248 40247811 40247811
30693 30692486 30692486
25175 25174493
29582 29581159
7080 7079250
31498 31497961
25943 25942526 25942526
25615 25614686
47002 47001417
41820 41819753
27127 27126456
28562 28561725
38878 38877410
22983 22982476
5270 5269322 5269322
6409 6408773 6408773
42403 42402841
3626 3625761
2678 2677450
4775 4774483
43438 43437398
21073 21072713
10750 10749571
43496 43495637
1541 1540712
12966 12965493
15633 15632311
12814 12813477
20754 20753534
317 316091
36925 36924522
15364 15363137
23996 23995574
11504 11503299
23135 23134920
34295 34294069
2266 2265968
12675 12674422 12674422
7542 7541374
13700 13699896
25905 25904822
8279 8278113
20445 20444677
44867 44866660
39390 39389759
30260 30259971
26791 26790457
36392 36391930 36391930
8593 8592066
33405 33404896 33404896 33404896
14360 14359551
9925 9924314
8445 8444956
28402 28401165
12701 12700713
18039 18038167
32046 32045191 32045191
17700 17699278
4816 4815024
25080 25079463
11969 11968325
44613 44612373
26835 26834595
299 298235
40383 40382343
3814 3813291 3813291
43403 43402559
11711 11710635
16617 16616912
16723 16722940
26678 26677503
31878 31877652
42753 42752557
26735 26734244
33070 33069579
44776 44775268
28742 28741684 28741684
44917 44916774
48977 48976587
38436 38435277
39153 39152592
26197 26196257
17249 17248570
46729 46728674
8350 8349936 8349936
48161 48160973
33802 33801609
23402 23401411
15239 15238728
46405 46404382 46404382
10539 10538648
24430 24429259
5150 5149241
23328 23327027
44128 44127911
41171 41170428
29317 29316984
14972 14971686
10422 10421832
29775 29774591 29774591
38300 38299362
26139 26138137
41670 41669918
17856 17855388
2327 2326423
24817 24816059
9910 9909217
48717 48716517
29031 29030176
46217 46216839
39079 39078109
6516 6515977
9619 9618123 9618123
23081 23080814
2454 2453079
41173 41172417
3710 3709007
1951 1950014
43546 43545570
42239 42238829
25817 25816924
31766 31765344
44680 44679401
27325 27324740
29820 29819947
23981 23980857
19200 19199885
3541 3540559
2078 2077367 2077367
45819 45818790
9203 9202950
6612 6611500
38931 38930923
9774 9773297
27881 27880199
28722 28721994
9397 9396466 9396466
10982 10981935
19529 19528110 19528110
32111 32110857
47899 47898278
33320 33319062
42063 42062311
47204 47203241
29362 29361910
15957 15956189
2386 2385126
10160 10159281
3080 3079105
21574 21573835
33025 33024588
14290 14289014 14289014
46098 46097742 46097742
31607 31606172
22295 22294622
33041 33040615
27238 27237106
26809 26808208
27133 27132841
42700 42699188
14768 14767558
14844 14843446
3558 3557291
25890 25889849
6755 6754413
42810 42809250
10778 10777646
4911 4910687
28584 28583053
33863 33862318
14325 14324271
44087 44086977
18303 18302341
28932 28931361
29506 29505282
22423 22422931
16144 16143278 16143278
132 131910
24494 24493216
12149 12148854
17708 17707059
10322 10321181
17527 17526347
39417 39416981
11060 11059751
15954 15953253
491 490555
15345 15344127 15344127
26643 26642431 26642431
36459 36458795
25063 25062206
30482 30481103
26370 26369881
41231 41230674
34132 34131715
38216 38215869
37352 37351468
422 421638
11698 11697035 11697035
6351 6350017
40930 40929238 40929238
37774 37773847
5260 5259711
27478 27477321
13583 13582089 13582089
16835 16834470
27883 27882509
33746 33745379
34617 34616928
31738 31737791
48990 48989910
2875 2874408
10781 10780737
29829 29828449
48141 48140309
1882 1881592
41288 41287761
13087 13086533
26751 26750624 26750624
40286 40285513
29406 29405701
18021 18020048
42671 42670052
1156 1155615
24702 24701269
16055 16054676
13473 13472431
32322 32321483
23189 23188429 23188429
8882 8881994 8881994
27874 27873324
15149 15148783
28015 28014986
1869 1868969
10189 10188631
30134 30133683
34404 34403348
43260 43259807
23094 23093841
8490 8489748
46486 46485879
26869 26868257
18228 18227746
33331 33330783
2095 2094198 2094198
41576 41575399
44660 44659140
29063 29062400
48681 48680080
5647 5646269 5646269
41187 41186381 41186381
21867 21866907
40560 40559631
10669 10668978
41076 41075613
12574 12573830
9526 9525203
44657 44656819
5719 5718997
38285 38284502
30511 30510496
15860 15859069
4126 4125216
14538 14537440
4019 4018439
2883 2882050
30213 30212845
34638 34637578
9312 9311769
22582 22581969
22795 22794112
11976 11975332
31205 31204239
32731 32730316
936 935719 935294
24733 24732679
35271 35270354
31249 31248693
45856 45855271
35870 35869240 35869240
4340 4339824
22807 22806341
11252 11251149
48452 48451998
41638 41637995
36088 36087514 36087514
24277 24276923
4847 4846112
20892 20891378
13949 13948005
2251 2250810
19171 19170491
22687 22686505
41512 41511337
25064 25063067
41263 41262118
13928 13927923
25606 25605163
36766 36765339
30593 30592130
13209 13208432
16367 16366951 16366951
3899 3898311
13094 13093663
1002 1001797
29990 29989143
27626 27625284
4154 4153528
4444 4443617
5323 5322452
22738 22737176
33561 33560259
1127 1126511 1126511
41563 41562933
8013 8012096
48138 48137649
11153 11152502
40773 40772615
4842 4841765
41209 41208582
26880 26879439
7611 7610421
21448 21447210 21447210
20281 20280701
25996 25995459
32831 32830452 32830452
13953 13952396
42544 42543365
15564 15563750
33532 33531358
10212 10211268
29256 29255981
34478 34477038
37258 37257836
32489 32488127
3737 3736283
48215 48214149
42958 42957258
32484 32483287
43765 43764036
34052 34051498 34051498
47148 47147941
9689 9688889
21688 21687411
20382 20381948
3858 3857013
45894 45893604
10360 10359589 10359589
35400 35399332
42738 42737999
38476 38475867
29103 29102574
2072 2071455
2757 2756023
40864 40863006
40963 40962341 40962341
26291 26290375
12632 12631669
46918 46917069
46368 46367183
20244 20243895
21655 21654495
18611 18610032
24706 24705571
25257 25256103
10302 10301477 10301477
27293 27292661
41655 41654557
45952 45951875
23886 23885888
3801 3800150
5596 5595887
17588 17587621
18386 18385028
32490 32489904
25507 25506985
37468 37467797
32260 32259903
9071 9070513
36256 36255725
45510 45509406
10617 10616520
25387 25386121
34250 34249202
420 419549
3688 3687770
37925 37924970
16458 16457005
8824 8823309
8381 8380990
21235 21234712
31717 31716163
48040 48039419
24654 24653353
14917 14916472
27812 27811541
41671 41670773
24175 24174270
47285 47284074
20791 20790414
39906 39905992
14421 14420601
23350 23349071
17971 17970769
33528 33527747
12686 12685448
37385 37384743
34375 34374004
42414 42413641
35781 35780654
12678 12677217
4795 4794293
13011 13010973
47863 47862995
18477 18476425
17326 17325073
33015 33014117
30941 30940401
15145 15144896
41506 41505998
39037 39036120
41248 41247479
17559 17558346
9169 9168480 9168480
23577 23576805
6918 6917270
15996 15995941
13483 13482461
25815 25814420
28002 28001753
1305 1304058
22309 22308277
47418 47417061
23839 23838543
34969 34968482
38832 38831028
4774 4773032
14016 14015953
39387 39386512
22227 22226497
35432 35431877
10848 10847301
22304 22303691
3346 3345318
45351 45350727
22417 22416924
47229 47228569
2223 2222509
33246 33245796
40080 40079191 40079191
27607 27606183
13856 13855201
45800 45799727
709 708363
36565 36564017
21683 21682226
41154 41153818
40518 40517932
36809 36808093
48195 48194193
41556 41555349
15352 15351474
7598 7597806
11507 11506007 11506007
23713 23712134
37652 37651912
6712 6711624
38364 38363627
27108 27107205 27107205
46744 46743505
44406 44405696 44405696
5512 5511311
29607 29606632
8349 8348425
35973 35972743
10733 10732858
18335 18334846
32614 32613720
15081 15080257
47851 47850764
18729 18728035
23306 23305113
9876 9875896
8163 8162444
46340 46339212
24638 24637752
13110 13109915
13945 13944878
20087 20086715
40771 40770785
27553 27552809
22124 22123053
15208 15207253
28560 28559492
12832 12831444 12831444
28208 28207300
2933 2932064
36419 36418247
39462 39461051
29306 29305013
40838 40837447
40513 40512873
11953 11952080
17783 17782359
34793 34792932
38338 38337947
29356 29355366
42140 42139380
5011 5010114
32902 32901884 32901884
20180 20179053
38881 38880989
8891 8890988
48118 48117070
895 894923
15567 15566793
36660 36659164
477 476187
270 269813
25989 25988635
34676 34675958
39389 39388294
22898 22897286
30647 30646319
9170 9169825
15500 15499356
6156 6155897
38 37979
27579 27578776
14069 14068126
43746 43745827
30628 30627393
42052 42051614
192 191163