
4249 4248396 4248316 4248769
312 311362
40 39577 39352
882 881656 881195 881857
786 785826 785285 785778 785890
3182 3181989 3181079 3181325
5434 5433015 5433944 5433776 5433758
2666 2665964 2665504 2665296 2665250
1407 1406741 1406591 1406679
4097 4096255
5109 5108234
1309 1308317
2776 2775752 2775551
5363 5362827 5362687
658 657169 657927 657245 657924
4886 4885922 4885177
1125 1124141
125 124651
3840 3839056 3839481
15 14541 14706
5095 5094721
2078 2077574 2077319
1589 1588091
3617 3616550 3616397 3616923
4881 4880297 4880049
4820 4819802 4819336 4819737
1726 1725216
4524 4523785
3770 3769603 3769328 3769191
2499 2498556
22 21201 21950
4912 4911625 4911515 4911421 4911081
2730 2729775
3959 3958103 3958793 3958903 3958024 3958122
5056 5055329 5055391 5055863 5055520
219 218522 218213 218927
3761 3760157 3760946 3760636 3760322 3760343
5508 5507664 5507174 5507282 5507992
392 391662 391758
872 871541
4360 4359649 4359009 4359437
3015 3014538 3014738 3014385 3014889 3014560
231 230187 230064
1219 1218781
5541 5540669 5540209 5540557
5361 5360736 5360540
481 480097 480742 480652
2296 2295160 2295968
2444 2443757 2443256
5080 5079075
204 203563 203190
742 741646 741603 741373 741889
3650 3649895 3649608 3649222
3131 3130448 3130303 3130591
177 176220 176302 176966
1729 1728184 1728701 1728712 1728725 1728966
4627 4626258 4626537
605 604043 604793 604816 604951 604214
1918 1917486 1917340
749 748606 748819 748523 748504
1543 1542200 1542152 1542193
5155 5154583
973 972549 972099 972209
4877 4876208 4876045
4744 4743789 4743618
1027 1026555 1026673 1026120
2249 2248971 2248443 2248713 2248751 2248966
193 192234 192956 192291
4502 4501497 4501938 4501480
1852 1851670
4977 4976350
929 928931 928736
5460 5459307 5459328 5459344
636 635071 635383 635598 635805
1835 1834898 1834853
4156 4155940 4155948
4639 4638620 4638110
3344 3343255
3615 3614944 3614357 3614483 3614948
5518 5517937 5517510
2067 2066062 2066939 2066636
5259 5258973
4146 4145400 4145819
374 373211
4650 4649737 4649626 4649624 4649865
4812 4811485
2109 2108225 2108703 2108648
2552 2551560
2952 2951823 2951772 2951129 2951610
2301 2300407
1683 1682813 1682910
1187 1186585 1186153 1186975 1186937
900 899620 899524 899233
3028 3027802 3027491 3027478
5062 5061558 5061718
2739 2738396 2738851 2738643 2738981
1012 1011026 1011794
3936 3935784 3935009
351 350430 350152
3157 3156691 3156371
2651 2650920 2650806
644 643756 643859 643312 643783 643854
4514 4513922 4513283 4513746
1709 1708375 1708599 1708542
2360 2359270
2646 2645575 2645930 2645019
2793 2792610 2792044
3925 3924159
1290 1289439 1289412
3368 3367484 3367474
4814 4813331 4813480
3775 3774476 3774282
5525 5524040 5524393
3169 3168161 3168005
464 463665 463096 463799 463246
3005 3004049 3004774 3004220
3175 3174161 3174086
4968 4967770 4967864 4967327 4967882
2647 2646384 2646193
5016 5015444 5015687
3795 3794195
3335 3334455 3334901 3334449
3057 3057000 3056679 3056151
4465 4464070 4464746
2139 2138016 2138906 2138197
1998 1997323 1997997 1997014 1997795 1997660
2428 2427656 2427879
618 617839 617869 617985 617860 617198 617918
3019 3018045
3116 3115922
1509 1508580 1508489 1508819 1508963
4918 4917636 4917810 4917565
5120 5119126 5119580 5119242
5704 5703321 5703916 5703158 5703692
3930 3929647 3929670
2850 2849097 2849920
737 736405
5505 5504879 5504217 5504319
3642 3641433 3641819
3861 3860197
1331 1330843 1330161 1330321 1330903
135 134899 134616 134528
2084 2083812
3011 3010808 3010620 3010288
518 517561 517737 517614 517041
2740 2739073 2739624
1808 1807827 1807072
5738 5737250 5737184
2041 2040454 2040755
1719 1718549 1718132 1718591
2120 2119523 2119921
5104 5103929
4698 4697354
2624 2623046
559 558818 558680 558195 558914
417 416690 416300
3168 3167569 3167316
1810 1809408 1809763 1809911
5401 5400880 5400186 5400223
2599 2598107 2598004 2598081
4588 4587511
122 121806 121727
4499 4498445 4498080 4498549
4230 4229427
4047 4046632 4046434 4046222 4046439 4046244
731 730833
2792 2791765 2791007 2791494 2791166
3659 3658713 3658751
3899 3898871 3898784 3898956
5767 5766111 5766501
4197 4196767
2383 2382881
4029 4028952 4028219 4028233
4016 4015360 4015293
4663 4662012 4662045
4081 4080949 4080719
5353 5352754 5352010 5352966 5352314
2424 2423259 2423407 2423567 2423277
160 159660 159651 159288
139 138432
4037 4036925 4036556 4036814 4036288
4169 4168498 4168967
2608 2607650 2607639
4171 4170985 4170370
2153 2152814 2152091
5764 5763584 5763853
3545 3544966
3127 3126363
2815 2814673
1412 1411481 1411427
5285 5284354 5284361 5284512
3048 3047317 3047537
4875 4874209 4874552
4082 4081921
3844 3843479
191 190713 190697
2779 2778471 2778948 2778653
2560 2559658 2559521
5723 5722531 5722494
4543 4542876
4905 4904572 4904532 4904173
4805 4804258 4804796
341 340161 340256 340897 340654
4447 4446200 4446288 4446581
3292 3291796 3291530
626 625494 625296
3389 3388717 3388160
5433 5432462 5432563
5352 5351873
2583 2582509 2582308
2332 2331585 2331994
5381 5380700 5380154 5380661
2929 2928306 2928482 2928592
3938 3937902 3937797 3937336 3937997
2456 2455078 2455756
3448 3447933 3447498
3810 3809638 3809663
1395 1394524
2865 2864149
4076 4075029 4075802 4075556
254 253756 253143 253441
2762 2761784 2761483
3697 3696357 3696951 3696063
4372 4371296 4371907
2090 2089481 2089790 2089903
4916 4915344 4915075 4915505 4915814
406 405607 405575
3406 3405840 3405355 3405544
2705 2704500 2704518 2704926 2704889
1508 1507249 1507883
2878 2877075 2877223 2877692
606 605872 605680 605581 605311
898 897616
3403 3402748
4815 4814016 4814764
2182 2181266 2181410
2130 2129279 2129855 2129751
114 113574 113411 113590
2031 2030239 2030431 2030600
729 728060 728255
2450 2449985 2449038
2178 2177642 2177054
2114 2113497 2113059 2113663
1638 1637897 1637248 1637572
1100 1099213
4971 4970402 4970217
5308 5307425 5307673 5307691 5307985 5307418
5500 5499852
3655 3654343 3654822 3654103 3654091
2935 2934821 2934270 2934066 2934064
5751 5750224 5750217 5750468
5616 5615323 5615686 5615352
301 300524 300927 300870
3410 3409910 3409194
3968 3967803 3967501 3967008
2550 2549510
1662 1661657
4589 4588086 4588752 4588757
3025 3024915
2476 2475281 2475142
3640 3639662 3639710 3639747
3174 3173729
2421 2420556
337 336713 336487
2805 2804012 2804064
1228 1227361
2851 2850562 2850067 2850141 2850267 2850026
4495 4494266 4494376 4494413
5502 5501859 5501219
2322 2321804 2321205 2321490
4843 4842525
1156 1155818 1155351 1155631 1155939 1155308
4827 4826223 4826367 4826426 4826204 4826527 4826517
4396 4395423 4395557 4395992 4395461
4321 4320545
1992 1991189 1991232
918 917008
3704 3703159 3703602 3703554
2210 2209955 2209457
3009 3008593 3008474
4207 4206289 4206968
215 214735 214323 214211
4973 4972475 4972413 4972012 4972206
4174 4173640 4173378
3180 3179754 3179398 3179925 3179014
3515 3514373
3705 3704235
4058 4057367 4057721
1201 1200914 1200572 1200987
3742 3741926 3741401 3741004
3779 3778332 3778639
1287 1286811 1286364
4312 4311283
3903 3902077 3902220 3902016
5354 5353750 5353976
2881 2880628 2880242
2177 2176423 2176399
1158 1157616
70 69610 69515 69033
2306 2305188 2305394 2305980 2305252
1408 1407751 1407456
514 513957 513696
1594 1593885 1593488 1593366
3268 3267679 3267532 3267289
5552 5551573 5551630
401 400103 400563 400546 400949
4112 4111929
5068 5067384
1299 1298231 1298815
2579 2578218 2578417 2578632 2578347 2578696
3695 3694542 3694296
1544 1543440 1543924 1543404
4538 4537290 4537899
4539 4538909
2777 2776423 2776143
1123 1122823
3398 3397886 3397897 3397643 3397073
1415 1414775 1414827
4637 4636422
1063 1062962
2741 2740933
2674 2673647
2425 2424157 2424695 2424666
2914 2913628 2913091
368 367849 367555 367452 367192
2086 2085406 2085938 2085083 2085319
5740 5739093 5739576 5739416
2246 2245177 2245254 2245433 2245939 2245688 2245290 2245596
2042 2041601
5708 5707482 5707301 5707937 5707801 5707769
958 957789 957480
1578 1577109
4023 4022810 4022440
483 482836 482036 482482 482914
1870 1869544 1869288 1869740
3251 3250210 3250111 3250878 3250413 3250004
5329 5328723
1625 1624606 1624698 1624036 1624905 1624200
997 996878 996225 996149
4424 4423408 4423480
4300 4299618 4299798 4299518
2847 2846039 2846947 2846688 2846268 2846681
2546 2545035 2545557 2545398
5539 5538134
3796 3795513
5648 5647587
1383 1382864 1382443 1382026
2071 2070443 2070466
3067 3066005 3066102 3066077
4769 4768359 4768955
2861 2860862 2860588
100 99593 99454 99892 99374
5239 5238862 5238813
3819 3818012
1427 1426329 1426531 1426632
3134 3133591 3133129 3133284 3133679
3367 3366386 3366814
5575 5574520 5574417 5574151 5574401
4651 4650993 4650100 4650963
1725 1724658 1724642 1724701
2616 2615573 2615222 2615340 2615153
3741 3740559
3306 3305819
1116 1115835 1115017
4479 4478679 4478996
5721 5720971 5720978
2434 2433834 2433560 2433110 2433808 2433126 2433594
1505 1504372 1504336
244 243933 243255 243708 243159
3503 3502048
5032 5031190 5031639 5031963
1661 1660182
5127 5126977 5126938
3580 3579959 3579813
3588 3587928 3587738
5677 5676413 5676629
4123 4122697 4122525 4122790
2009 2008870 2008258 2008012
5132 5131800
1059 1058958 1058621 1058771
276 275672 275562
4443 4442090
2909 2908524 2908453 2908791
3458 3457647 3457302 3457287
3014 3013618
4503 4502992 4502885
344 343801 343506 343429
2562 2561176 2561991
3672 3671550 3671753
4320 4319290 4319794
2936 2935689 2935719
4878 4877411 4877760 4877828
623 622662 622198 622456
677 676494
3032 3031845 3031727
2681 2680200 2680199 2680049
987 986964 986796 986757
3309 3308946 3308456
3210 3209260
3430 3429214 3429744 3429158
30 29495 29987
1092 1091375 1091572
1778 1777887 1777352
1169 1168161 1168241
5300 5299690 5299311
2520 2519221 2519158
2443 2442146 2442197 2442207
5213 5212852 5212029 5212067 5212185 5212781 5212642
1924 1923784 1923433 1923653 1923105 1923514
1571 1570945 1570405
3887 3886143 3886645
5451 5450210 5450395 5450598 5450412 5450764
4358 4357344 4357401
714 713027 713478
1151 1150644 1150576
1075 1074208
5459 5458770 5458075
2057 2056336 2056496
267 266077 266004
1071 1070324
3975 3974971
4377 4376075 4376353 4376719
3371 3370766 3370744
926 925241 925584 925110
3152 3151689 3151620
4776 4775828 4775694
4566 4565441 4565417
1842 1841375 1841896
3111 3110980
5426 5425143 5425057
1750 1749739
2737 2736625 2736322
443 442220 442250 442580 442634
2458 2457071 2457912
4922 4921509
4475 4474198
3845 3844204
4284 4283378 4283352 4283635 4283613
2168 2167326 2167517
2416 2415737 2415681 2415114
5215 5214062
3693 3692216 3692138
3946 3945838 3945686
1155 1154254 1154871
2040 2039050 2039083
3135 3134210
3787 3786604 3786112 3786653
2415 2414672 2414557 2414181
1560 1559597 1559263 1559287
146 145588 145236
2190 2189176 2189643
1618 1617480 1617979 1617350 1617281
1264 1263681 1263324 1263154 1263823 1263088
3466 3465651 3465162 3465148
4480 4479699
5679 5678971 5678860
376 375612
315 314248 314349
4449 4448399 4448182 4448796 4448581
3479 3478391 3478950 3478284 3478151
4185 4184571 4184258 4184204
29 28452 28290 28877
4392 4391422
2150 2149033
2225 2224677
194 193994 193429
1152 1151634 1151474 1151804
5298 5297301 5297264 5297598 5297269
4109 4108381
3896 3895174
1449 1448586 1448505
537 536778 536353
345 344219 344821
1752 1751887 1751084 1751362 1751450
242 241591
2266 2265628 2265900 2265126
754 753905
188 187501 187643 187425 187345
2954 2953660 2953401
260 259321 259877
983 982095 982271
3478 3477519 3477654
705 704144 704216 704650
954 953439
2899 2898986 2898360 2898572
4498 4497661 4497997 4497750 4497182
1077 1076113 1076874
3300 3299612 3299982 3299175 3299230 3299664
1698 1697825 1697613 1697485 1697004
4889 4888110
2331 2330999 2330110 2330606
5091 5090740 5090594 5090673
1058 1057750 1057314 1057490 1057397
5140 5139658
3596 3595666
2597 2596406 2596199
4770 4769696
1713 1712049 1712588 1712029
1649 1648746
807 806028 806988 806088 806736
5330 5329790 5329121
1252 1251315 1251775 1251446 1251829
643 642719 642296
1899 1898585 1898040 1898937
1359 1358639
4861 4860816 4860244 4860067
1380 1379371 1379914
5076 5075404 5075788 5075922 5075289
1263 1262161 1262355
1825 1824159 1824926
4937 4936656 4936224
3139 3138555
1216 1215830 1215084 1215089 1215205
297 296411
638 637524 637283 637585
2742 2741285 2741111 2741686 2741417 2741631 2741501
528 527871 527990 527137
2868 2867978 2867081
3631 3630952
4789 4788153
2337 2336843 2336070
1872 1871268 1871333
1496 1495748 1495275 1495625 1495581
447 446844 446205
5380 5379803 5379729 5379327
5416 5415749
3983 3982546 3982064
2262 2261751 2261408 2261073 2261168 2261368
5424 5423164 5423580 5423898
5231 5230112 5230359
5692 5691321 5691763
2973 2972738 2972446
2170 2169340
394 393954 393352 393453
449 448029 448426
1636 1635828
773 772347 772933
4701 4700631 4700173
5632 5631668 5631842
4026 4025154
1469 1468553 1468942
2402 2401046 2401888 2401074
5128 5127631 5127700
4310 4309874 4309990 4309119 4309723
5043 5042234 5042551
3258 3257277 3257459
1911 1910570 1910080
4757 4756830 4756012 4756666 4756183
1866 1865427
1272 1271906 1271893
1443 1442146 1442465 1442108
5667 5666319
819 818824 818366 818743
4199 4198462 4198933
3036 3035129 3035507
5149 5148326
2145 2144291
1573 1572980 1572875
604 603780 603935 603632 603899 603441 603865
2480 2479468
4619 4618530
1495 1494933 1494423 1494506 1494899
2889 2888848
4544 4543384 4543509 4543075 4543900
4233 4232677 4232706 4232941 4232238 4232385
4406 4405748 4405316
5609 5608907 5608496 5608482 5608291
3906 3905477 3905337 3905651
903 902159 902308
3156 3155297 3155666
4090 4089764 4089796 4089964 4089427 4089985
851 850982 850729
353 352908 352467 352389 352674 352864 352247
1249 1248675 1248999 1248343
4955 4954804
1355 1354546 1354542
3647 3646712 3646546
751 750407 750227
3080 3079613 3079256 3079161
4703 4702958 4702720 4702584
187 186738 186063 186376
1814 1813298 1813396 1813435
3897 3896157 3896378 3896108
95 94411 94103
2394 2393507
2406 2405024
1535 1534091 1534114 1534426
556 555303 555387
801 800865
1898 1897996 1897256 1897681
2820 2819342
3599 3598362 3598072 3598143 3598429
5411 5410690
182 181437
5364 5363988
5276 5275753 5275833
3313 3312921 3312949 3312712
3858 3857658 3857705 3857269 3857782 3857191
1049 1048680
1084 1083618
4085 4084635
1302 1301164 1301493
4099 4098185 4098771 4098303
1134 1133991 1133859
3870 3869794 3869878
3884 3883505 3883093 3883227
2104 2103208 2103190 2103844 2103900 2103080 2103659
3319 3318831 3318336
365 364592 364463 364462
5656 5655216 5655449
4616 4615518 4615635 4615994 4615750 4615796
2872 2871925 2871819 2871156 2871744
143 142922 142642 142437
5160 5159863 5159817
5501 5500958 5500219 5500063
136 135519 135034 135686 135330
4116 4115505
5130 5129348 5129103
4381 4380476
1338 1337674 1337410 1337527
2528 2527654 2527566 2527001 2527875
290 289753 289394
3384 3383187 3383692 3383352
2612 2611452 2611638 2611198 2611146
5530 5529910 5529843
46 45275 45592 45638 45477 45647 45560
4376 4375923 4375668 4375426
4715 4714737
2300 2299295 2299256
3711 3710589 3710997
3167 3166372 3166279 3166828 3166543
3294 3293527 3293131 3293903 3293271
4576 4575505 4575627 4575322 4575556 4575087 4575272 4575733
5124 5123705 5123600 5123068
382 381195 381074 381922
5369 5368381 5368791
1410 1409130
4803 4802562 4802360
5456 5455143 5455042
4819 4818495 4818368 4818077
5695 5694881
3594 3593746 3593559 3593797
3520 3519032 3519367 3519256 3519172 3519459
1530 1529173 1529836 1529695
16 15680 15818
5578 5577924 5577787
2066 2065137 2065646 2065287 2065696
5603 5602112
5146 5145708 5145475
5735 5734793 5734945
3119 3118039 3118936 3118082 3118107 3118389
421 420400 420046 420066
3537 3536067 3536221 3536154
3784 3783965 3783473
476 475032 475314
835 834666 834541 834589 834620
148 147869 147470 147885
1165 1164581 1164548
2556 2555765 2555364
4579 4578173 4578911
1832 1831584 1831663 1831417 1831860
591 590655
2329 2328138 2328636 2328791
727 726211 726411 726337 726989
4752 4751684
4643 4642527 4642227 4642052 4642378
1481 1480551 1480349
698 697605
3910 3909352 3909491 3909799 3909090 3909661 3909858 3909414 3909296
3932 3931437 3931529
3948 3947495
371 370259 370201
250 249391
1891 1890302 1890322
2536 2535929 2535474
3289 3288912 3288502 3288337 3288969
4094 4093587 4093078 4093671 4093004
2870 2869524 2869312 2869539
2461 2460238 2460095
4032 4031693 4031293
4455 4454741 4454883
4448 4447273 4447919 4447338 4447627
1728 1727746 1727845
2372 2371121 2371842
5115 5114192 5114647 5114354 5114846 5114700
4897 4896090 4896679
3759 3758656 3758570
4191 4190875 4190108
49 48060 48657 48646
195 194851 194113 194653 194834 194489
3745 3744439 3744320 3744497 3744029
3439 3438764
4157 4156213
1104 1103887 1103592 1103561
4262 4261308 4261192
4958 4957516 4957981
4250 4249286 4249814 4249791
1703 1702761 1702354 1702636 1702676
1405 1404955 1404794
1676 1675851
5230 5229671 5229397
2003 2002915 2002661
4986 4985601 4985606 4985779 4985418
5418 5417799 5417181
2538 2537355 2537677
2378 2377284 2377083 2377510
3222 3221581 3221347
2200 2199039 2199129 2199300 2199409
3150 3149648 3149142 3149520 3149107
1159 1158258 1158794
1525 1524526
4551 4550319 4550576
4471 4470238 4470837 4470913
598 597730
1972 1971300 1971966
3413 3412741 3412662
1188 1187187 1187954 1187898 1187532 1187849
508 507512
4132 4131994 4131288
2259 2258770
2382 2381913 2381292
3583 3582773 3582004
4610 4609646
4891 4890843 4890362
5452 5451663 5451623
539 538546 538495
1955 1954957 1954515 1954716
3257 3256834 3256249 3256040
889 888141
548 547097 547742
4456 4455105 4455579
4179 4178355 4178032 4178939
4750 4749516 4749802
2713 2712258 2712451
71 70218 70505
2532 2531629 2531554 2531763 2531998 2531044
120 119275 119651
3184 3183067 3183629 3183270
2477 2476327 2476318 2476781
1923 1922534
4508 4507104 4507533 4507098
1185 1184973 1184232
2649 2648388 2648719
2838 2837581 2837277
4371 4370913
2958 2957950
3610 3609955 3609365
407 406693 406315
1581 1580998 1580521 1580187 1580815
5248 5247717 5247823
5435 5434698 5434602 5434662
4066 4065649
4054 4053503 4053191
2959 2958036
546 545351 545007 545479 545482 545647
4964 4963654 4963995
629 628745
1507 1506197
2948 2947420 2947004 2947195 2947157
221 220593
4991 4990950 4990644
2594 2593600 2593979
3950 3949246 3949512
321 320365 320517 320562
1453 1452871 1452171
2983 2982931 2982999
4668 4667222 4667708 4667312
4068 4067428 4067513
5613 5612599
5367 5366496
4439 4438217
5489 5488635 5488325 5488970
906 905277 905099 905649
522 521983 521334 521559 521778
5237 5236012
3435 3434674 3434418 3434003
5785 5784967 5784295
660 659426 659469
1598 1597069 1597293
1696 1695805 1695034 1695549
5507 5506247 5506224
330 329997
4794 4793913 4793696
2142 2141008 2141328 2141030
3317 3316404 3316351
4308 4307172 4307804 4307595 4307885
775 774228 774114
3155 3154572 3154919 3154622 3154628
674 673245
4192 4191806 4191044
1243 1242775
1869 1868500
4264 4263334 4263519
2778 2777645 2777300
1392 1391279 1391846
2540 2539448
4135 4134392 4134258
79 78714 78491 78623
3673 3672320 3672040 3672675
1952 1951016
832 831613 831131
3645 3644687
5661 5660746
5768 5767594 5767320
1861 1860811
5086 5085643 5085327 5085427 5085537
4906 4905029 4905038
5436 5435594 5435852 5435858
3252 3251595
1971 1970545 1970976 1970626
4960 4959783 4959600 4959337 4959068
1555 1554091 1554220
1425 1424584 1424571
3332 3331341 3331869 3331183 3331360 3331479 3331787
4615 4614103
4863 4862613 4862634 4862329
5442 5441394
2463 2462670 2462952 2462882
377 376103
5142 5141656
2842 2841412
4564 4563848 4563400
5193 5192441 5192692 5192302
1688 1687583 1687518 1687742 1687340
396 395337 395852
4056 4055456
3496 3495158 3495947 3495575
5412 5411669 5411574
306 305515 305437 305893
2542 2541809 2541918 2541348
1948 1947618 1947907
2359 2358492 2358538
5727 5726423 5726208 5726750
4437 4436404 4436743 4436162
2048 2047581 2047403 2047314
4927 4926655 4926545 4926539 4926944 4926016
1666 1665431 1665198 1665250
4350 4349159 4349285
1177 1176758 1176082
2317 2316223 2316103 2316067
2999 2998524 2998443 2998625
2659 2658848
5472 5471242
5351 5350058 5350201
2478 2477191 2477264 2477288 2477760 2477827 2477713 2477889
3972 3971382
5368 5367325 5367967 5367031
2949 2948226 2948499
2853 2852334
3528 3527973 3527578
3043 3042149 3042229 3042111
3488 3487436 3487413 3487063
5138 5137013 5137957 5137268
3866 3865011 3865140 3865007
1093 1092434 1092849 1092087
841 840358
1444 1443582 1443764 1443531 1443993
2804 2803393 2803728
4967 4966304
1241 1240496 1240926 1240306 1240422
434 433963
4384 4383669 4383575
1446 1445676
1632 1631755
2541 2540199 2540494 2540113 2540235
974 973815 973662
229 228417 228092
724 723675 723201
3117 3116203 3116497 3116777 3117000
1447 1446423 1446788
5029 5028404 5028775
5594 5593177 5593956 5593647
1962 1961567 1961312 1961478
2026 2025016 2025266
4714 4713862 4713395
4277 4276051
5271 5270700 5270705
2555 2554957 2554145
220 219670 219415
3941 3940097
5214 5213593 5213463 5213900
76 75502 75889 75182 75387
317 316077 316675
5566 5565860 5565817 5565799 5565072 5565271
4552 4551592 4551445 4551635 4551270
4641 4640152
5633 5632819
5279 5278284
5111 5110964 5110469 5110117 5110237
5235 5234454 5234193 5234451 5234867 5234075
4263 4262495 4262821
3641 3640972
1339 1338198 1338413
1946 1945988
871 870058 870254
1786 1785515 1785299
3249 3248453 3248885 3248159
4295 4294360 4294707 4294254
4862 4861943 4861940
5284 5283766 5283814
5684 5683348
3752 3751484 3751006
1510 1509960 1509574
2837 2836364 2836114
763 762536 762161 762817
1624 1623399 1623784 1623435 1623352
2621 2620868 2620520 2620676
984 983385
1977 1976959 1976899 1976630
1358 1357556 1357311 1357184
1611 1610940 1610998
2911 2910091
5345 5344319 5344657
2966 2965691 2965313 2965786
3764 3763202 3763899
3944 3943724 3943867 3943980
1627 1626536
2985 2984066
806 805587
472 471439 471141 471189 471667
5359 5358598
2869 2868701 2868044 2868063
1879 1878557
3010 3009227 3009801
3276 3275009 3275613
1220 1219359 1219777
1895 1894589
653 652880 652387
2580 2579800 2579312 2579039 2579870
192 191753 191855 191967
1221 1220157
4974 4973790 4973813
1634 1633079 1633571 1633882
3928 3927806 3927066 3927335 3927828
567 566965
2037 2036366
1114 1113801 1113224 1113390 1113848 1113339
3083 3082373 3082392 3082367
3097 3096025 3096117 3096121
4136 4135987 4135592
4241 4240307 4240192 4240584
4640 4639852 4639413 4639566
1107 1106422 1106889 1106607
2871 2870764 2870208
496 495427 495544
2412 2411935 2411053 2411481 2411450 2411260 2411065
3293 3292102 3292247
4857 4856066 4856959
2823 2822739
4421 4420159 4420173 4420472
4594 4593782 4593841 4593705
158 157404 157811
5750 5749659 5749510 5749808
1585 1584400 1584782
60 59219
2862 2861258 2861342
4883 4882658
2702 2701278
39 38479 38989 38527
1520 1519339
2488 2487110 2487638
614 613565 613327
624 623358 623176
4849 4848911 4848749 4848081
1956 1955064 1955786
3443 3442745
578 577065
5320 5319106 5319858
52 51186 51684
364 363349 363123
3766 3765814 3765830 3765749
5559 5558612 5558885 5558052
4272 4271098 4271815 4271870 4271079
4070 4069240
4319 4318063 4318036
5495 5494560 5494786
2008 2007314 2007541
4852 4851383 4851748 4851002
2220 2219672
3842 3841728
985 984673
894 893358 893214 893176 893988
1192 1191215
2609 2608735
2765 2764582 2764617 2764551 2764791
4 3563 3963 3330 3751
1556 1555800
370 369289 369396
1705 1704746 1704212
5718 5717114 5717623
5378 5377420
2712 2711369 2711726 2711009 2711294
3269 3268437 3268191 3268536
4208 4207776 4207829
1741 1740542
2932 2931002 2931156 2931807
5640 5639232 5639550 5639480 5639366
5392 5391351 5391285 5391477
5693 5692033
4919 4918676
5397 5396598 5396422 5396184
4288 4287210 4287077 4287752
1491 1490195 1490562 1490180
2243 2242223 2242581
4583 4582915 4582327 4582734 4582482
1587 1586244
3788 3787575 3787672
1640 1639965
3270 3269680 3269087
4864 4863214 4863448
812 811340
1893 1892391 1892143 1892863
3351 3350272
4660 4659471 4659099
2833 2832355 2832453 2832115 2832434
5419 5418701 5418590 5418847
955 954220
4694 4693658 4693342 4693557
3204 3203603 3203391 3203348
990 989793 989985 989784
2160 2159856 2159874
3579 3578829 3578834 3578826
4633 4632696 4632028
2961 2960693 2960692
1478 1477324 1477581
3030 3029352 3029441 3029417
748 747966
1654 1653370 1653126 1653696 1653322
976 975055 975316 975596
1119 1118048
3146 3145657 3145813
1988 1987152
1289 1288352 1288443
2018 2017776 2017506 2017910 2017560
3621 3620545 3620469
2152 2151898
4021 4020764 4020236
5778 5777708 5777174 5777586
798 797583 797930
2248 2247616
268 267126
4035 4034941 4034659
2934 2933722 2933748 2933390
5399 5398786 5398371 5398690
1751 1750337 1750764
5540 5539203 5539257 5539408 5539092
3132 3131869 3131325 3131682
3148 3147875 3147952 3147010 3147797
893 892149
509 508656 508678
5681 5680706 5680821
3031 3030207 3030049 3030114 3030509 3030705
1667 1666639
4010 4009494 4009104 4009616 4009157
5666 5665940 5665406 5665955
463 462394 462738 462557
2155 2154397 2154095 2154078
1721 1720982 1720395
4596 4595875
307 306765 306826
4141 4140787 4140815
3213 3212988 3212855
4130 4129131 4129852 4129145
405 404102 404940 404413
3112 3111692 3111186 3111398 3111825
2112 2111747
5187 5186957
4908 4907421 4907810
913 912102 912049 912415 912040
5178 5177751 5177308 5177644
304 303385 303941 303792 303627
2625 2624317 2624854 2624974 2624811 2624005
4858 4857952 4857541 4857070 4857669 4857176
2524 2523935 2523604 2523274
3715 3714663 3714210
1626 1625630 1625003
4679 4678878
5789 5788284
300 299811 299216 299171 299579 299646
391 390053 390795 390337 390525
3299 3298752 3298585
5089 5088749 5088010
2389 2388739 2388753
5703 5702029
3550 3549434 3549253
292 291202
390 389470
5040 5039249 5039392 5039299
53 52705 52375 52726
2763 2762941 2762163
4681 4680487 4680644 4680754 4680111
2974 2973348 2973542
1550 1549031
103 102799 102363 102313
475 474103 474762
662 661814
4746 4745862 4745007 4745945
5466 5465815
1456 1455009 1455984 1455686 1455770
1519 1518229
2866 2865136 2865620
998 997589
4859 4858509
1546 1545948 1545850 1545091
3628 3627903
153 152048 152698
4895 4894532 4894931
1966 1965283
2448 2447261 2447502 2447318
3370 3369363 3369062
1127 1126527 1126762 1126945
5743 5742224
765 764583
225 224863 224838
3666 3665863 3665429
600 599614 599391 599474
1069 1068381 1068740
4496 4495754
5728 5727191 5727462 5727500
3400 3399069 3399917 3399994
3459 3458757 3458546 3458063
208 207283 207158 207290 207189
1545 1544555 1544635 1544702
4474 4473402 4473446 4473235 4473205 4473327 4473606
2113 2112373 2112255 2112203
3334 3333964 3333622
4664 4663899 4663277 4663063
4846 4845268
861 860187 860367
5473 5472251 5472351 5472542 5472987
3320 3319353 3319018
1348 1347438 1347400
4202 4201612
2943 2942786 2942287 2942285
4532 4531846 4531568 4531862 4531151 4531073
4680 4679092 4679919
2709 2708245 2708714
1855 1854275 1854708
4801 4800321 4800860 4800530 4800146
5794 5793124 5793253
1170 1169230 1169065
2506 2505008 2505214
149 148241 148064
3090 3090000
1930 1929295
3056 3055294 3055802 3055155
2400 2399130
5261 5260415 5260564 5260565
1591 1590236
2397 2396463 2396580 2396091
2671 2670305
2950 2949079 2949028 2949309
1816 1815148 1815959
855 854778 854438 854051
3239 3238517
4816 4815702 4815460 4815439
2575 2574826
4853 4852866 4852639
4844 4843216
2459 2458875 2458108 2458323
4763 4762613 4762197 4762155
413 412767
5126 5125876 5125239
5719 5718337 5718103 5718081 5718523 5718560
3826 3825009 3825453
2328 2327286 2327211 2327321 2327427
766 765798 765885
978 977845 977282 977797
3054 3053070 3053391
4167 4166255 4166010
2496 2495077 2495668 2495438 2495655
4359 4358826
1776 1775443 1775533 1775487 1775032
2275 2274974
4945 4944952
3176 3175001 3175006
2759 2758565 2758794 2758462 2758075
4102 4101400
2752 2751835 2751659
5058 5057907 5057570
5236 5235173
5092 5091633 5091589 5091975 5091821
4777 4776585 4776132
1973 1972945
531 530427 530554 530445
2147 2146097 2146191
627 626234
3034 3033986
3644 3643730
1534 1533127 1533990 1533558 1533569 1533067
4944 4943146 4943417
3476 3475501
236 235006
3369 3368557 3368739 3368323
5769 5768016 5768306 5768066 5768540
5665 5664769 5664362 5664025 5664258
1160 1159215 1159356 1159582 1159223 1159203
4962 4961871 4961795
1588 1587916 1587133 1587994
2019 2018521 2018734 2018975 2018519 2018222
2543 2542937 2542200
4841 4840326 4840493
2366 2365481 2365608 2365652
251 250296 250115
4741 4740412
1423 1422063
5672 5671565
3149 3148698 3148624
2166 2165112
3531 3530897 3530144 3530440 3530280
2010 2009353 2009590 2009819 2009653
4182 4181290 4181175 4181722
1322 1321422 1321465
105 104091 104983 104825
4673 4672967 4672045
386 385307
5772 5771347
4460 4459678 4459524
2769 2768353
2211 2210193 2210415
1031 1030677
5372 5371761
5580 5579241
5322 5321280
530 529855 529758 529216 529479
3663 3662184 3662028 3662145
2433 2432626
224 223456 223808 223256
4052 4051665 4051376
3954 3953578 3953173 3953684 3953240
938 937404 937137 937634
2439 2438193
960 959398 959489 959074 959738
1652 1651851 1651641
891 890176 890197
961 960359 960942
2663 2662925 2662385 2662417
2436 2435198
3451 3450233 3450790 3450036 3450910
3577 3576086 3576669 3576494
769 768442 768876 768548 768653
2830 2829586 2829402 2829128
4593 4592144 4592537 4592663
2585 2584076 2584046
1836 1835132 1835040
1120 1119328 1119261 1119655
4328 4327697
4003 4002376
4959 4958323 4958256 4958420 4958393 4958834 4958659
5484 5483141 5483574
1213 1212033 1212077
2068 2067170 2067696
5791 5790954 5790697
4839 4838362
5737 5736968 5736191
777 776174 776036
1210 1209408
685 684738 684789
3837 3836867 3836219
207 206917 206500
1288 1287791 1287333 1287599 1287519
4644 4643249 4643232 4643618
2500 2499030 2499546
3967 3966063 3966164 3966511 3966201
3012 3011719 3011471
3444 3443671
140 139349 139243
2349 2348373 2348423
216 215289
2271 2270520
454 453432
5377 5376789 5376186 5376332
2189 2188063 2188108
54 53962 53550 53993 53195
3627 3626185 3626716 3626207
4931 4930794
3091 3090333 3090538 3090699 3090941
5258 5257549
5425 5424449 5424353 5424301 5424957
3907 3906247 3906889
3933 3932032 3932623 3932926 3932454
4145 4144102 4144184
824 823780 823870 823072
4950 4949087
3725 3724484
3714 3713167 3713459
3656 3655869 3655617
1506 1505619 1505008 1505308 1505438
2706 2705690
1279 1278059
4534 4533749 4533580
3189 3188798
796 795426
1559 1558194 1558840
240 239212
3161 3160193 3160095
2590 2589720
5164 5163361
503 502943
782 781512 781536
2380 2379921 2379572 2379281 2379585 2379414
4356 4355377 4355403 4355926 4355655
1950 1949471 1949923 1949664
3020 3019606 3019309 3019189
1484 1483522 1483221 1483311
4271 4270063
4158 4157332 4157636 4157981 4157147 4157449
2361 2360313 2360315 2360671 2360196
200 199107 199723
5655 5654466 5654373
1748 1747609 1747755
445 444981
233 232775
3953 3952110 3952229 3952738 3952351 3952647 3952878
3773 3772195 3772585 3772757
4688 4687133 4687571
3793 3792501
2770 2769522
333 332038 332969
3350 3349772 3349647
5343 5342233 5342952
939 938697
2699 2698836 2698618
4411 4410413 4410652 4410866
179 178351
278 277259
4331 4330180 4330411 4330631
5232 5231841
3450 3449815
3374 3373633 3373741 3373136
3179 3178537
4530 4529280 4529529
1965 1964181 1964412 1964463
2751 2750264
2545 2544205 2544174
343 342700
172 171450 171314
2411 2410161 2410517 2410339
4292 4291993 4291073 4291829
1601 1600830 1600160 1600775 1600132
2841 2840960
820 819258 819622
2984 2983194
880 879591 879204
1512 1511125
3373 3372223 3372004 3372280 3372521
466 465904
4125 4124228
1889 1888144
4943 4942791 4942184
2975 2974991 2974876
4754 4753481
3349 3348115 3348723 3348046
1607 1606907
2821 2820468 2820451
4685 4684827 4684496 4684546 4684099
133 132769
2034 2033460 2033661 2033859
4632 4631804 4631611
826 825622 825346
8 7253 7134 7412 7474 7517
4251 4250045 4250911 4250326
2407 2406703 2406847
5748 5747006 5747636
2509 2508354
726 725754 725497
2255 2254070 2254593
744 743352 743936 743504
2441 2440446 2440090 2440188 2440553 2440255 2440947
5498 5497643 5497890
4899 4898877
5102 5101386 5101491
5788 5787058
4787 4786926 4786888 4786974
1163 1162090
4587 4586406 4586195
3781 3780431 3780876
3343 3342300 3342632
1041 1040354 1040873
2214 2213653 2213317 2213294
178 177364 177792
4620 4619711
1214 1213034 1213181
5576 5575520 5575300
10 9063
1274 1273580 1273254 1273075
5246 5245081 5245742 5245768 5245938
5602 5601212 5601194
1951 1950786 1950431
3455 3454321
3856 3855437 3855879 3855905
2735 2734045 2734737 2734411
3105 3104598 3104239
956 955195 955989
5113 5112432 5112653 5112525
4866 4865285 4865978 4865655
5496 5495408 5495090
1674 1673290
2534 2533668
69 68247
2738 2737577 2737752
5139 5138185 5138820 5138977 5138164 5138793
2151 2150201
3197 3196474 3196332 3196976
3918 3917250 3917948 3917077 3917848 3917822
3677 3676327 3676879 3676699 3676937
3386 3385454 3385054 3385035
4629 4628500
718 717476 717183 717278
4702 4701733
173 172242
1198 1197418 1197599 1197961
504 503764
613 612750
2100 2099194 2099709
4574 4573645 4573589 4573340 4573754
3548 3547159 3547015 3547307
989 988116 988257
3489 3488941
2856 2855941
897 896915 896181 896114
1876 1875177
5315 5314677
1639 1638076 1638733
1150 1149296
5147 5146439 5146685 5146822 5146762
511 510075 510444
4175 4174103 4174029 4174853
5233 5232751 5232764
2844 2843465 2843352 2843597
3754 3753312 3753067
1711 1710634 1710911 1710231 1710733
1238 1237072 1237078 1237579
3226 3225298 3225182
2270 2269802 2269411
4324 4323535
2423 2422199 2422319
686 685599
5311 5310662 5310914
1985 1984492 1984586
355 354215
3538 3537803 3537908
1173 1172164 1172382
5571 5570748 5570491 5570672 5570921 5570862 5570609
3039 3038354 3038379 3038911 3038596 3038235
3428 3427288 3427904 3427439
1275 1274445
5224 5223664 5223039
3366 3365577 3365821 3365858
1179 1178036 1178318
3468 3467732 3467210
5357 5356374 5356058
668 667470 667435
5653 5652096
2803 2802251 2802419
4259 4258601 4258556
3383 3382553
5585 5584935 5584064
1896 1895113 1895193
1648 1647569 1647666 1647396
733 732515
5252 5251757 5251408 5251083
326 325806 325396
5012 5011458 5011751 5011289 5011762 5011707 5011605
3053 3052835
91 90241 90609 90199
5597 5596643
4670 4669703
127 126210 126220
2020 2019121 2019868
3740 3739666
2132 2131435 2131956 2131780 2131413
4117 4116355 4116687
2304 2303724
516 515556 515270 515354
4826 4825115 4825349 4825705 4825329 4825276
762 761088
1863 1862900 1862289 1862181
4187 4186320 4186917 4186463 4186509
1483 1482830
1826 1825412 1825032
3657 3656086
1474 1473801 1473767 1473556
2320 2319039 2319610 2319517
3462 3461475 3461391 3461893 3461131
4731 4730525 4730114
1064 1063982 1063107 1063989 1063158
2898 2897982 2897078 2897120
510 509172
3163 3162211 3162219
403 402978 402207
2344 2343560 2343394 2343411 2343495 2343777
4000 3999094 3999970
4961 4960231 4960612
5007 5006434 5006820 5006898
384 383106
1849 1848205
4216 4215878 4215646 4215913
3058 3057435 3057301
3572 3571632
3259 3258318 3258989 3258941 3258113
4166 4165049 4165999
428 427759 427048 427152
4318 4317433 4317598
1502 1501133
2650 2649150 2649824
4441 4440463 4440935 4440806
3681 3680049 3680406 3680327
5644 5643625 5643217 5643730 5643500 5643563
1229 1228451 1228466
1622 1621818 1621876 1621282 1621970
5180 5179593 5179272
3199 3198128 3198405
5167 5166819 5166522
957 956515
3310 3309174 3309443
3962 3961493 3961123 3961673
3338 3337704 3337152 3337835
3071 3070416
183 182795 182103 182549 182386
1779 1779000
3564 3563982 3563417 3563426
1000 999438 999890 999818 999130
3728 3727425
4297 4296336 4296816
632 631168
4311 4310205 4310858
3989 3988195 3988728 3988936 3988805
1756 1755626 1755874 1755518
5001 5000143 5000184
1237 1236368
4837 4836430 4836914
2001 2000468 2000217 2000399 2000186
5169 5168378 5168609 5168108
5210 5209074 5209425
1262 1261827 1261589
2586 2585885 2585234 2585586
1008 1007253
2315 2314046 2314659 2314581
4901 4900304 4900003 4900364 4900157
1931 1930949 1930319
4077 4076024
501 500010 500639
867 866282 866555
3074 3073912 3073006 3073062
2514 2513408 2513313
180 179652 179990
3214 3213916 3213119 3213620
2623 2622004 2622407 2622143
779 778657 778992
48 47496 47257 47243
4733 4732830
543 542396 542683
888 887040 887574 887944
1286 1285389 1285973 1285639
5019 5018584 5018773 5018552
2812 2811583 2811636
4785 4784462 4784411
1727 1726940 1726428
3592 3591284 3591901
3688 3687247 3687995
1953 1952219 1952045
4761 4760159 4760742 4760243 4760495 4760233
5557 5556861 5556364 5556775
3692 3691354
5004 5003891
4786 4785606
4732 4731127 4731686 4731857
3303 3302654
1660 1659574
4603 4602357 4602216 4602769 4602914
1205 1204738
4370 4369902
1549 1548601
4724 4723368
5228 5227428 5227731
238 237975
2365 2364394
2129 2128215 2128612 2128746 2128500
3852 3851123
5297 5296209 5296624 5296656 5296268
5344 5343584 5343294
3919 3918216 3918338
2064 2063723 2063607 2063660
31 30195
3814 3813651 3813086
1912 1911775 1911210 1911508 1911505
1418 1417787 1417509
5697 5696571 5696803 5696343
2498 2497711
4595 4594377
4417 4416948 4416421
3620 3619859
4509 4508324 4508784 4508766
5319 5318824
2148 2147220 2147658
327 326368 326049 326222
3084 3083467 3083820 3083980 3083772 3083075
5136 5135029
1554 1553441 1553252 1553874 1553370
2783 2782089 2782233
340 339332 339267
4975 4974016 4974547
3065 3064215 3064939
4294 4293674 4293366
4676 4675397 4675333 4675859 4675991 4675860
2363 2362038 2362909 2362956
5067 5066576 5066764
4386 4385405 4385648
3192 3191662 3191988
676 675651 675101
3217 3216450
4180 4179934
3203 3202189 3202164
3590 3589805
4338 4337597 4337514 4337867 4337724
5196 5195215 5195563 5195254
3832 3831317 3831880
5318 5317949 5317725
4205 4204246 4204404
1790 1789579
3093 3092664 3092632 3092867
2312 2311895
4910 4909377 4909625
3193 3192959 3192080 3192210
3286 3285134 3285967
5798 5797626 5797292
3587 3586585 3586663 3586937
34 33931 33924 33458
5675 5674247 5674826 5674751 5674777
2511 2510742
1445 1444269
3092 3091326
517 516304
5064 5063505 5063507
4484 4483188 4483817
288 287663 287259 287844 287814 287710
551 550108 550738 550705
4162 4161235 4161403
5183 5182716 5182993 5182803
4795 4794784 4794354
5273 5272786 5272303 5272627
168 167042
1635 1634433
2050 2049126
322 321970 321242
608 607739 607800
3412 3411839 3411819
4850 4849913 4849831
4652 4651740 4651016 4651330
4542 4541750
3911 3910592
3709 3708225 3708712
3576 3575022 3575087
1472 1471818 1471660
5544 5543651 5543709
5673 5672426 5672089 5672423
962 961425
4638 4637961 4637446
3805 3804404 3804775 3804815
4667 4666428 4666612
2163 2162389
544 543508 543121
3227 3226102 3226553 3226878 3226872 3226725
1209 1208255
5694 5693652 5693303 5693664 5693590
4706 4705767 4705862
1805 1804039
1144 1143483
527 526730 526189 526098
5781 5780786 5780915
4990 4989327 4989789 4989707
4204 4203857 4203668 4203731
2260 2259012 2259282
470 469051 469644 469058
1575 1574581 1574493
3738 3737759 3737755
1132 1131529
4053 4052209
1772 1771478 1771485
2338 2337497 2337244 2337389 2337064
98 97953 97636 97582
664 663721
2135 2134234
4214 4213387 4213992 4213767
2146 2145301 2145111 2145518
3755 3754461
5037 5036277 5036072 5036005 5036916
2371 2370248 2370203 2370699
2106 2105508 2105475
4098 4097317 4097902 4097635
478 477128 477054
3185 3184138 3184939 3184757 3184692 3184463 3184194
2302 2301229
3566 3565801 3565300
2164 2163085
5569 5568203
3634 3633266 3633914
1202 1201742 1201485
2282 2281652 2281288
3744 3743482 3743040 3743455 3743795 3743927
4790 4789015 4789722 4789844
3696 3695314 3695645 3695255
592 591211 591410
3748 3747514
5654 5653247 5653013
1860 1859335 1859018 1859026 1859524
4824 4823887 4823438 4823987
110 109426 109627 109075
2826 2825929
1081 1080016 1080920 1080193
3372 3371663 3371507
645 644700 644365 644161
124 123020
2409 2408611 2408907
4987 4986332 4986362
5218 5217507
3381 3380031 3380404
758 757296
4784 4783569
1684 1683213 1683805
5025 5024430 5024374 5024584
4966 4965231 4965650
2944 2943474
1991 1990086
4088 4087002 4087782
85 84444 84389
55 54329 54067 54483
878 877950 877196
2796 2795844
4380 4379429 4379657
5041 5040046 5040297 5040692
703 702975 702742
2404 2403435 2403650 2403569 2403627
5686 5685257
4128 4127505 4127867
3087 3086351 3086672
2095 2094667 2094217 2094944 2094376 2094103
5122 5121285 5121610 5121982
4426 4425172 4425668 4425540
395 394208 394589
4336 4335109 4335430 4335962 4335761 4335636
4828 4827578 4827336
5150 5149744
359 358936 358539
1609 1608088
258 257311 257136
4234 4233429 4233663 4233594
3220 3219480
2208 2207167 2207304
1697 1696672
1246 1245272 1245316
1922 1921593 1921151 1921669
902 901510
755 754112 754153 754418
4847 4846534
2362 2361341 2361182
1770 1769018
5447 5446319 5446694
4486 4485335 4485664
5783 5782913 5782576 5782229
4658 4657485 4657800
5045 5044738 5044259 5044239
1121 1120158 1120153
5257 5256365 5256571
151 150781
3029 3028067 3028641
2977 2976043
3568 3567990 3567840 3567446
1051 1050171
38 37839 37013
5314 5313102 5313511 5313019
2700 2699236
5775 5774714 5774636
123 122657
2235 2234662 2234994
1345 1344081 1344237 1344964
1621 1620204
3140 3139783 3139595 3139619
286 285904 285566
850 849055 849290 849988
3188 3187557
3042 3041928 3041339
2567 2566468 2566743
1818 1817234 1817743 1817631
1273 1272359 1272428 1272847
2343 2342942
5635 5634998 5634626 5634236
5253 5252288 5252072
1390 1389637 1389136
1207 1206421
2072 2071136 2071016 2071327
666 665503 665504
5324 5323310 5323086
4118 4117339
2596 2595497 2595464
5349 5348994 5348043 5348677
745 744189 744792
5316 5315769 5315674 5315552
2790 2789567 2789292
1995 1994637
5545 5544410 5544757
634 633630
4055 4054571 4054432 4054885
709 708499
972 971928 971127 971530 971934
700 699710
3162 3161803
4027 4026376 4026602
5170 5169885
778 777563 777316
1244 1243533 1243708
4164 4163159
1126 1125815
4062 4061503 4061854 4061867
1353 1352246
3536 3535064 3535734
378 377295 377796 377249 377213
3283 3282690
1304 1303292
5198 5197280
2910 2909683
379 378248 378075 378076
1089 1088832 1088220
5622 5621644 5621823
1570 1569106 1569329 1569549
2846 2845939
1754 1753945 1753087
2335 2334249 2334016
308 307747
4920 4919592
1306 1305502
5527 5526378
232 231641
1088 1087127 1087998
2091 2090187 2090448
2144 2143188 2143584
4802 4801677 4801278 4801607
1928 1927627 1927334
2578 2577887
491 490767 490773 490360
736 735941
2855 2854058 2854825
4177 4176063 4176578
2212 2211988 2211256
3956 3955147 3955091 3955860
694 693606 693485
5461 5460317
3171 3170012 3170193
5093 5092771 5092926 5092329
2221 2220115 2220469
4087 4086470 4086103
4302 4301596 4301117
3467 3466557 3466108 3466743 3466588
2279 2278076 2278495 2278738
2719 2718259 2718385 2718666 2718563
1766 1765997 1765249
4653 4652549 4652456 4652486 4652747 4652627
4569 4568739 4568200
2167 2166195 2166373 2166095
1975 1974163 1974540
5173 5172166 5172335
2447 2446563 2446298
2708 2707334 2707026 2707896 2707087
2592 2591833
3218 3217972
1562 1561571 1561703 1561685 1561860 1561187
2103 2102547 2102646 2102736
336 335506 335265 335985 335322
5141 5140317
2203 2202483 2202225
4147 4146429 4146947
1200 1199411
4823 4822653 4822677
5191 5190340
471 470576
175 174570
4030 4029780 4029982 4029580
1964 1963538 1963459 1963879
1102 1101238 1101087
4963 4962193 4962881
1969 1968594 1968201
5479 5478234
3411 3410516
4427 4426761 4426111 4426803
4106 4105006 4105753
2356 2355017
1561 1560912
853 852186
5366 5365376
1917 1916701 1916164 1916831
73 72387 72717
3718 3717487 3717757
4247 4246539
2668 2667462 2667146 2667348
77 76422
332 331740 331547 331204
993 992305
1672 1671989 1671363
2673 2672064 2672872 2672215 2672306
697 696197
487 486046
101 100872 100077 100400
3716 3715550 3715778 3715271 3715694 3715574
3244 3243316 3243267
419 418463
1368 1367409 1367999 1367393
4039 4038234
2392 2391835
2808 2807903
1694 1693335
1336 1335737 1335346
883 882337
3751 3750091 3750025
756 755254 755625 755387
2035 2034652 2034540 2034144 2034313
1737 1736786 1736803
5107 5106532
4798 4797220 4797307
996 995480 995092
2027 2026203 2026819 2026434
5327 5326070
3774 3773774 3773264 3773749 3773134
265 264913 264359
1522 1521128
4870 4869306 4869441 4869918
1929 1928146 1928824
1454 1453036 1453331
5626 5625462 5625916 5625560
4224 4223291 4223131
3324 3323537 3323847
1840 1839495 1839961 1839671
716 715534 715616
1919 1918449
843 842387 842120
4631 4630095 4630974 4630823 4630008
1806 1805019 1805321 1805758 1805424
2990 2989862 2989406
2250 2249563
2134 2133966 2133699
5707 5706373 5706948
1986 1985118
4697 4696399
4228 4227916 4227575 4227397 4227956 4227172
4712 4711770 4711358
1332 1331496 1331899 1331341 1331770
4266 4265572
3109 3108029
4851 4850706 4850186 4850915
1783 1782561
3630 3629245
986 985412
5021 5020394
4575 4574194
3765 3764637 3764161
4433 4432273 4432288
4956 4955020 4955249 4955307
862 861932
4953 4952063 4952456
2940 2939115 2939435
3046 3045840
4327 4326815 4326040
4478 4477861 4477317 4477550
811 810430
5548 5547778 5547229
3280 3279105 3279659 3279262
3187 3186244
3597 3596766 3596948
3783 3782246 3782400 3782933
4239 4238360 4238081
4468 4467764
5722 5721743 5721929 5721755
2834 2833904
1828 1827600 1827876
3886 3885164 3885167 3885567
3454 3453782 3453726
1254 1253928 1253756
542 541619
2410 2409335 2409083
3231 3230786
3120 3119664 3119827
4243 4242016 4242067 4242662 4242542
1679 1678897 1678099
1393 1392132 1392664 1392276
4549 4548095
4611 4610799
560 559368
5217 5216694 5216876
5428 5427184 5427434 5427152
57 56883
5020 5019189 5019613
3376 3375785 3375725
2598 2597898
952 951755 951100
5340 5339281 5339554 5339412 5339408
3461 3460699
5011 5010756 5010341 5010532 5010608
3880 3879361 3879953
289 288533 288593 288306
5053 5052444
273 272225 272060 272820
761 760289 760957 760579
2662 2661884
3172 3171607 3171814 3171228 3171060
2785 2784854 2784392
5390 5389394
363 362984
699 698005
3957 3956185 3956226
458 457959 457183
1167 1166523
1372 1371317
1399 1398496
1458 1457852
1040 1039519 1039657
2272 2271970 2271831 2271188
5477 5476005 5476371
2293 2292586 2292248
4605 4604703 4604910
4061 4060075 4060658
1006 1005492 1005094
163 162441
5267 5266242
5521 5520937 5520216
969 968162 968572
3072 3071638 3071288 3071827
80 79194 79364 79569
319 318040 318260 318758 318277
2886 2885207
2176 2175681
3541 3540839 3540072
3878 3877039 3877855
562 561073 561758 561751
5116 5115472
2811 2810891
3278 3277743
3625 3624753
5617 5616800
4008 4007036
202 201258 201947
5203 5202267
298 297910 297925 297739
5564 5563543 5563432
4246 4245564 4245435 4245904 4245352 4245605 4245070
4422 4421311
5595 5594422
5119 5118211 5118840
1548 1547449 1547313 1547793 1547685 1547012
3059 3058374 3058651
3969 3968186 3968627 3968585 3968940
1932 1931803
468 467845 467546
1957 1956456 1956358 1956012
907 906988 906848
1376 1375870 1375496 1375834 1375463
3624 3623636 3623830 3623411 3623076
2816 2815299 2815391
222 221294 221594
2781 2780265 2780070
2667 2666337
2375 2374859
2437 2436042 2436997
3266 3265736
4501 4500621
3822 3821593 3821634
4492 4491196 4491757
3988 3987135 3987361 3987269
5458 5457598 5457909
2263 2262966 2262063
4325 4324112 4324099
4043 4042399 4042443
980 979587 979320
904 903902 903500
5710 5709967 5709917
252 251430 251990
1864 1863234 1863651 1863432
5247 5246625
1845 1844755 1844240 1844197 1844421
4244 4243484 4243812 4243868 4243347
3487 3486563 3486635
1768 1767909
1128 1127005 1127443 1127575 1127877
776 775278
51 50912 50199 50858
462 461366 461761 461416
2533 2532416
2544 2543134 2543855
2161 2160399 2160368 2160110 2160821
4347 4346029
2446 2445289 2445665
2960 2959609
4523 4522658 4522794
2991 2990905
4260 4259991
1738 1737080 1737355 1737067
3078 3077733 3077823 3077345 3077734 3077778
3426 3425497 3425075
1096 1095737 1095111 1095614 1095597
4666 4665822
97 96077 96202 96409 96885
5028 5027361 5027718
2491 2490580 2490571
1174 1173011 1173407
4949 4948146 4948072
1137 1136496
4173 4172400 4172552
3978 3977855 3977830
5567 5566075 5566941
979 978738 978099 978911
1529 1528803
4618 4617808 4617159
2744 2743126 2743945 2743447 2743088
211 210144
944 943656 943048 943590
181 180851 180234
1085 1084213 1084741
1094 1093294 1093931
2127 2126555
1583 1583000 1582992
753 752941
3960 3959440 3959061 3959517
4599 4598824 4598200 4598306
4555 4554904
2481 2480974
3307 3306359 3306998
414 413128 413679 413279
5800 5799013 5799812
3678 3677424 3677219
42 41826
1140 1139786 1139159 1139186
4438 4437634 4437779
1799 1798752 1798005
2698 2697865
684 683131 683986
3698 3697192 3697417 3697724
5562 5561993 5561492
433 432871 432307 432143
5407 5406449
3623 3622854 3622248
5582 5581963
272 271766 271289
3341 3340666
2110 2109345 2109130 2109529 2109789
4245 4244913
5287 5286162
787 786058 786834
2839 2838369
5290 5289107 5289098 5289367
5251 5250837 5250235
4036 4035413 4035764
4459 4458128 4458103 4458591
1400 1399432
594 593626 593189 593610
1324 1323576 1323716
793 792102
3194 3193671
1717 1716066 1716847
2327 2326089
4636 4635188 4635772 4635312
5537 5536351
3096 3095992 3095653
1584 1583097 1583413 1583508
2038 2037600 2037706
1381 1380846
3223 3222645 3222256 3222472
2720 2719795 2719457
4806 4805816
2229 2228837 2228914 2228687 2228351
5241 5240039 5240423 5240376
4739 4738566 4738587
1440 1439809 1439448
2749 2748242 2748275 2748701
5172 5171613 5171585
968 967017 967887 967930
4585 4584583 4584242
1034 1033243 1033819 1033787
2694 2693338 2693227 2693605
4469 4468848 4468186
4521 4520734
1421 1420831
1958 1957587
2385 2384748 2384768
96 95717 95147 95876
2286 2285857
3108 3107322
2969 2968772
5158 5157788
5573 5572153
1613 1612519 1612527 1612012 1612024
3995 3994451 3994222 3994181 3994850
4860 4859691 4859497 4859891
3198 3197495
5101 5100330 5100533
4855 4854181
63 62781
3230 3229814 3229552 3229480 3229884
4129 4128917 4128916 4128524
3144 3143285 3143814 3143627 3143831
2111 2110399
5701 5700182
282 281798
735 734874
1796 1795839 1795625
1199 1198683 1198397
4898 4897655 4897511 4897432 4897550 4897093
3733 3732719 3732462
2281 2280990
5212 5211583 5211801 5211398 5211158
1232 1231469 1231728
2880 2879321 2879017
1619 1618193 1618374 1618937 1618592
338 337993
5332 5331246
5226 5225239 5225446 5225406
4373 4372624 4372566 4372584
3051 3050869 3050474
2557 2556527
520 519785 519851
1710 1709107
2569 2568503 2568391
5286 5285719 5285574
3828 3827800 3827064
2919 2918555
4462 4461949
1321 1320405
3949 3948133 3948934
1938 1937080 1937067 1937001 1937787
4334 4333689 4333233 4333489
4210 4209137 4209221
1222 1221718 1221497
3397 3396872 3396526 3396620
5664 5663172
3421 3420939 3420540 3420359 3420565
4867 4866453 4866658 4866127
1900 1899202
28 27404 27914 27480 27553
2917 2916791 2916533 2916476
3017 3016368
1843 1842747 1842867 1842956
4481 4480241 4480206 4480581
3504 3503943 3503685 3503076 3503333 3503842
3393 3392185 3392663
1448 1447852 1447119 1447439
582 581935
1749 1748025
3600 3599673 3599431
4935 4934303 4934246 4934854 4934342
1897 1896053 1896304
3401 3400138
3927 3926036
1236 1235956 1235609
5687 5686934 5686380
876 875282 875533
3851 3850698 3850058
4727 4726182 4726108
3900 3899232
3685 3684566
3527 3526400 3526875
1517 1516327 1516860 1516475
2191 2190197
3523 3522244 3522081 3522987
3420 3419271 3419962
1328 1327554 1327329
274 273607
717 716605 716951
5123 5122152 5122533 5122632
4375 4374680
4067 4066815
2845 2844143
3586 3585961 3585616
4885 4884451 4884937
375 374182
489 488029
2418 2417183 2417296
5624 5623022 5623860 5623537
5152 5151125
821 820631
2829 2828720 2828438
3717 3716374
3567 3566540 3566612 3566869 3566712
2399 2398526
4934 4933151 4933299
4558 4557567
1095 1094871 1094358
4170 4169962 4169776 4169335 4169464
3824 3823351
4800 4799375
1050 1049557 1049727 1049088
4253 4252111 4252405
3250 3249751 3249756 3249075 3249836
5220 5219185 5219425 5219693
2798 2797795
2004 2003792 2003568
830 829170 829680 829287
5608 5607787 5607758
3500 3499999 3499176 3499492
422 421619 421719 421995
2672 2671221 2671629
408 407078 407166 407472
5660 5659726 5659750 5659310 5659755
5323 5322913
4729 4728475
4314 4313965 4313247 4313318
4201 4200303 4200032
2809 2808325 2808354 2808452
5510 5509420
3073 3072895 3072679
5427 5426707
3700 3699278 3699894
5195 5194585 5194016
4362 4361647 4361068
2398 2397341
2525 2524321
1745 1744343 1744581
845 844848
3782 3781967
2819 2818643
5683 5682325 5682981
2069 2068388
4520 4519359 4519392
1247 1246876
3778 3777106
5492 5491780 5491195
910 909625 909489 909361
4154 4153735
1056 1055218
2962 2961997 2961782
3069 3068587 3068952
2766 2765910 2765558 2765946
1342 1341856 1341524 1341087
635 634875
2679 2678869 2678571
4869 4868738 4868234
5453 5452871
803 802808
4395 4394656 4394853
4884 4883745 4883766 4883249 4883255
2199 2198005 2198740
117 116986
2559 2558970
3652 3651608 3651858 3651301
4279 4278349
2054 2053488
5618 5617244 5617862 5617034
3560 3559530
3544 3543261
5387 5386648 5386684 5386837
4730 4729742
1527 1526982
3980 3979192
1414 1413510 1413759 1413608
1112 1111654 1111889
921 920012
4303 4302703
925 924091 924839 924108 924205 924644
1608 1607951
5638 5637398
4337 4336649 4336201
3243 3242528 3242058
3147 3146871
3159 3158012 3158181
1681 1680622
5096 5095542 5095149
3668 3667282
3791 3790250 3790036
4186 4185367
3364 3363969 3363609
1565 1564722
642 641624 641140 641343
4832 4831390 4831618
3573 3572494 3572586
2994 2993294
3532 3531895 3531138
5293 5292108 5292524 5292916
5773 5772492
3563 3562555 3562209
4822 4821581 4821292
4393 4392816
5069 5068854 5068270
4389 4388257
3170 3169750 3169219 3169470 3169916
966 965234 965668 965813
2346 2345286 2345967
2581 2580760 2580238 2580373
2689 2688374
5503 5502062 5502099
3843 3842960
5591 5590399 5590766 5590309
1284 1283763 1283260
1812 1811537 1811756
4604 4603150 4603979 4603707 4603393
2840 2839786
892 891929
3121 3120963
2070 2069724
4933 4932496 4932713
3358 3357511 3357387
1350 1349633 1349599 1349158
4765 4764433 4764876 4764821
5151 5150634
3141 3140225 3140428
2227 2226598 2226679 2226319 2226431
568 567491 567985 567696 567383
2955 2954103 2954789
5607 5606712 5606298 5606702
3990 3989270
1878 1877068 1877517 1877501
1940 1939346 1939643
1145 1144147 1144854
4354 4353256 4353994
41 40371
5245 5244591
5337 5336313 5336324 5336426
4190 4189355 4189352 4189302 4189862 4189292
400 399075
682 681134
4767 4766103
1153 1152521
4194 4193328
3994 3993675 3993518
930 929596
1572 1571361
908 907119 907590 907008
1564 1563315 1563771 1563785
3125 3124605 3124579 3124669
2773 2772531 2772189
5483 5482167 5482705
2089 2088117 2088356 2088427 2088462
2574 2573602
3570 3569503
945 944461 944490 944458
3360 3359066
3966 3965281
4969 4968535 4968873
2648 2647948 2647946
197 196112 196086
3653 3652217 3652367 3652699
87 86404 86224 86573
3585 3584202 3584077 3584207
2460 2459830
4500 4499139 4499680 4499091 4499723
5688 5687619
5393 5392300 5392184
5455 5454398
1536 1535450 1535187 1535851 1535283
402 401415 401133
940 939564
3719 3718255
711 710077
1037 1036997
1007 1006957
303 302985 302443 302338
4989 4988417 4988127
523 522026
5304 5303934
323 322102 322439
4119 4118751 4118164 4118778
5362 5361422 5361835
36 35864
5162 5161409
5305 5304377 5304738 5304694
5563 5562367 5562611
2228 2227656 2227017
1606 1605318 1605866 1605186
1301 1300948 1300194
4111 4110809
5636 5635565
2216 2215575
439 438941
1574 1573928
2218 2217671
1354 1353186 1353150
923 922200 922991
3827 3826977 3826879 3826679
5546 5545146 5545455
4237 4236962 4236373
2079 2078241 2078375
3605 3604363
1769 1768258
5440 5439156 5439951
1686 1685285
1907 1906339
492 491425
1360 1359706
4134 4133500
667 666998 666937
5553 5552980 5552396
2325 2324870 2324444
1135 1134360 1134352
4413 4412703
2657 2656917
1307 1306720 1306400
3216 3215909
2097 2096629 2096038
366 365009 365483
5163 5162089 5162116
201 200994
2204 2203895
499 498210 498555
585 584913 584089 584755 584324 584072
1926 1925973 1925722 1925273
2386 2385262 2385345
4196 4195616
4772 4771487
141 140720
4985 4984633 4984652
1731 1730427 1730338 1730905
5515 5514201 5514740 5514578
1800 1799766 1799076 1799839
1937 1936411
2059 2058367
5486 5485511 5485641 5485425
5225 5224303
5528 5527363
4546 4545481 4545454
2707 2706181 2706159
5288 5287583 5287930
3823 3822737
5646 5645474
3790 3789286 3789408
4150 4149231 4149638
5475 5474466 5474929
816 815806
4994 4993017 4993455 4993256
2116 2115486
2595 2594016 2594149
5370 5369782
1292 1291104
66 65332 65822 65699 65087
1921 1920608
3893 3892637
2053 2052220 2052646 2052929
4152 4151002
4783 4782728 4782352
2572 2571412 2571798
2897 2896227 2896706
1429 1428916 1428053
3549 3548225
64 63553 63322
1630 1629284
5478 5477887 5477380
1706 1705260
4708 4707555
1374 1373476 1373645
291 290306 290005 290318
1362 1361796 1361643
4349 4348264 4348358
155 154823 154162
1524 1523293
5066 5065258 5065563
5275 5274376 5274010
1282 1281805 1281960
1117 1116724
2420 2419294 2419989
2637 2636954 2636233
4743 4742038 4742282 4742533 4742072
27 26234 26608 26753
4513 4512648
1029 1028072 1028103
4993 4992250 4992699
4981 4980885 4980245
4900 4899520 4899874
2927 2926674
156 155034 155929
2297 2296748
1431 1430402 1430785
1340 1339189
5699 5698596
3850 3849771 3849970 3849335
5317 5316161
2963 2962376 2962143
1504 1503187
3281 3280870 3280705
1387 1386345 1386240
5003 5002826 5002865
184 183509 183456 183808
2353 2352826 2352554
1271 1270446
1030 1029760 1029797
5762 5761723 5761534 5761629
2292 2291842 2291011 2291666
3609 3608387
223 222598 222701
3493 3492283 3492872
2685 2684406 2684993 2684143
4617 4616772 4616770
2903 2902432 2902302
4764 4763936 4763847 4763836
5341 5340060 5340565 5340651 5340949
5263 5262049
1780 1779178
1996 1995329
1616 1615414 1615706
2684 2683753 2683499
2784 2783190
4155 4154947 4154246
2577 2576391 2576549
4172 4171063 4171740 4171451
4713 4712451
2787 2786370
4051 4050427
243 242536 242847 242217
672 671081 671491 671811
1820 1819325 1819889
2593 2592547 2592670
846 845636
1076 1075650 1075485
1576 1575353
1837 1836706 1836375
5131 5130496 5130655
2676 2675016 2675662 2675860
3853 3852072 3852114 3852557
5414 5413390 5413562 5413510
2670 2669577
1552 1551923 1551247 1551890
4446 4445885
525 524734 524162
1784 1783922 1783327 1783861 1783931
3166 3165599 3165753 3165195
2188 2187611 2187464
772 771097 771903
3816 3815166 3815590 3815619
3441 3440368 3440979
2074 2073620
3063 3062562 3062802
2194 2193549 2193729 2193922
5206 5205112 5205422
4001 4000223 4000613
4013 4012999 4012718
2656 2655805 2655478
4273 4272676
5587 5586446 5586889 5586827
2107 2106738
5269 5268359
3873 3872565
1822 1821822 1821927
4684 4683893
3431 3430542 3430102
3902 3901316 3901404
3801 3800600 3800325
3964 3963317 3963499 3963797 3963069
4200 4199606
3619 3618504
1533 1532120 1532633 1532110 1532811
1976 1975350
596 595598 595009 595859
4689 4688180 4688650
3327 3326004
2622 2621888 2621868
3106 3105254
696 695450 695317 695319
2747 2746735
3024 3023915
2291 2290745 2290185
951 950064
4722 4721630
2285 2284500 2284239 2284449
362 361768 361178
1067 1066036 1066576 1066487
4391 4390170 4390384
4876 4875912 4875811
5326 5325220 5325879 5325618 5325356
2527 2526786 2526476 2526246
2336 2335604 2335002 2335274
3952 3951928 3951210
1653 1652387
937 936757 936583
615 614443 614444
2087 2086543 2086425
2102 2101648
580 579292 579781 579278
2584 2583018 2583595
325 324441 324313
3248 3247327 3247400
4817 4816091
1642 1641661
4461 4460559 4460064
2613 2612555
524 523614 523732
2096 2095366 2095078 2095879
4586 4585897
3200 3199609 3199638
1765 1764648
3985 3984251
2033 2032434
673 672960 672237 672397
5097 5096941 5096601
115 114072 114611 114590
2726 2725023 2725690
2507 2506845 2506662
4451 4450591 4450112
4383 4382219 4382392 4382010
2517 2516694 2516780
4745 4744110 4744979
2618 2617672 2617531
4467 4466652 4466612 4466583
1211 1210698
2563 2562573 2562583
3022 3021732 3021805
2316 2315200
3088 3087646
4580 4579975
3274 3273831
2379 2378782
118 117812 117912
4833 4832848 4832102 4832517 4832813
5760 5759995
4269 4268562
310 309188 309838
1645 1644319
3497 3496303
3551 3550305 3550531
1451 1450381
839 838724
3399 3398803 3398152 3398905
2923 2922794 2922333 2922853 2922837
3142 3141775
3363 3362811 3362218
5299 5298607
5406 5405610
5467 5466266
2696 2695427 2695571 2695780 2695509
707 706413
3635 3634852
3407 3406164 3406642
5154 5153397 5153673
1757 1756605
427 426441
2723 2722226
2043 2042875
2561 2560607 2560317 2560747 2560333
3637 3636444
3813 3812788
4315 4314776 4314058 4314627
1774 1773541 1773222
3800 3799582
2978 2977288 2977147 2977439
4374 4373406
299 298426
2515 2514330
1994 1993172 1993788 1993644
610 609011 609396
164 163645 163163 163313 163728
3833 3832955
5615 5614612 5614108
4454 4453234
444 443726 443996
498 497557
169 168539
3929 3928433 3928971
5291 5290688
1678 1677993
5051 5050687 5050063
3937 3936719
992 991648
4488 4487850 4487562 4487830
4040 4039413 4039222
571 570355
3721 3720113
3062 3061858 3061006
1682 1681967 1681593
1700 1699662
409 408581 408591 408600
2526 2525473
3643 3642917 3642211 3642182
67 66500
2858 2857416
5137 5136195
2512 2511315
2835 2834616 2834894
2215 2214612
3707 3706258
5112 5111617 5111065 5111203
4450 4449680 4449804 4449781
2660 2659958 2659294 2659217
4519 4518215 4518409
2956 2955217 2955250
3272 3271099
5733 5732380
2788 2787075
5739 5738396 5738615
4452 4451403
5181 5180337
2810 2809238 2809645
1139 1138937
1979 1978737 1978044
5490 5489318
1078 1078000
4510 4509273 4509119
347 346497 346188 346567
3604 3603075 3603268
227 226575 226117
4649 4648111
3050 3049607
1914 1913264 1913729
1803 1802813 1802478
3432 3431777
2951 2950818 2950033 2950097 2950184
5462 5461247 5461811
4728 4727785 4727359
2198 2197572 2197665
545 544657
4720 4719809
5133 5132707 5132162
4472 4471986 4471630
5201 5200368
4083 4082199
3539 3538111
2908 2907606
5048 5047330 5047242
4829 4828501
870 869432 869153
2340 2339182
5771 5770702 5770289
2587 2586797
4153 4152634
253 252467 252259 252695
3041 3040238 3040212
932 931667
4740 4739183
247 246468 246913 246144 246206
4704 4703094
281 280626
2642 2641896
602 601426
5547 5546871
50 49743 49245
2874 2873703 2873836
3000 2999284 2999507
5355 5354039 5354450
2818 2817124 2817566
5036 5035081
1997 1996067
4485 4484535
4614 4613107 4613714 4613782
3629 3628913
4758 4757825 4757721
1473 1472764
494 493282 493607
2391 2390605
3033 3032864 3032070 3032934
4882 4881587 4881863 4881338
5690 5689810 5689806
3245 3244689 3244888
5758 5757134
2564 2563890 2563916 2563003 2563554
81 80807 80813
112 111971
2060 2059900
1829 1828712
2924 2923988
743 742797 742147 742326
2939 2938805
3287 3286195 3286896
1019 1018457
1197 1196678 1196648
3939 3938238 3938679 3938113
5642 5641300
2453 2452490 2452525
1815 1814195 1814748 1814325
453 452077 452847
4221 4220715
621 620251
2930 2929658 2929287
170 169294 169535
5766 5765621
5581 5580533
4235 4234995
4699 4698555 4698215
3799 3798306 3798537
2098 2097188 2097563 2097432
2209 2208815
4403 4402064 4402853
65 64684
2039 2038541
1388 1387473
5786 5785627 5785080 5785190
809 808004 808737 808720
865 864827 864687 864663
3003 3002369
5481 5480697 5480414
5211 5210490
5157 5156128
2825 2824322 2824048 2824711
1760 1759691
2678 2677996
2088 2087751 2087837
1402 1401669 1401074
432 431941 431804
4015 4014227
3312 3311859 3311984
4101 4100325
1280 1279346
1939 1938449 1938066
4926 4925945 4925294
4298 4297797 4297516
3855 3854738
3804 3803948 3803439 3803084
981 980636 980279
4957 4956448 4956759 4956190
3934 3933870 3933212
2244 2243939 2243784 2243101 2243590
2124 2123585 2123926 2123830 2123979
640 639317 639727 639569
2276 2275312 2275372
2920 2919878
3308 3307660
3542 3541490 3541519 3541652
1325 1324088 1324636
791 790193
4965 4964584
538 537344
167 166389 166143
1516 1515326
1665 1664315
799 798392
1258 1257967
2254 2253662
3626 3625467 3625075
2537 2536152
1235 1234650 1234352
5177 5176554 5176917
4046 4045921
768 767754 767693
479 478498
1171 1170325 1170874 1170524 1170217
1257 1256959 1256570 1256116
1234 1233620
5074 5073846 5073337
5753 5752589
813 812503
3789 3788063 3788088 3788650
5790 5789961
4562 4561707 4561324
789 788570
5013 5012994
2479 2478863 2478707
2757 2756907
2347 2346666 2346076 2346016
2748 2747191 2747618 2747267
5145 5144114 5144662
5017 5016937 5016194
3321 3320389 3320747 3320916
2193 2192637
18 17690 17371
2482 2481346 2481852
2158 2157195 2157414 2157970
750 749597
3377 3376409
4742 4741210
2887 2886481 2886874 2886853
3002 3001324
2615 2614471 2614108
448 447522
5396 5395955 5395507
2239 2238049
1108 1107070 1107590
1164 1163834 1163199
3390 3389011 3389878
257 256384
2032 2031711 2031486
349 348570
4766 4765880 4765093
5702 5701577
3687 3686354
4567 4566913 4566197
5105 5104974
1344 1343518 1343963 1343873
1568 1567187
3889 3888381
1413 1412181
3611 3610108 3610012
2502 2501826 2501465
4941 4940029 4940474
398 397330
5148 5147644
5081 5080277 5080149
2058 2057398
2174 2173351 2173668
1471 1470210 1470548
1909 1908431
4063 4062518 4062739
2283 2282524
4127 4126224
5240 5239376 5239198 5239365
577 576788 576646 576491
5761 5760757 5760127
418 417565 417016 417629
1175 1174089 1174495
3638 3637721 3637223 3637852
1281 1280920
21 20498 20116 20671 20743
3061 3060339 3060016
3330 3329774
1190 1189348
1129 1128952 1128522
119 118557 118321
4267 4266587 4266218 4266430 4266701
2620 2619656
3190 3189944 3189317 3189282 3189011
552 551146
2745 2744233 2744317
4227 4226282
3001 3000329 3000767
3951 3950578 3950288
4104 4103646 4103797
1327 1326129 1326918
424 423768 423390
5309 5308459 5308067
4346 4345127
4012 4011096
4540 4539751
2933 2932407 2932566 2932468
5052 5051412
2714 2713321 2713832 2713601
3473 3472600 3472255
2531 2530715 2530740 2530734
4903 4902637 4902585 4902210 4902376
4436 4435327
1308 1307360
3867 3866103
691 690529 690219 690215 690244
1846 1845273
641 640381
5168 5167812 5167255
1631 1630794 1630736
4348 4347255 4347293
1010 1009742 1009239
2600 2599760
2005 2004304
1746 1745289 1745812 1745347
1566 1565977 1565133 1565153
650 649525 649022
4726 4725494
1122 1121879
1541 1540039
1255 1254871
5024 5023855
3460 3459331
335 334580 334117 334854
5645 5644716 5644333 5644495
1316 1315681
795 794551 794336
1633 1632870 1632003
5044 5043925
1747 1746698 1746591
131 130933 130431 130151 130468
2240 2239804 2239151
4563 4562623 4562548 4562683
5134 5133189
3247 3246669
2013 2012662
420 419482 419502
5254 5253636 5253792
2238 2237596 2237402
3519 3518742 3518198 3518555
5197 5196187
1834 1833076 1833435 1833289
3232 3231051 3231856
860 859739 859715
1013 1012306 1012141 1012974 1012815 1012423
3670 3669716
3464 3463763 3463193
5221 5220063
5796 5795163 5795075
4890 4889186 4889325
5506 5505802 5505409
2938 2937750
573 572406
5165 5164339 5164433
4996 4995687
1455 1454143 1454651
734 733933 733800
1251 1250234
1110 1109312
3815 3814194 3814444 3814771 3814720
2222 2221208
3354 3353180 3353549
4936 4935928 4935545 4935335
783 782885
1295 1294288
4529 4528794
4120 4119188
5229 5228400 5228521 5228747 5228245
2403 2402426
2576 2575576 2575079
3565 3564650
4561 4560064
5394 5393559 5393905 5393427
881 880546
1523 1522075
999 998530 998525
5278 5277682
1623 1622398 1622885
4280 4279246
4353 4352706 4352217 4352199 4352872 4352244
1182 1181640 1181808 1181625
4229 4228656
2501 2500791
1382 1381687 1381990 1381680
1925 1924913
3636 3635976
3869 3868682
1482 1481641 1481921
2376 2375822 2375758
235 234718 234871
1436 1435072
5303 5302640 5302533 5302716 5302306
1600 1599201 1599228
3038 3037647 3037356
4626 4625611 4625317
1224 1223770
5328 5327130 5327041
3890 3889862 3889232 3889180
1542 1541370 1541999
2268 2267818
3154 3153150
4915 4914221 4914306
2015 2014066 2014081 2014090
4672 4671231 4671293
1087 1086620 1086525
2429 2428478
1936 1935915
4571 4570148
1111 1110633 1110052 1110013
4231 4230714 4230882
788 787124 787063
2165 2164052 2164355 2164220
5554 5553954 5553482 5553709
3555 3554906
2906 2905331
4344 4343129
790 789626
597 596428 596494
4209 4208848 4208430
2921 2920792 2920873 2920072
17 16563 16298
259 258389
947 946089
3098 3097328 3097186
2774 2773332 2773077
1310 1309132
2905 2904461
5409 5408058
3234 3233301 3233519
4491 4490714
5714 5713287 5713724
950 949272
4283 4282610
2717 2716214 2716053
3208 3207211
2062 2061208
5310 5309573
3506 3505837 3505476 3505426
1993 1992694
4952 4951079
2339 2338208 2338234
633 632825
1894 1893586 1893640
3177 3176173
706 705033 705272
3691 3690709 3690318
4980 4979094 4979913
2355 2354876
1493 1492712
2474 2473288
5555 5554152 5554089
1430 1429636 1429858
1615 1614204 1614066
4018 4017429
541 540372
5511 5510446
4659 4658388 4658151 4658607
3757 3756611 3756508 3756063
5623 5622466 5622581
5035 5034430 5034072 5034130 5034755
3331 3330319 3330139 3330423
1352 1351335 1351408 1351995
5619 5618481
4608 4607938 4607792 4607966
2669 2668826
3241 3240809 3240184
3361 3360622
3502 3501921 3501813 3501962
3591 3590925
1183 1182151
4343 4342539
4559 4558370 4558208
1974 1973337 1973491 1973649
5711 5710241
5118 5117322 5117490
214 213326
5087 5086738 5086250
3984 3983018
3732 3731391
5550 5549780
1148 1147951 1147873
4122 4121703
2247 2246573 2246321 2246446
3812 3811269 3811012
3874 3873647 3873657
1130 1129382 1129059
4525 4524443 4524460
5600 5599413 5599476
4504 4503266
4445 4444081 4444598
1671 1670081
1136 1135856
4453 4452647
1053 1052254
655 654222
1514 1513887 1513070 1513850 1513142
2122 2121310
2523 2522939
1375 1374517
2928 2927703 2927206
2867 2866280 2866411 2866594 2866639
3490 3489951 3489323
2771 2770194 2770823 2770862
2916 2915162
3378 3377072
1788 1787405
558 557813
519 518431
5106 5105284
1351 1350386 1350850
877 876306 876450
1196 1195238 1195368
2806 2805667 2805608
3104 3103320 3103234
452 451986
3786 3785827 3785186
2442 2441921
1476 1475182
1233 1232351
3445 3445000 3444517
2334 2333367 2333568
971 970580
4142 4141084
3477 3476362
4044 4043321 4043687 4043512 4043496 4043442
2108 2107858
1723 1722368
2323 2322821
4954 4953187 4953782
4736 4735592 4735646 4735866
5560 5559922
3674 3673496 3673186
916 915486
5596 5595770
533 532774
2326 2325282 2325601
3947 3946335 3946048 3946929
554 553572
5491 5490590 5490153
2056 2055966
4425 4424187
369 368067
5090 5089323
3675 3674977 3674816
249 248355 248511 248289 248049
4045 4044839 4044108
4892 4891961
1498 1497929
3094 3093271
210 209753
2780 2779647
4830 4829815 4829898
2718 2717718
5301 5300951
1419 1418062
2682 2681496
4747 4746665 4746689
675 674854 674635 674107
4364 4363313
5342 5341211
4675 4674400
1015 1014373
4999 4998612
1028 1027798
4397 4396851 4396916
5420 5419278
4487 4486250
4793 4792841 4792504 4792060 4792145 4792227
3998 3997237
2894 2893253
1777 1776438 1776824 1776991
4834 4833546
2854 2853988
4137 4136234
1 467 751
4275 4274562 4274406 4274492
3118 3117938 3117858
4888 4887350 4887572 4887268
3802 3801967
348 347502 347427
2653 2652430 2652528 2652048
3834 3833694 3833590
2982 2981563 2981718 2981553 2981810
269 268858
2690 2689077 2689835
741 740076
701 700680
5188 5187128
2588 2587039 2587689
3743 3742485 3742157 3742043
5135 5134533
3126 3125282 3125440
2857 2856389 2856627
3089 3088655 3088789
2614 2613895
4255 4254553
4835 4834589
3514 3513940 3513003 3513641
838 837272 837316
5047 5046750 5046398 5046656 5046174
1797 1796734
2986 2985583
5088 5087934 5087898 5087594
3546 3545051
4458 4457623
1397 1396140
283 282680
2183 2182064
3808 3807598
457 456961 456010 456355
4274 4273465
4195 4194077 4194200
1735 1734196
495 494755 494237 494523
4930 4929908
1242 1241295
2137 2136821
2125 2124032 2124764 2124289 2124149
1248 1247195
1677 1676615 1676834
356 355765
2630 2629038 2629858
4598 4597484
4972 4971745
5400 5399158 5399433
5574 5573590 5573171
5649 5648315 5648193
4896 4895102
393 392214 392997
1859 1858088
2045 2044549
679 678255
2278 2277849 2277316
1811 1810775 1810677 1810813 1810052
3513 3512755
4365 4364580 4364418
4709 4708516 4708528
746 745742 745706
2396 2395547 2395371
2913 2912103 2912740
3879 3878144 3878658
3414 3413633 3413756
3820 3819878
2602 2601813 2601070
3991 3990974 3990314 3990874
3971 3970152
2169 2168444 2168244
2727 2726046
2521 2520693
901 900565
107 106371
4357 4356151 4356536 4356003
3747 3746704 3746573
2864 2863780 2863409
1983 1982753 1982782 1982080 1982690 1982087
2289 2288657
1023 1022466 1022006
1685 1684502
284 283513
2023 2022667 2022853
4535 4534070
459 458181
5565 5564380 5564659
1690 1689423
569 568941 568415 568888
3689 3688403 3688568
933 932197
2508 2507433 2507989
2233 2232229 2232235
5295 5294774
3986 3985882
890 889931
2539 2538005 2538395
2274 2273714 2273041 2273025
2475 2474576 2474282
2393 2392102
2652 2651489 2651234
3469 3468879
794 793587
1231 1230376
4779 4778875 4778813
1293 1292953
3492 3491677
5336 5335749 5335350 5335866
3221 3220112
3123 3122807 3122461
2314 2313398
5598 5597743 5597425
88 87280
12 11694
1968 1967309
3101 3100246
2205 2204741 2204530 2204749
3297 3296183
1853 1852492
2848 2847831
1827 1826003
2075 2074186
1072 1071675
837 836461
4322 4321418
936 935936
2675 2674583 2674358 2674821
1789 1788423 1788095
4856 4855496 4855785 4855820
927 926328 926703 926719
1539 1538004 1538408
611 610829 610897 610869 610467
2489 2488245 2488444
589 588367 588149
1046 1045906 1045265
2549 2548657
5283 5282337 5282003
3739 3738415 3738205
239 238764
1830 1829018 1829843
1054 1053862
2123 2122533
2895 2894233
237 236914
446 445373 445845
1577 1576602
4711 4710214
4031 4030697 4030975
1042 1041439
885 884767
4557 4556115 4556791
1045 1044378 1044162 1044724
1181 1180064 1180888
3558 3557815 3557476
1333 1332625 1332781 1332633
430 429091
2736 2735417
1687 1686344 1686331 1686434
1450 1449418 1449946 1449996
4473 4472977
5532 5531257 5531854
89 88642 88490
1143 1142043
3508 3507931
3881 3880209
4398 4397987
5243 5242117 5242790
3976 3975824
5402 5401271 5401632
2298 2297504
683 682181 682319
1457 1456565 1456863
3517 3516965 3516456 3516062
572 571236 571086
506 505149 505055
4414 4413398
857 856401
805 804250 804398
1943 1942967 1942564 1942492
3423 3422905
4407 4406367 4406660 4406943
2077 2076238
740 739564
9 8181
3233 3232382 3232631
2226 2225235 2225885
4188 4187121
2900 2899643 2899141
2535 2534359 2534771
4657 4656530 4656854
4211 4210672 4210481
1865 1864882 1864546
2627 2626064
815 814920
2617 2616992 2616465
2430 2429146
1470 1469167 1469900 1469675
3559 3558233
1515 1514798
1813 1812433
1532 1531256
1268 1267414
5038 5037988 5037301
5487 5486993 5486361
1916 1915683 1915550
318 317323
5556 5555248 5555917
5379 5378163
1945 1944735
4682 4681005
5631 5630996
1180 1179947
1771 1770162
1755 1754428
4326 4325251 4325080
4873 4872620
2251 2250505
3037 3036639
3044 3043735 3043734
1511 1510363
4316 4315286 4315216
5207 5206004 5206997
3664 3663729
5476 5475508 5475296
3404 3403133
3710 3709785 3709479 3709664
5604 5603882
3562 3561261 3561595
5184 5183832
3603 3602818 3602948
4818 4817467
1178 1177952 1177201
868 867339 867275
4333 4332444
1389 1388669
4223 4222216 4222241
1260 1259748
3898 3897273
5159 5158632 5158637
4323 4322856 4322692 4322237
1485 1484752
2530 2529482
2907 2906927 2906869 2906473
3446 3445622
3186 3185804
2464 2463875 2463606
2052 2052000 2051560
381 380732
3066 3065864
3103 3102111
2980 2979592 2979711 2979580
3797 3796697 3796153
1479 1478874
3449 3448774
2277 2276934
82 81846
721 720043
185 184876
5520 5519580 5519373
2633 2632796 2632245
1477 1476775
5383 5382702
174 173962 173546
2703 2702224
1267 1266431
4998 4997669
3646 3645598 3645596
3263 3262518 3262245
4773 4772688 4772320
205 204038 204740
4547 4546937
5339 5338975 5338441
2571 2570433
5577 5576191
1668 1667103 1667803
4581 4580066
5255 5254306
4299 4298417
515 514215
3418 3417010 3417776
5143 5142128
1558 1557007 1557531 1557118
563 562524
4751 4750945
3571 3570352
1933 1932193 1932692 1932700 1932256
5265 5264680
3254 3253657
2179 2178229
2364 2363522
4623 4622653
4686 4685548
5793 5792246 5792534
2976 2975926
4909 4908669 4908392
1311 1310795
2640 2639457 2639653 2639672 2639318
2206 2205270 2205841
5534 5533833 5533497
3047 3046533
4923 4922340
4048 4047570
189 188783
5156 5155068
1463 1462738 1462531 1462706
3201 3200495 3200671
4435 4434595 4434658
4444 4443983
4206 4205990
3735 3735000
3419 3418887
2733 2732258 2732753
1959 1958016
3077 3076801
2972 2971616 2971073
1203 1202013
2611 2610005
3669 3668888
4831 4830274
3305 3304143 3304318
4114 4113807
4203 4202994
4092 4091967
1557 1556400 1556733 1556562
4064 4063456
1521 1520653 1520724
4578 4577602 4577321 4577919
5398 5397007
3438 3437282 3437249 3437850
1270 1269847 1269493
3582 3581339
521 520209
3124 3123551
3825 3824932
5194 5193888
4771 4770795
385 384840
4059 4058251
1651 1650507
1540 1539847 1539346
5657 5656964 5656195 5656102 5656694
3271 3270115
4696 4695652
2589 2588600 2588112
3794 3793929
982 981453
1801 1801000
4807 4806044
2141 2140857
2405 2404968 2404942
1109 1108525
4189 4188152 4188653
1787 1786589 1786206
920 919611
3264 3263746 3263783 3263567
2619 2618675
83 82533
11 10005 10862 10064
1420 1419813 1419495
4723 4722096
7 6142 6086
3917 3916588 3916648
4590 4589748
2452 2451421
4159 4158534
5779 5778648
4635 4634036 4634979
2395 2394706
5277 5276463
1265 1264225
5637 5636049 5636286
5014 5013191
1785 1784338
3145 3144195
4978 4977590
3333 3332152 3332195
4236 4235728 4235323
399 398758
1888 1887253
5083 5082222
4423 4422706
3402 3401948
2997 2996238
4385 4384751
2504 2503219
1082 1081767
1103 1102127 1102372
1341 1340194
854 853767 853877
1707 1706565
4982 4981581
2863 2862482
2680 2679574
2758 2757056 2757577
5057 5056171
713 712424
198 197385 197705
5464 5463908 5463547
1798 1797182 1797868
1838 1837201
1593 1592223 1592151 1592648
1206 1205302 1205291 1205989
3099 3098673
1612 1611406
5669 5668283
4810 4809275 4809476
4409 4408555 4408574
2912 2911641
58 57707 57991
1884 1883857
953 952318
106 105648
1277 1276744
5321 5320895
3485 3484706
3651 3650927
4079 4078443
3648 3647822
864 863281
4290 4289557 4289419 4289050
579 578768 578747 578040 578694
3977 3976888
1467 1466206
4305 4304206
484 483188 483854
5610 5609594
3970 3969851
5474 5473421
2236 2235111
5485 5484964 5484528
5529 5528867
869 868827 868904
4366 4365011
3535 3534913
3212 3211427
5042 5041778 5041856 5041340
5482 5481950
4507 4506992 4506118
3901 3900052 3900586
2922 2921207
4687 4686040 4686625
802 801537
1038 1037650
720 719860
2021 2020879
1014 1013009
1582 1581081
829 828877 828448
4526 4525308 4525400 4525319
4948 4947204 4947530
3282 3281480 3281887
2918 2917165 2917306 2917003
1433 1432581 1432740
5629 5628224
4004 4003883 4003414 4003904
3807 3806557
3686 3685872
2299 2298983
5222 5221894
4560 4559387
905 904695
2196 2195670
2573 2572271
3191 3190318 3190146
1256 1255508
4222 4221239 4221081
130 129278 129907
429 428286 428931
3275 3274392
5588 5587370 5587192
866 865663
2695 2694589
1670 1669499
1592 1591697 1591940
4352 4351595 4351244
5334 5333899
3914 3913177
2172 2171355
1875 1874521
2030 2029451
3905 3904062
3809 3808663
2891 2890784
5671 5670254
4768 4767687 4767626 4767680
3792 3791685 3791952
4466 4465189 4465388 4465686
2655 2654691 2654861
3328 3327978
3472 3471484 3471758 3471929
2760 2759164
328 327461
4928 4927544
849 848930 848336
2028 2027629
474 473766
529 528255 528520
4219 4218781 4218634 4218950
4756 4755795 4755794
3835 3834352
5391 5390234
3379 3378688 3378138
3235 3234598
4165 4164832 4164598
534 533870
1960 1959928 1959374
1411 1410012
3284 3283835
4181 4180621 4180690
4232 4231993
2318 2317136 2317230
150 149894 149805 149080
4220 4219900 4219784
2761 2760576
1753 1752594
3923 3922795
2462 2461965 2461683 2461003
3554 3553107
230 229317
431 430932
3780 3779713 3779108
2654 2653813 2653168
2724 2723196 2723329
477 476521 476526
1489 1488103
3302 3301093
3068 3067289 3067480
1300 1299191
5526 5525767
3114 3113361
834 833137
4309 4308866
3288 3287634 3287453
2140 2139666
3424 3423107
4476 4475964
3482 3481902
874 873068
886 885618 885647
4545 4544549
3205 3204571
1024 1023035 1023914
2591 2590330 2590773 2590708 2590188 2590721
5634 5633366
3553 3552848
692 691687 691898 691980 691598
4442 4441637 4441189
4809 4808941 4808666 4808186 4808466
3178 3177629 3177336
2457 2456744
4084 4083572
1693 1692752
2046 2045306
2503 2502502 2502558 2502776
1610 1609311
2431 2430927 2430816 2430375
2775 2774936
126 125646 125288
3667 3666215
5075 5074821 5074850
5078 5077159
2885 2884040
5516 5515642
1133 1132623
35 34571 34103
437 436088
4600 4599169
3442 3441079
2185 2184600 2184353
4140 4139322 4139929
2732 2731634
5493 5492670
1821 1820076 1820045 1820199
649 648707
1424 1423260 1423689
3086 3085927
3606 3605769
4872 4871693
4148 4147867 4147291 4147677
1369 1368904
5628 5627360
1435 1434152 1434797
2273 2272170
3830 3829018 3829675
3883 3882908
4988 4987770
2490 2489601 2489354
3219 3218877
3589 3588709
3581 3580132
1409 1408619
4075 4074831
4307 4306222
3255 3254206
4979 4978033 4978913
4748 4747056
5302 5301318 5301829 5301794
4212 4211369
2207 2206222
2492 2491153
3246 3245653
2234 2233886
263 262634 262247
1086 1085987
4287 4286508
505 504428
435 434052
5166 5165651
372 371861
5755 5754649
2995 2994450
5643 5642553
3612 3611274 3611636
5770 5769651
3365 3364610
3848 3847215
1739 1738863 1738937
4416 4415813 4415928
2373 2372643
943 942038
4511 4510246
4019 4018465
3110 3109179
620 619803
4788 4787931
5784 5783694
5517 5516184 5516790
3746 3745442
617 616380
1384 1383470
587 586755
2295 2294702
3904 3903873 3903068
4248 4247575
5272 5271713 5271593
3052 3051673
1944 1943289
4565 4564932
2341 2340851
5747 5746622
1586 1585722
2219 2218095
2797 2796408 2796460
410 409625
1538 1537228
785 784532
1494 1493622
4329 4328384 4328076 4328239
4845 4844719
535 534194
3726 3725155 3725315
5186 5185027
896 895197 895308
2287 2286688
1475 1474211
4108 4107575
1793 1792070 1792033
5792 5791608
388 387416
1553 1552536
4168 4167046
4270 4269076 4269019
4022 4021906
609 608781
2063 2062337 2062208
3475 3474542 3474984
3996 3995302
2017 2016734
1297 1296966
4613 4612324
2570 2569319 2569309
2085 2084534
3501 3500444
2180 2179513
5705 5704733
3763 3762369 3762636
3326 3325778
607 606052
2083 2082614
5759 5758712
2801 2800110 2800258
2957 2956353
245 244505
1851 1850472
1052 1051378 1051158
4176 4175489
2241 2240226
248 247108
1500 1499642
5780 5779174
2893 2892800
1373 1372016 1372356 1372041
1001 1000373
3665 3664434 3664591
4034 4033351
5535 5534413
1908 1907082
4183 4182700
72 71396
2280 2279257
4340 4339412
4161 4160773 4160958 4160463
2743 2742225 2742081 2742222
5307 5306128
1617 1616718
540 539317
915 914878
2715 2714878
4710 4709560
3484 3483581 3483626
2324 2323005
5774 5773937 5773617
5030 5029567 5029351
767 766444
1934 1933202
1841 1840942 1840471
3701 3700183
1658 1657317
3040 3039971
3290 3289951 3289052
270 269657 269406 269154
2309 2308193
2843 2842238
2290 2289915
780 779920
5423 5422451
5658 5657187
4690 4689549
3075 3074647
2303 2302636
1278 1277242 1277322
3315 3314077
1673 1672986
1097 1096913
507 506431
5108 5107320
3758 3757218
4913 4912052
5386 5385438
5641 5640089
3018 3017997
3760 3759690
4735 4734167
111 110238
3380 3379371
1910 1909622
3724 3723582 3723261
1699 1698699
1317 1316635
5114 5113641
2704 2703522
2996 2995403
5313 5312755
4648 4647647
2964 2963628
3524 3523435 3523383
4341 4340152
3440 3439819
4921 4920032 4920090
4095 4094947
4252 4251727
1663 1662648 1662277
4516 4515869
4060 4059709 4059787
3352 3351373 3351158 3351357
3607 3606968
1460 1459303
5034 5033762
1315 1314351
3316 3315651
4193 4192739
4622 4621349
412 411558
2603 2602543
5536 5535291
1935 1934276
1147 1146577
2791 2790753
3618 3617143
4762 4761235
5270 5269655 5269242 5269072 5269755
814 813775
4932 4931593
630 629997
2466 2465921
1689 1688972 1688849
4412 4411968
3543 3542791
1488 1487938
2413 2412562
1366 1365132 1365703
3633 3632184
5685 5684058 5684990
4242 4241769
1650 1649300 1649958
970 969555
2605 2604201
4778 4777224
3279 3278625 3278984
5103 5102740
928 927677
1240 1239112
3494 3493045 3493446
1226 1225432
5437 5436400
3273 3272375
4107 4106666
4692 4691011 4691404
4914 4913189
2937 2936418
1620 1619193
1245 1244208
1823 1822020
4149 4148704
2049 2048940
3023 3022064
4268 4267981
5404 5403641
935 934753 934240
4774 4773879
3987 3986680
5752 5751832
4379 4378265
1021 1020553
5488 5487327 5487463
4133 4132531 4132956
5620 5619818
2305 2304113
3113 3112878 3112703
4868 4867009 4867601
3750 3749089 3749800
171 170303
5627 5626742
2516 2515915
1319 1318353 1318281
3658 3657280
1614 1613960
1947 1946728
2455 2454642
1426 1425042 1425072
2947 2946097
20 19270 19865
75 74555 74980
4254 4253063 4253550 4253038
2370 2369838
3436 3435308
3713 3712246
3340 3339504
5741 5740643
4951 4950662
3662 3661146
3375 3374813
5651 5650632
5018 5017239
4226 4225053
2119 2118449
1326 1325733 1325868
3429 3428029
3470 3469018
5174 5173653
3129 3128544
1942 1941082
760 759650
5356 5355065
5742 5741937
5670 5669646
4887 4886672
1854 1853751
2890 2889829
4483 4482522 4482044
5129 5128464 5128468
5063 5062764
3081 3080493
1039 1038871
1184 1183837
3798 3797762
637 636081
5470 5469447
895 894040
3021 3020653 3020577
5712 5711185
1438 1437428
5219 5218490
3345 3344945
1733 1732049
142 141395
2465 2464910 2464592
4093 4092232
3578 3577997
1068 1068000
588 587639
3776 3775182
3654 3653553 3653400
3863 3862741
2284 2283680
647 646824 646230 646464
3601 3600580
4355 4354280
728 727808
532 531748
3885 3884532
3215 3214649
988 987707
4506 4505296
5754 5753883 5753086
3547 3546997
3679 3678845 3678197
4716 4715684 4715550
5262 5261224 5261945
730 729419
565 564258 564290
1294 1293893
320 319681
3128 3127357
241 240103
3416 3415938
2711 2710913
5227 5226449
4014 4013854
5061 5060733
5468 5467340
456 455419
2873 2872072
159 158709
3895 3894449
1839 1838038
5266 5265628
4103 4102063
656 655220
2629 2628994
2988 2987455 2987626
5071 5070916
1920 1919363
4278 4277537 4277801
4683 4682086
5662 5661292
4522 4521434
3301 3300360
2795 2794510
3261 3260875
3584 3583608
3196 3195253
3322 3321668
1480 1479230
2926 2925075
5531 5530306 5530043
234 233757 233060
5050 5049819 5049650
3173 3172911
2753 2752078
3064 3063755
536 535933
942 941405
3660 3659254
4215 4214978 4214427 4214710
4505 4504885
5422 5421998
2055 2054956
4838 4837916
5763 5762910
3395 3394679
4218 4217823
4139 4138326
1949 1948200
3158 3157504
5244 5243932
25 24218
2661 2660560
5085 5084463
5375 5374876
581 580948
3336 3335815
3507 3506772
3499 3498979
4256 4255887 4255324
619 618146
2154 2153424
5190 5189982 5189426
1318 1317092
3348 3347730
5611 5610563 5610906
3731 3730192
2697 2696115
74 73886 73946
293 292495
4429 4428102
3229 3228242
1124 1123270 1123367 1123271
1490 1489001
1641 1640108
3495 3494548
2357 2356835
1367 1366392
5431 5430303
1048 1047547
1567 1566518
4497 4496662 4496431
4261 4260576
5072 5071661
1791 1790005
1283 1282822
3859 3858836
3325 3324700
3291 3290143
2722 2721925
5008 5007637
4071 4070384
4073 4072501
5799 5798644
1680 1679570
723 722481
4400 4399454
2388 2387628
266 265797 265492
5572 5571800
3353 3352608
469 468871
3045 3044114
704 703051
4749 4748323
2133 2132530
5519 5518703 5518836
2548 2547721
3785 3784234 3784998
1337 1336328
3690 3689564
5388 5387632
4938 4937998
5121 5120304
44 43083
2231 2230986
5073 5072720
1718 1717470
2941 2940468
4078 4077580
575 574360 574117
2566 2565190
4894 4893540
3417 3416330
3955 3954379
1349 1348761
5589 5588716
305 304004
109 108703
5117 5116164
486 485162
842 841529
1902 1901860
2487 2486078
687 686154
5745 5744049
1781 1780161
2529 2528458 2528031
1303 1302704
2024 2023068
1403 1402285
4335 4334359
4258 4257605
4332 4331167
5023 5022327
5429 5428161
2635 2634270
4143 4142233
4813 4812234
3265 3264855
6 5678
2438 2437471
5430 5429361
2945 2944915
4917 4916708
3860 3859682 3859718
1901 1900086
4096 4095492
3224 3223338
262 261069
5543 5542468
4418 4417493
3639 3638036
1537 1536140 1536675 1536209
1767 1766350
2369 2368414
3965 3964377
5176 5175410
19 18199
2901 2900024
5439 5438181
5533 5532857
2484 2483409
5606 5605425
4854 4853503
3465 3464245
1011 1010048 1010503
3961 3960297
2965 2964954 2964089
4753 4752376
1563 1562904
1334 1333431
2764 2763501
3027 3026617 3026546
1868 1867380 1867969
3913 3912794
1193 1192296
4625 4624564
5094 5093892
3888 3887590
2012 2011345
2377 2376680
4592 4591662
246 245519
2253 2252815
4121 4120796
1138 1137082
5060 5059942
2157 2156832
426 425995
1915 1914003
32 31934 31416
5720 5719872
2789 2788707
3362 3361950
2223 2222737
3684 3683737
3391 3390589
2505 2504959
3151 3150556
1464 1463997
3422 3421405
1033 1032256
5749 5748353
2047 2046848
2644 2643681
5584 5583955
4630 4629108
2876 2875004
329 328063
5497 5496441
4069 4068025
3749 3748064
4536 4535417
1043 1042551
4378 4377604
1329 1328949
3253 3252132
2002 2001205
823 822995
94 93359
4528 4527618
5777 5776975
4691 4690006
4518 4517088
1186 1185537
2319 2318898
3534 3533980
5260 5259014
3561 3560058
4144 4143395
4339 4338744
2558 2557193
129 128063
261 260421
3708 3707094
5444 5443388
1002 1001485
485 484557
1298 1297045
331 330072
4404 4403290
1848 1847941
1734 1733396
99 98910
1659 1658583 1658999
3694 3693271
4584 4583537
2756 2755918
3552 3551873
2258 2257683
4573 4572282