
9336 9335714
9908 9907587
12536 12535017
7213 7212879
1114 1113659
11410 11409486
8764 8763718
11149 11148610
13600 13599609
4469 4468264
2345 2344588
11851 11850716
11341 11340605
2550 2549802
4792 4791467
4270 4269970
1015 1014472
9102 9101299
677 676092
8791 8790626
6763 6762338
8888 8887207
4530 4529777
1838 1837407
4106 4105477
9750 9749549
13648 13647025
7563 7562427
306 305440
4595 4594019
6782 6781394
4465 4464654
5267 5266404
7382 7381201
2420 2419595
3329 3328239 3328365
4891 4890024
7337 7336849
9462 9461896
1939 1938157
2330 2329023
1918 1917415
3095 3094540
7523 7522249
6909 6908663
3632 3631654
5356 5355950
3230 3229032
273 272861
440 439881
5536 5535619
8399 8398275
9037 9036008
12182 12181407
5290 5289460
1243 1242013
2309 2308764
11687 11686687
7190 7189080
4385 4384546
9087 9086914
6728 6727875
6713 6712214
8715 8714793
8462 8461415
3424 3423256
14186 14185582
12706 12705745
9496 9495862
3678 3677680
8443 8442133
2104 2103528
2985 2984123
376 375194
13823 13822754
5601 5600820
13632 13631323
3051 3050047
10450 10449024
3487 3486281
13472 13471468
2002 2001899
9815 9814741
10074 10073688
9623 9622460
155 154752
2197 2196273
3823 3822769
6557 6556435
1313 1312194
7017 7016071
2575 2574252
1351 1350300
9539 9538910
4136 4135637
481 480863
11787 11786028
11424 11423560
9432 9431215
339 338274
3755 3754219
5927 5926937
2013 2012816
12585 12584910
12012 12011134
4559 4558994
7843 7842743
3903 3902123
847 846216
6309 6308456
9020 9019449
12509 12508682
3591 3590201
11936 11935140
2955 2954381
14110 14109750
8175 8174615
1066 1065008
695 694854
14170 14169243
7268 7267135
6838 6837898
7984 7983608
661 660854
819 818176
4497 4496228
5067 5066661
9843 9842890
2281 2280261
8483 8482277
826 825778
4749 4748846
546 545051
11003 11002963
10163 10162077
13196 13195207
8897 8896277
5572 5571990
9169 9168972
11227 11226405
3397 3396360
13492 13491009
3480 3479358
772 771341
13934 13933150
3117 3116754
216 215350
5518 5517745
13425 13424564
7450 7449336
12559 12558561
9441 9440295
225 224328
10302 10301064
7730 7729859
9931 9930545
1241 1240662
8285 8284592
7682 7681200
11123 11122968
13326 13325040
8778 8777252
381 380532
4830 4829173
6725 6724452
5026 5025050
4631 4630898
3799 3798127
2567 2566051
10789 10788766
9904 9903836
3984 3983408
13073 13072087
4269 4268087
12375 12374341
7841 7840494
8735 8734305
872 871058
5952 5951421
2594 2593989
13659 13658732
9223 9222992
9151 9150327
11055 11054595
3726 3725585
4320 4319789
11831 11830490
1501 1500268
12018 12017568
2189 2188125
1847 1846447
3023 3022435
6200 6199506
10226 10225369
7529 7528858
1989 1988498
10274 10273969
3995 3994148
6313 6312597
7959 7958008
122 121492
14115 14114960