
19150 19149756
8186 8185020
19419 19418307
1474 1473897
15090 15089958
843 842136
13301 13300622
7299 7298870
18846 18845874
7230 7229015
2472 2471736
16550 16549989
11499 11498608
132 131455
2178 2177048
3931 3930225
8843 8842720
6761 6760736
8040 8039724
9477 9476659
14434 14433417
19968 19967876
9801 9800531
15777 15776126
8453 8452947
18589 18588614
738 737392
8557 8556766
69 68800
6814 6813432
16726 16725574
3792 3791989
6608 6607323
5936 5935844
11945 11944040
16902 16901781
9648 9647206
768 767933
14385 14384730
5706 5705384
3277 3276986
10439 10438327
16147 16146403
6656 6655159
7100 7099780
3318 3317152
10871 10870309
16558 16557500
18609 18608404
12154 12153130
15495 15494308
12091 12090001
12890 12889862
10976 10975222
1384 1383607
9548 9547264
5250 5249220
4339 4338479 4338346
9327 9326853
6168 6167514
5188 5187208
8476 8475238
19106 19105578
14150 14149563
7165 7164094
13418 13417342
687 686202
15182 15181183
6405 6404511
13678 13677778
3261 3260752
15736 15735354
14128 14127943
4381 4380408
19754 19753572
4109 4108641
15664 15663657
13298 13297444
329 328542
12626 12625330
19391 19390108
8371 8370468
5300 5299207
12820 12819624
3172 3171111
19758 19757296
3713 3712850
17660 17659611
19920 19919805
8195 8194611
3138 3137477
15655 15654411
1552 1551233
756 755806
7692 7691401
7560 7559995
19497 19496197
11304 11303546
14273 14272872
13134 13133932
5415 5414638
1705 1704645
17000 16999718
6417 6416711
9421 9420730
13587 13586425
13867 13866146
5144 5143344
6269 6268743
7783 7782033
359 358774
4633 4632794
11576 11575768
15780 15779384
2335 2334501
18811 18810580
16033 16032876
13687 13686342
5636 5635792
3776 3775936
6190 6189258
14101 14100995
5339 5338761
8228 8227909
15546 15545467
4092 4091842
3509 3508716
11667 11666145
4718 4717853
4539 4538553
1626 1625262
8233 8232181
12630 12629633
8660 8659879
16542 16541797
6538 6537601
4177 4176956
671 670590
11861 11860820
3892 3891429
3302 3301321
12278 12277372
14802 14801966
684 683862
12787 12786410
19064 19063209
4760 4759832
12208 12208000
14048 14047244
14268 14267207
10186 10185821
9283 9282775
9923 9922281
18097 18096041
1439 1438528
18741 18740875
15665 15664476
16192 16191777
13286 13285653
5745 5744931
14695 14694430
15469 15468315
19010 19009810
6408 6407587
1457 1456525
6866 6865736
8082 8081649
7448 7447196
3140 3139895
2289 2288568
16929 16928915
11374 11373512
19793 19792381
1236 1235917
19036 19035339
15010 15009227
11250 11249767
7060 7059799
10129 10128871
8668 8667976
19900 19899660
1875 1874778
17620 17619870
16822 16821216
191 190425
16428 16427622
2404 2403068
446 445339
4599 4598673
4178 4177072
7006 7005221
1056 1055470
1363 1362050
9369 9368269
6685 6684297
15443 15442456
7925 7924665
6720 6719512
9223 9222892
5101 5100004
3285 3284243
11842 11841102
16460 16459760
18966 18965666
7039 7038130
12071 12070371
18267 18266637
12080 12079415
11825 11824729
18813 18812213
19075 19074435
7115 7114812
6245 6244242
8402 8401024
12929 12928238
10660 10659002
10523 10522779
12464 12463518
2506 2505832
15484 15483886
18284 18283140
11165 11164665
16213 16212585
2005 2004993
12878 12877108
2411 2410474
16625 16624644
4318 4317804
8390 8389126
6629 6628955
12520 12519514
1627 1626241
10092 10091357
19812 19811263
19547 19546011
2326 2325233
4145 4144423
3657 3656872
18044 18043952
10685 10684769
14925 14924538
14971 14970251
7648 7647168
2022 2021345
16547 16546599
9594 9593278
11847 11846690
4419 4418632
1496 1495243
2753 2752904
4162 4161130
6607 6606464
4630 4629718
14362 14361999
13064 13063186
15439 15438151
17462 17461908
12584 12583875
14367 14366601
5625 5624167
7032 7031045
13410 13409058
13518 13517656
13573 13572742
16184 16183063
7790 7789831
9482 9481557
5751 5750252
13305 13304735
15323 15322401
18660 18659766
8699 8698291
17710 17709606
7867 7866361
11867 11866685
17001 17000025
14749 14748327
14345 14344993
14633 14632167
18147 18146123
304 303379
4677 4676429
19015 19014090
448 447501
2511 2510061
15349 15348611
12693 12692254
6518 6517237
5496 5495258
19767 19766610
14400 14399502
8663 8662426
8287 8286876
10657 10656104
13004 13003921
16640 16639518
9908 9907361
8435 8434318
1629 1628674
57 56040
19303 19302700
12196 12195969
16096 16095454
10513 10512912
14098 14097094
18483 18482935
16251 16250908
10624 10623665
1689 1688683
18490 18489192
8488 8487821
6560 6559872
19450 19449102
6785 6784774
17961 17960436
2495 2494653
11171 11170607
1255 1254890
6451 6450862
2466 2465420
8255 8254316
15953 15952003
3540 3539482
14927 14926793
17469 17468661
16598 16597388
7559 7558834
12360 12359377