
972 971930
1314 1313565
6309 6308968
748 747315
442 441830
4978 4977269
4073 4072741
4405 4404504
4158 4157569
4496 4495890
2798 2797086
3528 3527675
1643 1642174
5568 5567697
1702 1701329
3085 3084905
1185 1184254
2316 2315488
906 905035
3433 3432138
5915 5914302
87 86327
5325 5324844
5731 5730131
4092 4091022
6221 6220897
1612 1611822
2659 2658823
4627 4626883
5885 5884281
5681 5680564
1996 1995415
4425 4424611
4233 4232928
1273 1272043
4215 4214133
448 447325
4442 4441454
4157 4156412
4737 4736017
4925 4924866
3019 3018104
954 953359
249 248413
6109 6108078
5047 5046536
3125 3124563
571 570226
5443 5442278
4549 4548535
3503 3502741
4030 4029930
516 515485
4484 4483950
2881 2880867
4743 4742135
1506 1505848
1707 1706648
4635 4634345
3330 3329469
1204 1203029
4108 4107490
4523 4522640
251 250963
1655 1654355
4004 4003867
6089 6088796
3137 3136455
5383 5382544
2865 2864549
75 74215
4967 4966817
4130 4129991
971 970874
3164 3163287
1252 1251722
3921 3920238
4920 4919615
2582 2581025
2753 2752661
2803 2802970
178 177943
928 927315
3977 3976587
3884 3883103
2478 2477851
2473 2472052
775 774896
5039 5038307
521 520308
3283 3282764
5854 5853491
4504 4503780
1279 1278710
5290 5289323
685 684869
5276 5275664
4761 4760622
2915 2914590
3999 3998123
5150 5149629
4873 4872129
4145 4144003
3689 3688929
20 19938
1957 1956795
1439 1438824
2552 2551568
1360 1359446
5435 5434818
1156 1155002
2557 2556627
769 768927
6377 6376183
4711 4710572