
3669 3668213
5630 5629296
3499 3498528
2389 2388408
2504 2503771
1367 1366831
5520 5519541
5198 5197629
3633 3632165
1444 1443368
4756 4755243
3678 3677762
96 95400
635 634308
3196 3195778
5632 5631038
1759 1758874
941 940054
5169 5168291
3296 3295494
232 231404
537 536090
5426 5425388
982 981797
983 982565
916 915314
1421 1420556
522 521724
5416 5415987
2759 2758549
4514 4513880
5222 5221404
4573 4572223
545 544800
1552 1551432
2411 2410331
48 47428
1973 1972508
2494 2493676
3605 3604199
1474 1473236
487 486237
3004 3003397
3692 3691283
5647 5646199
697 696556
3809 3808414
1035 1034813
2370 2369075
3460 3459800
4667 4666800
617 616150
4666 4665612
3654 3653906
1733 1732031
4032 4031011
5151 5150845
2929 2928460
4531 4530135
4957 4956402
5170 5169012
1976 1975848
560 559356
1523 1522692
1025 1024589
756 755441
2395 2394823
4858 4857934
2110 2109010
3271 3270632
1625 1624833
5371 5370772
3733 3732044
5726 5725055
5174 5173810
2100 2099300
2054 2053839
1019 1018903
4001 4000425 4000420
107 106135
4079 4078823
4107 4106307
1941 1940094
4830 4829542
4012 4011780
1809 1808470
2441 2440023
9 8003
4819 4818358
4571 4570287
188 187074
4653 4652161
2703 2702736
809 808671
1085 1084924
2318 2317420
5195 5194567
4886 4885489
5705 5704662
1117 1116665
2591 2590754
4334 4333059
4021 4020720
374 373512
75 74186
5492 5491983
1127 1126809
5310 5309200
2947 2946988