cfcontrolregion cfjetscontrolregion fourleptoncontrolregion npcontrolregion_dilepton_ee npcontrolregion_dilepton_em npcontrolregion_dilepton_inclusive npcontrolregion_dilepton_me npcontrolregion_dilepton_mm nplownjetscontrolregion_dilepton_inclusive signalregion_dilepton_ee signalregion_dilepton_em signalregion_dilepton_inclusive signalregion_dilepton_me signalregion_dilepton_minus signalregion_dilepton_mm signalregion_dilepton_plus signalregion_trilepton trileptoncontrolregion wzcontrolregion zgcontrolregion zzcontrolregion 
central down_cferr1 down_cferr2 down_hf down_hfstats1 down_hfstats2 down_jes down_jesAbsolute down_jesAbsolute_2016 down_jesBBEC1 down_jesBBEC1_2016 down_jesEC2 down_jesEC2_2016 down_jesFlavorQCD down_jesHF down_jesHF_2016 down_jesRelativeBal down_jesRelativeSample_2016 down_lf down_lfstats1 down_lfstats2 up_cferr1 up_cferr2 up_hf up_hfstats1 up_hfstats2 up_jes up_jesAbsolute up_jesAbsolute_2016 up_jesBBEC1 up_jesBBEC1_2016 up_jesEC2 up_jesEC2_2016 up_jesFlavorQCD up_jesHF up_jesHF_2016 up_jesRelativeBal up_jesRelativeSample_2016 up_lf up_lfstats1 up_lfstats2 
cfcontrolregion central 0 1.000000 1 0.992231 2 1.049124 3 1.035741 4 1.120116 5 1.153044 6 1.278311 7 0.943457 8 0.908424 
cfcontrolregion down_cferr1 0 1.000000 1 0.992231 2 0.993441 3 0.940267 4 1.028328 5 1.066377 6 1.103420 7 0.729230 8 0.614212 
cfcontrolregion down_cferr2 0 1.000000 1 0.992231 2 1.017121 3 0.982263 4 1.066811 5 1.113731 6 1.178312 7 0.825419 8 0.751233 
cfcontrolregion down_hf 0 1.000000 1 0.990115 2 1.054428 3 1.051041 4 1.160620 5 1.199704 6 1.350653 7 0.971406 8 0.947030 
cfcontrolregion down_hfstats1 0 1.000000 1 0.978655 2 1.027268 3 1.010486 4 1.093392 5 1.124466 6 1.227236 7 0.921790 8 0.889784 
cfcontrolregion down_hfstats2 0 1.000000 1 0.994192 2 1.053659 3 1.046007 4 1.130973 5 1.170935 6 1.286217 7 0.962922 8 0.915550 
cfcontrolregion down_jes 0 1.000000 1 0.993747 2 1.058802 3 1.034716 4 1.123822 5 1.172597 6 1.279165 7 0.947518 8 0.888948 
cfcontrolregion down_jesAbsolute 0 1.000000 1 0.992769 2 0.741134 3 0.523929 4 0.742163 5 0.652361 6 0.596294 7 0.467902 8 0.000000 
cfcontrolregion down_jesAbsolute_2016 0 1.000000 1 0.992584 2 0.727029 3 0.545280 4 0.726675 5 0.651387 6 0.600268 7 0.463666 8 0.000000 
cfcontrolregion down_jesBBEC1 0 1.000000 1 0.992595 2 0.742738 3 0.544094 4 0.715428 5 0.665210 6 0.599711 7 0.466861 8 0.000000 
cfcontrolregion down_jesBBEC1_2016 0 1.000000 1 0.992590 2 0.742499 3 0.538858 4 0.722507 5 0.664301 6 0.599554 7 0.463660 8 0.000000 
cfcontrolregion down_jesEC2 0 1.000000 1 0.992335 2 0.741284 3 0.541546 4 0.702263 5 0.677510 6 0.598842 7 0.464725 8 0.000000 
cfcontrolregion down_jesEC2_2016 0 1.000000 1 0.992456 2 0.741409 3 0.541619 4 0.702081 5 0.677854 6 0.599504 7 0.465061 8 0.000000 
cfcontrolregion down_jesFlavorQCD 0 1.000000 1 0.993070 2 1.052066 3 1.037402 4 1.123661 5 1.179431 6 1.267165 7 0.944951 8 0.885125 
cfcontrolregion down_jesHF 0 1.000000 1 0.992194 2 0.741555 3 0.541366 4 0.703085 5 0.677818 6 0.599532 7 0.464739 8 0.000000 
cfcontrolregion down_jesHF_2016 0 1.000000 1 0.992216 2 0.741293 3 0.541308 4 0.702529 5 0.677514 6 0.599325 7 0.464840 8 0.000000 
cfcontrolregion down_jesRelativeBal 0 1.000000 1 0.991514 2 1.047492 3 1.035147 4 1.118510 5 1.142163 6 1.267393 7 0.949472 8 0.906803 
cfcontrolregion down_jesRelativeSample_2016 0 1.000000 1 0.992307 2 0.727507 3 0.544558 4 0.726104 5 0.650307 6 0.594009 7 0.461510 8 0.000000 
cfcontrolregion down_lf 0 1.000000 1 1.045688 2 1.132263 3 1.133845 4 1.240178 5 1.252325 6 1.520055 7 1.030219 8 0.979808 
cfcontrolregion down_lfstats1 0 1.000000 1 1.011732 2 1.087004 3 1.095903 4 1.218076 5 1.286403 6 1.448259 7 1.094596 8 1.099456 
cfcontrolregion down_lfstats2 0 1.000000 1 1.007543 2 1.080613 3 1.084890 4 1.203862 5 1.267063 6 1.424226 7 1.064347 8 1.062569 
cfcontrolregion up_cferr1 0 1.000000 1 0.992231 2 1.111784 3 1.145533 4 1.221733 5 1.252777 6 1.526555 7 1.284558 8 1.262027 
cfcontrolregion up_cferr2 0 1.000000 1 0.992231 2 1.089339 3 1.103897 4 1.185465 5 1.205787 6 1.428297 7 1.125608 8 1.109480 
cfcontrolregion up_hf 0 1.000000 1 0.990545 2 1.037249 3 1.011803 4 1.070321 5 1.092021 6 1.187858 7 0.898306 8 0.849449 
cfcontrolregion up_hfstats1 0 1.000000 1 1.005949 2 1.071449 3 1.061758 4 1.146976 5 1.182344 6 1.330943 7 0.965878 8 0.927981 
cfcontrolregion up_hfstats2 0 1.000000 1 0.990017 2 1.044020 3 1.025363 4 1.108687 5 1.135226 6 1.268733 7 0.923943 8 0.900999 
cfcontrolregion up_jes 0 1.000000 1 0.983914 2 1.049845 3 1.032371 4 1.113183 5 1.093715 6 1.351084 7 0.972129 8 0.924488 
cfcontrolregion up_jesAbsolute 0 1.000000 1 0.991728 2 0.729810 3 0.541283 4 0.679596 5 0.686919 6 0.596385 7 0.459577 8 0.000000 
cfcontrolregion up_jesAbsolute_2016 0 1.000000 1 0.992337 2 0.741271 3 0.541074 4 0.702478 5 0.675408 6 0.594040 7 0.462077 8 0.000000 
cfcontrolregion up_jesBBEC1 0 1.000000 1 0.991785 2 0.739255 3 0.541047 4 0.692036 5 0.688597 6 0.591920 7 0.461735 8 0.000000 
cfcontrolregion up_jesBBEC1_2016 0 1.000000 1 0.991475 2 0.739857 3 0.540179 4 0.693071 5 0.687391 6 0.593267 7 0.465507 8 0.000000 
cfcontrolregion up_jesEC2 0 1.000000 1 0.992190 2 0.741248 3 0.541424 4 0.702174 5 0.677580 6 0.599468 7 0.464958 8 0.000000 
cfcontrolregion up_jesEC2_2016 0 1.000000 1 0.992225 2 0.741226 3 0.541318 4 0.702464 5 0.677608 6 0.599320 7 0.464935 8 0.000000 
cfcontrolregion up_jesFlavorQCD 0 1.000000 1 0.985608 2 1.051004 3 1.033233 4 1.125878 5 1.134980 6 1.253839 7 0.945333 8 0.918941 
cfcontrolregion up_jesHF 0 1.000000 1 0.992356 2 0.741083 3 0.541487 4 0.702395 5 0.678326 6 0.599267 7 0.463973 8 0.000000 
cfcontrolregion up_jesHF_2016 0 1.000000 1 0.992272 2 0.741164 3 0.541374 4 0.702273 5 0.677786 6 0.598677 7 0.464410 8 0.000000 
cfcontrolregion up_jesRelativeBal 0 1.000000 1 0.992823 2 1.050852 3 1.034326 4 1.127585 5 1.168575 6 1.282938 7 0.944241 8 0.909961 
cfcontrolregion up_jesRelativeSample_2016 0 1.000000 1 0.991855 2 0.726541 3 0.546424 4 0.687969 5 0.675008 6 0.594114 7 0.462168 8 0.000000 
cfcontrolregion up_lf 0 1.000000 1 0.939842 2 0.973914 3 0.940671 4 1.001573 5 1.047788 6 1.070006 7 0.856803 8 0.845007 
cfcontrolregion up_lfstats1 0 1.000000 1 0.972938 2 1.012386 3 0.978820 4 1.029792 5 1.033085 6 1.126520 7 0.815922 8 0.751267 
cfcontrolregion up_lfstats2 0 1.000000 1 0.976970 2 1.018318 3 0.988905 4 1.042034 5 1.049295 6 1.145996 7 0.838133 8 0.776729 
cfjetscontrolregion central 0 1.000000 3 1.035741 4 1.120116 5 1.153044 6 1.278311 7 0.943457 8 0.908424 
cfjetscontrolregion down_cferr1 0 1.000000 3 0.940267 4 1.028328 5 1.066377 6 1.103420 7 0.729230 8 0.614212 
cfjetscontrolregion down_cferr2 0 1.000000 3 0.982263 4 1.066811 5 1.113731 6 1.178312 7 0.825419 8 0.751233 
cfjetscontrolregion down_hf 0 1.000000 3 1.051041 4 1.160620 5 1.199704 6 1.350653 7 0.971406 8 0.947030 
cfjetscontrolregion down_hfstats1 0 1.000000 3 1.010486 4 1.093392 5 1.124466 6 1.227236 7 0.921790 8 0.889784 
cfjetscontrolregion down_hfstats2 0 1.000000 3 1.046007 4 1.130973 5 1.170935 6 1.286217 7 0.962922 8 0.915550 
cfjetscontrolregion down_jes 0 1.000000 2 1.112064 3 1.034716 4 1.123822 5 1.172597 6 1.279165 7 0.947518 8 0.888948 
cfjetscontrolregion down_jesAbsolute 0 1.000000 2 0.725478 3 0.523929 4 0.742163 5 0.652361 6 0.596294 7 0.467902 8 0.000000 
cfjetscontrolregion down_jesAbsolute_2016 0 1.000000 2 0.000000 3 0.545280 4 0.726675 5 0.651387 6 0.600268 7 0.463666 8 0.000000 
cfjetscontrolregion down_jesBBEC1 0 1.000000 3 0.544094 4 0.715428 5 0.665210 6 0.599711 7 0.466861 8 0.000000 
cfjetscontrolregion down_jesBBEC1_2016 0 1.000000 3 0.538858 4 0.722507 5 0.664301 6 0.599554 7 0.463660 8 0.000000 
cfjetscontrolregion down_jesEC2 0 1.000000 3 0.541546 4 0.702263 5 0.677510 6 0.598842 7 0.464725 8 0.000000 
cfjetscontrolregion down_jesEC2_2016 0 1.000000 3 0.541619 4 0.702081 5 0.677854 6 0.599504 7 0.465061 8 0.000000 
cfjetscontrolregion down_jesFlavorQCD 0 1.000000 2 1.051356 3 1.037402 4 1.123661 5 1.179431 6 1.267165 7 0.944951 8 0.885125 
cfjetscontrolregion down_jesHF 0 1.000000 3 0.541366 4 0.703085 5 0.677818 6 0.599532 7 0.464739 8 0.000000 
cfjetscontrolregion down_jesHF_2016 0 1.000000 3 0.541308 4 0.702529 5 0.677514 6 0.599325 7 0.464840 8 0.000000 
cfjetscontrolregion down_jesRelativeBal 0 1.000000 3 1.035147 4 1.118510 5 1.142163 6 1.267393 7 0.949472 8 0.906803 
cfjetscontrolregion down_jesRelativeSample_2016 0 1.000000 2 0.000000 3 0.544558 4 0.726104 5 0.650307 6 0.594009 7 0.461510 8 0.000000 
cfjetscontrolregion down_lf 0 1.000000 3 1.133845 4 1.240178 5 1.252325 6 1.520055 7 1.030219 8 0.979808 
cfjetscontrolregion down_lfstats1 0 1.000000 3 1.095903 4 1.218076 5 1.286403 6 1.448259 7 1.094596 8 1.099456 
cfjetscontrolregion down_lfstats2 0 1.000000 3 1.084890 4 1.203862 5 1.267063 6 1.424226 7 1.064347 8 1.062569 
cfjetscontrolregion up_cferr1 0 1.000000 3 1.145533 4 1.221733 5 1.252777 6 1.526555 7 1.284558 8 1.262027 
cfjetscontrolregion up_cferr2 0 1.000000 3 1.103897 4 1.185465 5 1.205787 6 1.428297 7 1.125608 8 1.109480 
cfjetscontrolregion up_hf 0 1.000000 3 1.011803 4 1.070321 5 1.092021 6 1.187858 7 0.898306 8 0.849449 
cfjetscontrolregion up_hfstats1 0 1.000000 3 1.061758 4 1.146976 5 1.182344 6 1.330943 7 0.965878 8 0.927981 
cfjetscontrolregion up_hfstats2 0 1.000000 3 1.025363 4 1.108687 5 1.135226 6 1.268733 7 0.923943 8 0.900999 
cfjetscontrolregion up_jes 0 1.000000 3 1.030932 4 1.113183 5 1.093715 6 1.351084 7 0.972129 8 0.924488 
cfjetscontrolregion up_jesAbsolute 0 1.000000 3 0.548049 4 0.679596 5 0.686919 6 0.596385 7 0.459577 8 0.000000 
cfjetscontrolregion up_jesAbsolute_2016 0 1.000000 3 0.541074 4 0.702478 5 0.675408 6 0.594040 7 0.462077 8 0.000000 
cfjetscontrolregion up_jesBBEC1 0 1.000000 3 0.541047 4 0.692036 5 0.688597 6 0.591920 7 0.461735 8 0.000000 
cfjetscontrolregion up_jesBBEC1_2016 0 1.000000 3 0.540179 4 0.693071 5 0.687391 6 0.593267 7 0.465507 8 0.000000 
cfjetscontrolregion up_jesEC2 0 1.000000 3 0.541424 4 0.702174 5 0.677580 6 0.599468 7 0.464958 8 0.000000 
cfjetscontrolregion up_jesEC2_2016 0 1.000000 3 0.541318 4 0.702464 5 0.677608 6 0.599320 7 0.464935 8 0.000000 
cfjetscontrolregion up_jesFlavorQCD 0 1.000000 3 1.030342 4 1.125878 5 1.134980 6 1.253839 7 0.945333 8 0.918941 
cfjetscontrolregion up_jesHF 0 1.000000 3 0.541487 4 0.702395 5 0.678326 6 0.599267 7 0.463973 8 0.000000 
cfjetscontrolregion up_jesHF_2016 0 1.000000 3 0.541374 4 0.702273 5 0.677786 6 0.598677 7 0.464410 8 0.000000 
cfjetscontrolregion up_jesRelativeBal 0 1.000000 3 1.034326 4 1.127585 5 1.168575 6 1.282938 7 0.944241 8 0.909961 
cfjetscontrolregion up_jesRelativeSample_2016 0 1.000000 3 0.548766 4 0.687969 5 0.675008 6 0.594114 7 0.462168 8 0.000000 
cfjetscontrolregion up_lf 0 1.000000 3 0.940671 4 1.001573 5 1.047788 6 1.070006 7 0.856803 8 0.845007 
cfjetscontrolregion up_lfstats1 0 1.000000 3 0.978820 4 1.029792 5 1.033085 6 1.126520 7 0.815922 8 0.751267 
cfjetscontrolregion up_lfstats2 0 1.000000 3 0.988905 4 1.042034 5 1.049295 6 1.145996 7 0.838133 8 0.776729 
fourleptoncontrolregion central 0 1.000000 
fourleptoncontrolregion down_cferr1 0 1.000000 
fourleptoncontrolregion down_cferr2 0 1.000000 
fourleptoncontrolregion down_hf 0 1.000000 
fourleptoncontrolregion down_hfstats1 0 1.000000 
fourleptoncontrolregion down_hfstats2 0 1.000000 
fourleptoncontrolregion down_jes 0 1.000000 
fourleptoncontrolregion down_jesAbsolute 0 1.000000 
fourleptoncontrolregion down_jesAbsolute_2016 0 1.000000 
fourleptoncontrolregion down_jesBBEC1 0 1.000000 
fourleptoncontrolregion down_jesBBEC1_2016 0 1.000000 
fourleptoncontrolregion down_jesEC2 0 1.000000 
fourleptoncontrolregion down_jesEC2_2016 0 1.000000 
fourleptoncontrolregion down_jesFlavorQCD 0 1.000000 
fourleptoncontrolregion down_jesHF 0 1.000000 
fourleptoncontrolregion down_jesHF_2016 0 1.000000 
fourleptoncontrolregion down_jesRelativeBal 0 1.000000 
fourleptoncontrolregion down_jesRelativeSample_2016 0 1.000000 
fourleptoncontrolregion down_lf 0 1.000000 
fourleptoncontrolregion down_lfstats1 0 1.000000 
fourleptoncontrolregion down_lfstats2 0 1.000000 
fourleptoncontrolregion up_cferr1 0 1.000000 
fourleptoncontrolregion up_cferr2 0 1.000000 
fourleptoncontrolregion up_hf 0 1.000000 
fourleptoncontrolregion up_hfstats1 0 1.000000 
fourleptoncontrolregion up_hfstats2 0 1.000000 
fourleptoncontrolregion up_jes 0 1.000000 
fourleptoncontrolregion up_jesAbsolute 0 1.000000 
fourleptoncontrolregion up_jesAbsolute_2016 0 1.000000 
fourleptoncontrolregion up_jesBBEC1 0 1.000000 
fourleptoncontrolregion up_jesBBEC1_2016 0 1.000000 
fourleptoncontrolregion up_jesEC2 0 1.000000 
fourleptoncontrolregion up_jesEC2_2016 0 1.000000 
fourleptoncontrolregion up_jesFlavorQCD 0 1.000000 
fourleptoncontrolregion up_jesHF 0 1.000000 
fourleptoncontrolregion up_jesHF_2016 0 1.000000 
fourleptoncontrolregion up_jesRelativeBal 0 1.000000 
fourleptoncontrolregion up_jesRelativeSample_2016 0 1.000000 
fourleptoncontrolregion up_lf 0 1.000000 
fourleptoncontrolregion up_lfstats1 0 1.000000 
fourleptoncontrolregion up_lfstats2 0 1.000000 
npcontrolregion_dilepton_ee central 0 1.000000 3 1.071689 4 1.117578 5 1.022455 6 1.205925 7 1.382102 8 1.374000 
npcontrolregion_dilepton_ee down_cferr1 0 1.000000 3 0.987924 4 0.993006 5 0.904126 6 1.097976 7 1.351493 8 1.103116 
npcontrolregion_dilepton_ee down_cferr2 0 1.000000 3 1.025190 4 1.049468 5 0.953032 6 1.142623 7 1.352086 8 1.223091 
npcontrolregion_dilepton_ee down_hf 0 1.000000 3 1.087996 4 1.182699 5 1.068044 6 1.261046 7 1.627986 8 1.457654 
npcontrolregion_dilepton_ee down_hfstats1 0 1.000000 3 1.051141 4 1.083760 5 0.995541 6 1.170051 7 1.342132 8 1.298013 
npcontrolregion_dilepton_ee down_hfstats2 0 1.000000 3 1.081659 4 1.127228 5 1.032059 6 1.217655 7 1.412226 8 1.402536 
npcontrolregion_dilepton_ee down_jes 0 1.000000 2 1.033500 3 1.080634 4 1.130083 5 1.044319 6 1.218747 7 1.497023 
npcontrolregion_dilepton_ee down_jesAbsolute 0 1.000000 2 0.496830 3 0.686073 4 0.513313 5 0.485769 6 0.393540 7 0.891566 8 0.000000 
npcontrolregion_dilepton_ee down_jesAbsolute_2016 0 1.000000 2 0.496803 3 0.695611 4 0.493678 5 0.527481 6 0.351047 7 0.896722 8 0.000000 
npcontrolregion_dilepton_ee down_jesBBEC1 0 1.000000 2 0.497078 3 0.684370 4 0.502685 5 0.527752 6 0.350934 7 0.890978 8 0.000000 
npcontrolregion_dilepton_ee down_jesBBEC1_2016 0 1.000000 2 0.000000 3 0.673126 4 0.502887 5 0.526846 6 0.268513 7 0.926429 8 0.000000 
npcontrolregion_dilepton_ee down_jesEC2 0 1.000000 3 0.672416 4 0.491707 5 0.526210 6 0.268629 7 0.914299 8 0.000000 
npcontrolregion_dilepton_ee down_jesEC2_2016 0 1.000000 3 0.672363 4 0.491595 5 0.526469 6 0.268741 7 0.915512 8 0.000000 
npcontrolregion_dilepton_ee down_jesFlavorQCD 0 1.000000 2 1.011496 3 1.077542 4 1.128052 5 1.043293 6 1.217005 7 1.482714 
npcontrolregion_dilepton_ee down_jesHF 0 1.000000 3 0.672286 4 0.491491 5 0.526476 6 0.269558 7 0.914495 8 0.000000 
npcontrolregion_dilepton_ee down_jesHF_2016 0 1.000000 3 0.672091 4 0.491361 5 0.526227 6 0.269474 7 0.914683 8 0.000000 
npcontrolregion_dilepton_ee down_jesRelativeBal 0 1.000000 2 0.995834 3 1.069431 4 1.115300 5 1.018939 6 1.198672 7 1.367559 8 1.356659 
npcontrolregion_dilepton_ee down_jesRelativeSample_2016 0 1.000000 2 0.662418 3 0.700791 4 0.482883 5 0.527453 6 0.271975 7 0.781683 
npcontrolregion_dilepton_ee down_lf 0 1.000000 3 1.160006 4 1.260548 5 1.140593 6 1.382885 7 1.513579 8 1.843401 
npcontrolregion_dilepton_ee down_lfstats1 0 1.000000 3 1.132946 4 1.209552 5 1.149249 6 1.359016 7 1.658418 8 1.614829 
npcontrolregion_dilepton_ee down_lfstats2 0 1.000000 3 1.122940 4 1.198534 5 1.127695 6 1.335060 7 1.635868 8 1.569290 
npcontrolregion_dilepton_ee up_cferr1 0 1.000000 3 1.158541 4 1.259513 5 1.142286 6 1.340385 7 1.430530 8 1.649993 
npcontrolregion_dilepton_ee up_cferr2 0 1.000000 3 1.123060 4 1.202963 5 1.097522 6 1.298444 7 1.430637 8 1.539217 
npcontrolregion_dilepton_ee up_hf 0 1.000000 3 1.046113 4 1.049577 5 0.963186 6 1.129628 7 1.135939 8 1.262079 
npcontrolregion_dilepton_ee up_hfstats1 0 1.000000 3 1.092421 4 1.152628 5 1.049766 6 1.242577 7 1.425270 8 1.450347 
npcontrolregion_dilepton_ee up_hfstats2 0 1.000000 3 1.061318 4 1.107297 5 1.012285 6 1.193130 7 1.353599 8 1.344421 
npcontrolregion_dilepton_ee up_jes 0 1.000000 3 1.067844 4 1.093397 5 1.062247 6 1.130922 7 1.376594 8 1.352344 9 1.194276 
npcontrolregion_dilepton_ee up_jesAbsolute 0 1.000000 3 0.679573 4 0.476986 5 0.545495 6 0.239483 7 0.907078 8 0.000000 
npcontrolregion_dilepton_ee up_jesAbsolute_2016 0 1.000000 3 0.670967 4 0.489598 5 0.522226 6 0.267147 7 0.910785 8 0.000000 
npcontrolregion_dilepton_ee up_jesBBEC1 0 1.000000 3 0.670680 4 0.489937 5 0.524374 6 0.267804 7 0.910326 8 0.000000 
npcontrolregion_dilepton_ee up_jesBBEC1_2016 0 1.000000 3 0.670561 4 0.490177 5 0.522861 6 0.269761 7 0.906064 8 0.000000 
npcontrolregion_dilepton_ee up_jesEC2 0 1.000000 3 0.672100 4 0.491466 5 0.525656 6 0.269597 7 0.916365 8 0.000000 
npcontrolregion_dilepton_ee up_jesEC2_2016 0 1.000000 3 0.672314 4 0.491334 5 0.525653 6 0.269439 7 0.915954 8 0.000000 
npcontrolregion_dilepton_ee up_jesFlavorQCD 0 1.000000 3 1.069415 4 1.098266 5 1.061030 6 1.134503 7 1.371198 9 1.207542 
npcontrolregion_dilepton_ee up_jesHF 0 1.000000 3 0.671964 4 0.491310 5 0.526509 6 0.269084 7 0.914552 8 0.000000 
npcontrolregion_dilepton_ee up_jesHF_2016 0 1.000000 3 0.672073 4 0.491207 5 0.526293 6 0.268876 7 0.914572 8 0.000000 
npcontrolregion_dilepton_ee up_jesRelativeBal 0 1.000000 2 1.061044 3 1.073300 4 1.123011 5 1.024063 6 1.217921 7 1.395476 8 1.395127 
npcontrolregion_dilepton_ee up_jesRelativeSample_2016 0 1.000000 2 0.000000 3 0.673777 4 0.495431 5 0.570878 6 0.314998 7 0.897391 8 0.000000 
npcontrolregion_dilepton_ee up_lf 0 1.000000 3 0.986810 4 0.986879 5 0.908275 6 1.039227 7 1.243255 8 0.947458 
npcontrolregion_dilepton_ee up_lfstats1 0 1.000000 3 1.013374 4 1.033252 5 0.908798 6 1.067994 7 1.144954 8 1.164939 
npcontrolregion_dilepton_ee up_lfstats2 0 1.000000 3 1.022487 4 1.043070 5 0.926342 6 1.087701 7 1.165157 8 1.199304 
npcontrolregion_dilepton_em central 0 1.000000 3 1.057907 4 1.066525 5 1.147307 6 1.307040 7 1.754421 8 1.424950 
npcontrolregion_dilepton_em down_cferr1 0 1.000000 3 0.964981 4 0.940730 5 0.995628 6 1.174224 7 1.800287 8 1.276317 
npcontrolregion_dilepton_em down_cferr2 0 1.000000 3 1.004722 4 0.999684 5 1.058449 6 1.231091 7 1.786487 8 1.371051 
npcontrolregion_dilepton_em down_hf 0 1.000000 3 1.078921 4 1.100116 5 1.184184 6 1.388863 7 2.193608 8 1.546687 
npcontrolregion_dilepton_em down_hfstats1 0 1.000000 3 1.037208 4 1.046671 5 1.123032 6 1.272923 7 1.748273 8 1.377762 
npcontrolregion_dilepton_em down_hfstats2 0 1.000000 3 1.065496 4 1.074623 5 1.155791 6 1.324708 7 1.766759 8 1.476134 
npcontrolregion_dilepton_em down_jes 0 1.000000 2 1.072639 3 1.064896 4 1.070192 5 1.152131 6 1.361597 7 1.970250 8 1.258070 
npcontrolregion_dilepton_em down_jesAbsolute 0 1.000000 2 0.740970 3 0.618985 4 0.451755 5 0.568933 6 0.786569 7 1.076548 8 0.000000 
npcontrolregion_dilepton_em down_jesAbsolute_2016 0 1.000000 2 0.967338 3 0.616919 4 0.453489 5 0.557537 6 0.789726 7 1.071029 8 0.000000 
npcontrolregion_dilepton_em down_jesBBEC1 0 1.000000 2 0.967769 3 0.617624 4 0.461641 5 0.546039 6 0.792146 7 1.066549 8 0.000000 
npcontrolregion_dilepton_em down_jesBBEC1_2016 0 1.000000 3 0.621289 4 0.461815 5 0.545876 6 0.789184 7 1.067465 8 0.000000 
npcontrolregion_dilepton_em down_jesEC2 0 1.000000 3 0.613742 4 0.465843 5 0.557540 6 0.785958 7 1.059186 8 0.000000 
npcontrolregion_dilepton_em down_jesEC2_2016 0 1.000000 3 0.613830 4 0.465768 5 0.557471 6 0.786103 7 1.058412 8 0.000000 
npcontrolregion_dilepton_em down_jesFlavorQCD 0 1.000000 2 1.099567 3 1.064019 4 1.069649 5 1.150023 6 1.354539 7 1.812687 8 1.246869 
npcontrolregion_dilepton_em down_jesHF 0 1.000000 3 0.613659 4 0.465941 5 0.557482 6 0.786201 7 1.062014 8 0.000000 
npcontrolregion_dilepton_em down_jesHF_2016 0 1.000000 3 0.613547 4 0.465862 5 0.557761 6 0.785474 7 1.059414 8 0.000000 
npcontrolregion_dilepton_em down_jesRelativeBal 0 1.000000 3 1.054653 4 1.063056 5 1.144101 6 1.295986 7 1.734043 8 1.410917 
npcontrolregion_dilepton_em down_jesRelativeSample_2016 0 1.000000 2 0.555653 3 0.627189 4 0.452831 5 0.557643 6 0.787500 7 1.048673 8 0.000000 
npcontrolregion_dilepton_em down_lf 0 1.000000 3 1.145074 4 1.152417 5 1.247837 6 1.428505 7 1.777879 8 1.562522 
npcontrolregion_dilepton_em down_lfstats1 0 1.000000 3 1.119209 4 1.157667 5 1.267538 6 1.498084 7 2.081616 8 1.646468 
npcontrolregion_dilepton_em down_lfstats2 0 1.000000 3 1.110219 4 1.143417 5 1.245247 6 1.466888 7 2.070714 8 1.616757 
npcontrolregion_dilepton_em up_cferr1 0 1.000000 3 1.161658 4 1.209247 5 1.329939 6 1.458362 7 1.715826 8 1.630811 
npcontrolregion_dilepton_em up_cferr2 0 1.000000 3 1.123467 4 1.149116 5 1.260527 6 1.400189 7 1.730892 8 1.535583 
npcontrolregion_dilepton_em up_hf 0 1.000000 3 1.027841 4 1.023445 5 1.094864 6 1.215066 7 1.414392 8 1.283879 
npcontrolregion_dilepton_em up_hfstats1 0 1.000000 3 1.078719 4 1.086527 5 1.171873 6 1.341349 7 1.759350 8 1.474267 
npcontrolregion_dilepton_em up_hfstats2 0 1.000000 3 1.049970 4 1.057996 5 1.138034 6 1.288403 7 1.740288 8 1.374523 
npcontrolregion_dilepton_em up_jes 0 1.000000 3 1.051806 4 1.055157 5 1.116588 6 1.326644 7 1.721177 8 1.365459 
npcontrolregion_dilepton_em up_jesAbsolute 0 1.000000 3 0.607111 4 0.464617 5 0.533914 6 0.870990 7 1.071457 8 0.000000 
npcontrolregion_dilepton_em up_jesAbsolute_2016 0 1.000000 3 0.608069 4 0.472928 5 0.556186 6 0.783381 7 1.076156 8 0.000000 
npcontrolregion_dilepton_em up_jesBBEC1 0 1.000000 3 0.615977 4 0.464932 5 0.556211 6 0.777133 7 1.066918 8 0.000000 
npcontrolregion_dilepton_em up_jesBBEC1_2016 0 1.000000 3 0.620200 4 0.456741 5 0.555686 6 0.779159 7 1.047848 8 0.000000 
npcontrolregion_dilepton_em up_jesEC2 0 1.000000 3 0.613704 4 0.466047 5 0.557552 6 0.785141 7 1.060034 8 0.000000 
npcontrolregion_dilepton_em up_jesEC2_2016 0 1.000000 3 0.613739 4 0.466055 5 0.557584 6 0.785227 7 1.060948 8 0.000000 
npcontrolregion_dilepton_em up_jesFlavorQCD 0 1.000000 3 1.053867 4 1.058899 5 1.119798 6 1.334981 7 1.724110 8 1.384593 
npcontrolregion_dilepton_em up_jesHF 0 1.000000 3 0.613482 4 0.465515 5 0.557814 6 0.785400 7 1.058112 8 0.000000 
npcontrolregion_dilepton_em up_jesHF_2016 0 1.000000 3 0.613490 4 0.465846 5 0.557659 6 0.785474 7 1.057635 8 0.000000 
npcontrolregion_dilepton_em up_jesRelativeBal 0 1.000000 2 1.133604 3 1.060041 4 1.062051 5 1.156493 6 1.315421 7 1.771358 8 1.445535 
npcontrolregion_dilepton_em up_jesRelativeSample_2016 0 1.000000 3 0.616013 4 0.464189 5 0.521047 6 0.873202 7 1.060407 8 0.000000 
npcontrolregion_dilepton_em up_lf 0 1.000000 3 0.971069 4 0.981319 5 1.043371 6 1.186658 7 1.699641 8 1.279481 
npcontrolregion_dilepton_em up_lfstats1 0 1.000000 3 0.999430 4 0.982602 5 1.038109 6 1.141922 7 1.496664 8 1.225327 
npcontrolregion_dilepton_em up_lfstats2 0 1.000000 3 1.007673 4 0.994823 5 1.056603 6 1.165935 7 1.504490 8 1.251114 
npcontrolregion_dilepton_inclusive central 0 1.000000 3 1.075541 4 1.096235 5 1.117367 6 1.219236 7 1.431220 8 1.410668 9 2.227922 
npcontrolregion_dilepton_inclusive down_cferr1 0 1.000000 3 0.991957 4 0.976255 5 1.000746 6 1.103468 7 1.380938 8 1.286675 9 1.862307 
npcontrolregion_dilepton_inclusive down_cferr2 0 1.000000 3 1.029831 4 1.028583 5 1.054840 6 1.156443 7 1.393573 8 1.354181 9 2.025223 
npcontrolregion_dilepton_inclusive down_hf 0 1.000000 3 1.100796 4 1.141075 5 1.171309 6 1.285801 7 1.686203 8 1.543875 9 2.527823 
npcontrolregion_dilepton_inclusive down_hfstats1 0 1.000000 3 1.053069 4 1.070262 5 1.087127 6 1.188131 7 1.400376 8 1.343140 9 2.082140 
npcontrolregion_dilepton_inclusive down_hfstats2 0 1.000000 3 1.084776 4 1.106350 5 1.130733 6 1.233722 7 1.451185 8 1.435131 9 2.309301 
npcontrolregion_dilepton_inclusive down_jes 0 1.000000 2 1.048936 3 1.087101 4 1.108687 5 1.115414 6 1.240893 7 1.548467 8 1.424356 9 2.307596 
npcontrolregion_dilepton_inclusive down_jesAbsolute 0 1.000000 2 0.721182 3 0.657412 4 0.496534 5 0.543704 6 0.566113 7 0.947430 8 0.370909 9 0.000000 
npcontrolregion_dilepton_inclusive down_jesAbsolute_2016 0 1.000000 2 0.582336 3 0.662411 4 0.488153 5 0.539283 6 0.551660 7 0.937780 8 0.499776 9 0.000000 
npcontrolregion_dilepton_inclusive down_jesBBEC1 0 1.000000 2 0.582848 3 0.658961 4 0.495005 5 0.543993 6 0.533003 7 0.933974 8 0.495325 9 0.000000 
npcontrolregion_dilepton_inclusive down_jesBBEC1_2016 0 1.000000 2 0.000000 3 0.657879 4 0.494719 5 0.536783 6 0.537712 7 0.948427 8 0.499292 9 0.000000 
npcontrolregion_dilepton_inclusive down_jesEC2 0 1.000000 3 0.650246 4 0.501417 5 0.534316 6 0.536643 7 0.939268 8 0.487725 9 0.000000 
npcontrolregion_dilepton_inclusive down_jesEC2_2016 0 1.000000 3 0.650177 4 0.501299 5 0.534202 6 0.536698 7 0.938856 8 0.485758 9 0.000000 
npcontrolregion_dilepton_inclusive down_jesFlavorQCD 0 1.000000 2 1.051119 3 1.084179 4 1.103303 5 1.123672 6 1.231946 7 1.525444 8 1.379549 9 2.317555 
npcontrolregion_dilepton_inclusive down_jesHF 0 1.000000 3 0.650041 4 0.501279 5 0.534054 6 0.536691 7 0.939784 8 0.488328 9 0.000000 
npcontrolregion_dilepton_inclusive down_jesHF_2016 0 1.000000 3 0.649995 4 0.501246 5 0.534089 6 0.536371 7 0.939197 8 0.489032 9 0.000000 
npcontrolregion_dilepton_inclusive down_jesRelativeBal 0 1.000000 2 0.975887 3 1.073001 4 1.093350 5 1.114867 6 1.212507 7 1.415969 8 1.381011 9 2.215593 
npcontrolregion_dilepton_inclusive down_jesRelativeSample_2016 0 1.000000 2 0.680366 3 0.663124 4 0.490989 5 0.550777 6 0.537890 7 0.859036 8 0.561235 9 0.000000 
npcontrolregion_dilepton_inclusive down_lf 0 1.000000 3 1.167845 4 1.206317 5 1.233775 6 1.339479 7 1.547233 8 1.667383 9 2.835744 
npcontrolregion_dilepton_inclusive down_lfstats1 0 1.000000 3 1.138843 4 1.186314 5 1.245729 6 1.384204 7 1.707794 8 1.658778 9 2.484977 
npcontrolregion_dilepton_inclusive down_lfstats2 0 1.000000 3 1.129618 4 1.174240 5 1.223756 6 1.358848 7 1.685534 8 1.644052 9 2.481119 
npcontrolregion_dilepton_inclusive up_cferr1 0 1.000000 3 1.167111 4 1.232912 5 1.255986 6 1.354262 7 1.510569 8 1.560385 9 2.649484 
npcontrolregion_dilepton_inclusive up_cferr2 0 1.000000 3 1.130715 4 1.180353 5 1.198745 6 1.303047 7 1.489034 8 1.494738 9 2.491873 
npcontrolregion_dilepton_inclusive up_hf 0 1.000000 3 1.042608 4 1.043405 5 1.054108 6 1.135096 7 1.197396 8 1.260418 9 1.904252 
npcontrolregion_dilepton_inclusive up_hfstats1 0 1.000000 3 1.098253 4 1.122589 5 1.148118 6 1.250529 7 1.463660 8 1.478910 9 2.387720 
npcontrolregion_dilepton_inclusive up_hfstats2 0 1.000000 3 1.065952 4 1.085635 5 1.103427 6 1.203916 7 1.411391 8 1.384393 9 2.150274 
npcontrolregion_dilepton_inclusive up_jes 0 1.000000 3 1.065780 4 1.084915 5 1.117965 6 1.190024 7 1.421705 8 1.313966 9 1.724950 
npcontrolregion_dilepton_inclusive up_jesAbsolute 0 1.000000 3 0.649123 4 0.498576 5 0.532560 6 0.552155 7 0.946763 8 0.461032 9 0.000000 
npcontrolregion_dilepton_inclusive up_jesAbsolute_2016 0 1.000000 3 0.648267 4 0.503917 5 0.532180 6 0.535485 7 0.951405 8 0.467280 9 0.000000 
npcontrolregion_dilepton_inclusive up_jesBBEC1 0 1.000000 3 0.651787 4 0.498116 5 0.532370 6 0.533623 7 0.947138 8 0.474393 9 0.000000 
npcontrolregion_dilepton_inclusive up_jesBBEC1_2016 0 1.000000 3 0.650859 4 0.498017 5 0.532474 6 0.533478 7 0.930930 8 0.470627 9 0.000000 
npcontrolregion_dilepton_inclusive up_jesEC2 0 1.000000 3 0.649976 4 0.501267 5 0.533839 6 0.536118 7 0.939793 8 0.485739 9 0.000000 
npcontrolregion_dilepton_inclusive up_jesEC2_2016 0 1.000000 3 0.650056 4 0.501220 5 0.533816 6 0.536044 7 0.940005 8 0.484234 9 0.000000 
npcontrolregion_dilepton_inclusive up_jesFlavorQCD 0 1.000000 3 1.068434 4 1.089178 5 1.116976 6 1.210495 7 1.421545 8 1.349756 9 1.731067 
npcontrolregion_dilepton_inclusive up_jesHF 0 1.000000 3 0.649919 4 0.501115 5 0.534144 6 0.536399 7 0.940003 8 0.485502 9 0.000000 
npcontrolregion_dilepton_inclusive up_jesHF_2016 0 1.000000 3 0.649972 4 0.501145 5 0.534139 6 0.536277 7 0.938839 8 0.485081 9 0.000000 
npcontrolregion_dilepton_inclusive up_jesRelativeBal 0 1.000000 2 1.085756 3 1.078971 4 1.097813 5 1.120265 6 1.222585 7 1.474456 8 1.430515 9 2.266349 
npcontrolregion_dilepton_inclusive up_jesRelativeSample_2016 0 1.000000 2 0.000000 3 0.651684 4 0.500033 5 0.535119 6 0.565782 7 0.942776 8 0.477219 9 0.000000 
npcontrolregion_dilepton_inclusive up_lf 0 1.000000 3 0.984750 4 0.990302 5 1.002997 6 1.097451 7 1.307695 8 1.165831 9 1.712706 
npcontrolregion_dilepton_inclusive up_lfstats1 0 1.000000 3 1.015613 4 1.012751 5 1.002903 6 1.073377 7 1.200510 8 1.197669 9 1.977083 
npcontrolregion_dilepton_inclusive up_lfstats2 0 1.000000 3 1.023997 4 1.023420 5 1.020811 6 1.093354 7 1.218766 8 1.208068 9 1.988178 
npcontrolregion_dilepton_me central 0 1.000000 3 1.045188 4 1.084039 5 1.154420 6 1.190573 7 1.301998 8 1.704896 9 2.227922 
npcontrolregion_dilepton_me down_cferr1 0 1.000000 3 0.976434 4 0.952666 5 1.036835 6 1.072176 7 1.301998 8 1.704896 9 1.862307 
npcontrolregion_dilepton_me down_cferr2 0 1.000000 3 1.007243 4 1.003433 5 1.089203 6 1.135554 7 1.301998 8 1.704896 9 2.025223 
npcontrolregion_dilepton_me down_hf 0 1.000000 3 1.065134 4 1.115010 5 1.247457 6 1.247892 7 1.439507 8 1.932605 9 2.527823 
npcontrolregion_dilepton_me down_hfstats1 0 1.000000 3 1.020071 4 1.053644 5 1.115461 6 1.158557 7 1.270011 8 1.588829 9 2.082140 
npcontrolregion_dilepton_me down_hfstats2 0 1.000000 3 1.056931 4 1.094765 5 1.172956 6 1.205698 7 1.308120 8 1.695266 9 2.309301 
npcontrolregion_dilepton_me down_jes 0 1.000000 2 0.956571 3 1.058210 4 1.096591 5 1.138230 6 1.192585 7 1.319703 8 2.375513 9 2.307596 
npcontrolregion_dilepton_me down_jesAbsolute 0 1.000000 2 0.474896 3 0.734943 4 0.443637 5 0.533158 6 0.377694 7 1.227230 8 2.225453 9 0.000000 
npcontrolregion_dilepton_me down_jesAbsolute_2016 0 1.000000 2 0.475367 3 0.742822 4 0.438120 5 0.531061 6 0.376314 7 1.309439 8 1.749217 9 0.000000 
npcontrolregion_dilepton_me down_jesBBEC1 0 1.000000 2 0.476158 3 0.743309 4 0.437674 5 0.561237 6 0.308586 7 1.309587 8 1.733638 9 0.000000 
npcontrolregion_dilepton_me down_jesBBEC1_2016 0 1.000000 2 0.000000 3 0.744679 4 0.436768 5 0.530985 6 0.375854 7 1.310080 8 1.747522 9 0.000000 
npcontrolregion_dilepton_me down_jesEC2 0 1.000000 3 0.727784 4 0.458285 5 0.511094 6 0.375624 7 1.303931 8 1.707038 9 0.000000 
npcontrolregion_dilepton_me down_jesEC2_2016 0 1.000000 3 0.727593 4 0.458203 5 0.510679 6 0.375921 7 1.298984 8 1.700153 9 0.000000 
npcontrolregion_dilepton_me down_jesFlavorQCD 0 1.000000 2 0.956327 3 1.056919 4 1.084968 5 1.170893 6 1.189154 7 1.323286 8 2.219554 9 2.317555 
npcontrolregion_dilepton_me down_jesHF 0 1.000000 3 0.727565 4 0.458264 5 0.510003 6 0.375248 7 1.302197 8 1.709149 9 0.000000 
npcontrolregion_dilepton_me down_jesHF_2016 0 1.000000 3 0.727504 4 0.458216 5 0.510114 6 0.375179 7 1.302014 8 1.711612 9 0.000000 
npcontrolregion_dilepton_me down_jesRelativeBal 0 1.000000 2 0.955940 3 1.044750 4 1.079577 5 1.151954 6 1.188960 7 1.290326 8 1.629762 9 2.215593 
npcontrolregion_dilepton_me down_jesRelativeSample_2016 0 1.000000 2 0.472830 3 0.742168 4 0.438097 5 0.531571 6 0.375213 7 1.274835 8 1.683704 9 0.000000 
npcontrolregion_dilepton_me down_lf 0 1.000000 3 1.135824 4 1.218184 5 1.300106 6 1.292993 7 1.455485 8 2.111290 9 2.835744 
npcontrolregion_dilepton_me down_lfstats1 0 1.000000 3 1.110667 4 1.172154 5 1.290892 6 1.330956 7 1.578163 8 2.029792 9 2.484977 
npcontrolregion_dilepton_me down_lfstats2 0 1.000000 3 1.100441 4 1.159711 5 1.269865 6 1.311643 7 1.542917 8 2.064742 9 2.481119 
npcontrolregion_dilepton_me up_cferr1 0 1.000000 3 1.118965 4 1.231660 5 1.285991 6 1.333309 7 1.301998 8 1.704896 9 2.649484 
npcontrolregion_dilepton_me up_cferr2 0 1.000000 3 1.089270 4 1.181830 5 1.235235 6 1.272618 7 1.301998 8 1.704896 9 2.491873 
npcontrolregion_dilepton_me up_hf 0 1.000000 3 1.016345 4 1.042439 5 1.068647 6 1.111608 7 1.155510 8 1.470535 9 1.904252 
npcontrolregion_dilepton_me up_hfstats1 0 1.000000 3 1.070608 4 1.114887 5 1.194228 6 1.222459 7 1.334761 8 1.819877 9 2.387720 
npcontrolregion_dilepton_me up_hfstats2 0 1.000000 3 1.033114 4 1.072803 5 1.135355 6 1.174765 7 1.295162 8 1.708052 9 2.150274 
npcontrolregion_dilepton_me up_jes 0 1.000000 3 1.038956 4 1.065630 5 1.147748 6 1.168996 7 1.340952 8 1.463957 9 2.255624 
npcontrolregion_dilepton_me up_jesAbsolute 0 1.000000 3 0.726440 4 0.455269 5 0.509365 6 0.374907 7 1.352156 8 1.613614 9 0.000000 
npcontrolregion_dilepton_me up_jesAbsolute_2016 0 1.000000 3 0.727568 4 0.457073 5 0.509643 6 0.377730 7 1.361839 8 1.635481 9 0.000000 
npcontrolregion_dilepton_me up_jesBBEC1 0 1.000000 3 0.726505 4 0.455735 5 0.507855 6 0.377216 7 1.351476 8 1.660375 9 0.000000 
npcontrolregion_dilepton_me up_jesBBEC1_2016 0 1.000000 3 0.726316 4 0.455743 5 0.509803 6 0.373810 7 1.295615 8 1.647195 9 0.000000 
npcontrolregion_dilepton_me up_jesEC2 0 1.000000 3 0.727353 4 0.457947 5 0.510030 6 0.375097 7 1.299613 8 1.700088 9 0.000000 
npcontrolregion_dilepton_me up_jesEC2_2016 0 1.000000 3 0.727433 4 0.457986 5 0.510027 6 0.374866 7 1.300747 8 1.694819 9 0.000000 
npcontrolregion_dilepton_me up_jesFlavorQCD 0 1.000000 3 1.041912 4 1.072829 5 1.149372 6 1.193791 7 1.329498 8 1.562567 9 2.254593 
npcontrolregion_dilepton_me up_jesHF 0 1.000000 3 0.727336 4 0.458067 5 0.509644 6 0.374950 7 1.309192 8 1.699257 9 0.000000 
npcontrolregion_dilepton_me up_jesHF_2016 0 1.000000 3 0.727471 4 0.458026 5 0.510252 6 0.375210 7 1.302865 8 1.697784 9 0.000000 
npcontrolregion_dilepton_me up_jesRelativeBal 0 1.000000 2 0.966925 3 1.051661 4 1.080218 5 1.167322 6 1.187241 7 1.509750 8 1.733798 9 2.266349 
npcontrolregion_dilepton_me up_jesRelativeSample_2016 0 1.000000 3 0.727755 4 0.456756 5 0.510319 6 0.377737 7 1.351183 8 1.670266 9 0.000000 
npcontrolregion_dilepton_me up_lf 0 1.000000 3 0.954399 4 0.957226 5 1.016417 6 1.077104 7 1.151422 8 1.329118 9 1.712706 
npcontrolregion_dilepton_me up_lfstats1 0 1.000000 3 0.983634 4 1.001792 5 1.036305 6 1.063205 7 1.072887 8 1.438070 9 1.977083 
npcontrolregion_dilepton_me up_lfstats2 0 1.000000 3 0.992905 4 1.012854 5 1.053322 6 1.078792 7 1.098222 8 1.405091 9 1.988178 
npcontrolregion_dilepton_mm central 0 1.000000 3 1.129916 4 1.127313 5 1.136911 6 1.136020 7 1.014767 8 0.816030 
npcontrolregion_dilepton_mm down_cferr1 0 1.000000 3 1.039902 4 1.035775 5 1.056436 6 1.051564 7 0.457448 8 0.664866 
npcontrolregion_dilepton_mm down_cferr2 0 1.000000 3 1.084068 4 1.077572 5 1.108390 6 1.079765 7 0.646899 8 0.733230 
npcontrolregion_dilepton_mm down_hf 0 1.000000 3 1.172760 4 1.183793 5 1.177060 6 1.217352 7 1.006691 8 0.844199 
npcontrolregion_dilepton_mm down_hfstats1 0 1.000000 3 1.106903 4 1.108559 5 1.106376 6 1.122856 7 0.966878 8 0.793022 
npcontrolregion_dilepton_mm down_hfstats2 0 1.000000 3 1.137492 4 1.139578 5 1.153329 6 1.146544 7 1.024347 8 0.824448 
npcontrolregion_dilepton_mm down_jes 0 1.000000 2 1.126833 3 1.147573 4 1.148401 5 1.129067 6 1.146036 7 1.049313 8 0.805772 
npcontrolregion_dilepton_mm down_jesAbsolute 0 1.000000 2 1.162140 3 0.587835 4 0.609039 5 0.585595 6 0.957000 7 0.000000 8 0.000000 
npcontrolregion_dilepton_mm down_jesAbsolute_2016 0 1.000000 3 0.597328 4 0.600660 5 0.539760 6 0.955184 7 0.000000 8 0.000000 
npcontrolregion_dilepton_mm down_jesBBEC1 0 1.000000 3 0.590549 4 0.612480 5 0.539888 6 0.955393 7 0.000000 8 0.000000 
npcontrolregion_dilepton_mm down_jesBBEC1_2016 0 1.000000 3 0.589458 4 0.611977 5 0.542533 6 0.954603 7 0.000000 8 0.000000 
npcontrolregion_dilepton_mm down_jesEC2 0 1.000000 3 0.584714 4 0.617602 5 0.541486 6 0.953630 7 0.000000 8 0.000000 
npcontrolregion_dilepton_mm down_jesEC2_2016 0 1.000000 3 0.584604 4 0.617377 5 0.541286 6 0.952660 7 0.000000 8 0.000000 
npcontrolregion_dilepton_mm down_jesFlavorQCD 0 1.000000 2 1.167883 3 1.140290 4 1.142554 5 1.132827 6 1.147600 7 1.037178 8 0.804901 
npcontrolregion_dilepton_mm down_jesHF 0 1.000000 3 0.584337 4 0.617089 5 0.541357 6 0.952941 7 0.000000 8 0.000000 
npcontrolregion_dilepton_mm down_jesHF_2016 0 1.000000 3 0.584499 4 0.617242 5 0.541337 6 0.952339 7 0.000000 8 0.000000 
npcontrolregion_dilepton_mm down_jesRelativeBal 0 1.000000 3 1.125613 4 1.126667 5 1.135957 6 1.124396 7 1.003494 8 0.818147 
npcontrolregion_dilepton_mm down_jesRelativeSample_2016 0 1.000000 2 1.164250 3 0.580851 4 0.613677 5 0.585182 6 0.955425 7 0.000000 8 0.000000 
npcontrolregion_dilepton_mm down_lf 0 1.000000 3 1.232626 4 1.197464 5 1.238903 6 1.204954 7 1.240710 8 0.918135 
npcontrolregion_dilepton_mm down_lfstats1 0 1.000000 3 1.194601 4 1.216797 5 1.266680 6 1.338751 7 1.141846 8 0.997634 
npcontrolregion_dilepton_mm down_lfstats2 0 1.000000 3 1.186873 4 1.206810 5 1.243732 6 1.305592 7 1.113218 8 0.959321 
npcontrolregion_dilepton_mm up_cferr1 0 1.000000 3 1.232313 4 1.235176 5 1.256608 6 1.213080 7 1.792171 8 0.970477 
npcontrolregion_dilepton_mm up_cferr2 0 1.000000 3 1.189694 4 1.192507 5 1.193795 6 1.188907 7 1.487909 8 0.907408 
npcontrolregion_dilepton_mm up_hf 0 1.000000 3 1.083452 4 1.062899 5 1.081371 6 1.039466 7 0.998916 8 0.768139 
npcontrolregion_dilepton_mm up_hfstats1 0 1.000000 3 1.153274 4 1.145711 5 1.167945 6 1.149248 7 1.064723 8 0.839465 
npcontrolregion_dilepton_mm up_hfstats2 0 1.000000 3 1.121989 4 1.114690 5 1.120076 6 1.124912 7 1.003910 8 0.806654 
npcontrolregion_dilepton_mm up_jes 0 1.000000 3 1.108606 4 1.137928 5 1.143104 6 1.064351 7 0.991109 8 0.821125 
npcontrolregion_dilepton_mm up_jesAbsolute 0 1.000000 3 0.580678 4 0.620058 5 0.541621 6 0.944040 7 0.000000 8 0.000000 
npcontrolregion_dilepton_mm up_jesAbsolute_2016 0 1.000000 3 0.581945 4 0.620213 5 0.539573 6 0.946384 7 0.000000 8 0.000000 
npcontrolregion_dilepton_mm up_jesBBEC1 0 1.000000 3 0.589634 4 0.607636 5 0.540090 6 0.945598 7 0.000000 8 0.000000 
npcontrolregion_dilepton_mm up_jesBBEC1_2016 0 1.000000 3 0.581484 4 0.613814 5 0.540458 6 0.946675 7 0.000000 8 0.000000 
npcontrolregion_dilepton_mm up_jesEC2 0 1.000000 3 0.584421 4 0.617380 5 0.541171 6 0.951070 7 0.000000 8 0.000000 
npcontrolregion_dilepton_mm up_jesEC2_2016 0 1.000000 3 0.584436 4 0.617234 5 0.541055 6 0.951267 7 0.000000 8 0.000000 
npcontrolregion_dilepton_mm up_jesFlavorQCD 0 1.000000 3 1.112625 4 1.137657 5 1.134648 6 1.113825 7 1.000030 8 0.819624 
npcontrolregion_dilepton_mm up_jesHF 0 1.000000 3 0.584554 4 0.617320 5 0.541697 6 0.954113 7 0.000000 8 0.000000 
npcontrolregion_dilepton_mm up_jesHF_2016 0 1.000000 3 0.584518 4 0.617217 5 0.541433 6 0.952567 7 0.000000 8 0.000000 
npcontrolregion_dilepton_mm up_jesRelativeBal 0 1.000000 3 1.130816 4 1.141259 5 1.129174 6 1.139838 7 1.022341 8 0.814277 
npcontrolregion_dilepton_mm up_jesRelativeSample_2016 0 1.000000 3 0.587436 4 0.615357 5 0.540321 6 0.943834 7 0.000000 8 0.000000 
npcontrolregion_dilepton_mm up_lf 0 1.000000 3 1.030140 4 1.052248 5 1.035064 6 1.067042 7 0.831041 8 0.716678 
npcontrolregion_dilepton_mm up_lfstats1 0 1.000000 3 1.068925 4 1.043534 5 1.020179 6 0.962780 7 0.900625 8 0.666626 
npcontrolregion_dilepton_mm up_lfstats2 0 1.000000 3 1.075880 4 1.052638 5 1.038702 6 0.987541 7 0.924341 8 0.693649 
nplownjetscontrolregion_dilepton_inclusive central 0 1.000000 1 1.024494 2 1.041741 
nplownjetscontrolregion_dilepton_inclusive down_cferr1 0 1.000000 1 0.993326 2 0.986721 
nplownjetscontrolregion_dilepton_inclusive down_cferr2 0 1.000000 1 1.008309 2 1.011206 
nplownjetscontrolregion_dilepton_inclusive down_hf 0 1.000000 1 1.028842 2 1.053965 
nplownjetscontrolregion_dilepton_inclusive down_hfstats1 0 1.000000 1 1.013668 2 1.025599 
nplownjetscontrolregion_dilepton_inclusive down_hfstats2 0 1.000000 1 1.027849 2 1.048778 
nplownjetscontrolregion_dilepton_inclusive down_jes 0 1.000000 1 1.027399 2 1.045995 
nplownjetscontrolregion_dilepton_inclusive down_jesAbsolute 0 1.000000 1 0.827599 2 0.744502 
nplownjetscontrolregion_dilepton_inclusive down_jesAbsolute_2016 0 1.000000 1 0.824302 2 0.745691 
nplownjetscontrolregion_dilepton_inclusive down_jesBBEC1 0 1.000000 1 0.826132 2 0.745295 
nplownjetscontrolregion_dilepton_inclusive down_jesBBEC1_2016 0 1.000000 1 0.827841 2 0.744427 
nplownjetscontrolregion_dilepton_inclusive down_jesEC2 0 1.000000 1 0.829453 2 0.743695 
nplownjetscontrolregion_dilepton_inclusive down_jesEC2_2016 0 1.000000 1 0.829478 2 0.743657 
nplownjetscontrolregion_dilepton_inclusive down_jesFlavorQCD 0 1.000000 1 1.026879 2 1.044929 
nplownjetscontrolregion_dilepton_inclusive down_jesHF 0 1.000000 1 0.829561 2 0.743638 
nplownjetscontrolregion_dilepton_inclusive down_jesHF_2016 0 1.000000 1 0.829406 2 0.743577 
nplownjetscontrolregion_dilepton_inclusive down_jesRelativeBal 0 1.000000 1 1.024212 2 1.040941 3 1.035440 
nplownjetscontrolregion_dilepton_inclusive down_jesRelativeSample_2016 0 1.000000 1 0.828372 2 0.744524 3 0.485922 
nplownjetscontrolregion_dilepton_inclusive down_lf 0 1.000000 1 1.071019 2 1.104946 
nplownjetscontrolregion_dilepton_inclusive down_lfstats1 0 1.000000 1 1.041683 2 1.080940 
nplownjetscontrolregion_dilepton_inclusive down_lfstats2 0 1.000000 1 1.038892 2 1.074516 
nplownjetscontrolregion_dilepton_inclusive up_cferr1 0 1.000000 1 1.060359 2 1.103982 
nplownjetscontrolregion_dilepton_inclusive up_cferr2 0 1.000000 1 1.046158 2 1.080511 
nplownjetscontrolregion_dilepton_inclusive up_hf 0 1.000000 1 1.017330 2 1.024334 
nplownjetscontrolregion_dilepton_inclusive up_hfstats1 0 1.000000 1 1.035442 2 1.058152 
nplownjetscontrolregion_dilepton_inclusive up_hfstats2 0 1.000000 1 1.020955 2 1.034542 
nplownjetscontrolregion_dilepton_inclusive up_jes 0 1.000000 1 1.022522 2 1.037679 3 1.068409 4 1.015835 
nplownjetscontrolregion_dilepton_inclusive up_jesAbsolute 0 1.000000 1 0.832481 2 0.743302 3 0.620887 
nplownjetscontrolregion_dilepton_inclusive up_jesAbsolute_2016 0 1.000000 1 0.829572 2 0.743419 3 0.706789 
nplownjetscontrolregion_dilepton_inclusive up_jesBBEC1 0 1.000000 1 0.829010 2 0.741539 3 0.733929 
nplownjetscontrolregion_dilepton_inclusive up_jesBBEC1_2016 0 1.000000 1 0.827533 2 0.742940 3 0.417343 
nplownjetscontrolregion_dilepton_inclusive up_jesEC2 0 1.000000 1 0.829408 2 0.743637 
nplownjetscontrolregion_dilepton_inclusive up_jesEC2_2016 0 1.000000 1 0.829436 2 0.743644 
nplownjetscontrolregion_dilepton_inclusive up_jesFlavorQCD 0 1.000000 1 1.024350 2 1.038691 3 1.080347 4 1.024686 
nplownjetscontrolregion_dilepton_inclusive up_jesHF 0 1.000000 1 0.829341 2 0.743669 
nplownjetscontrolregion_dilepton_inclusive up_jesHF_2016 0 1.000000 1 0.829369 2 0.743560 
nplownjetscontrolregion_dilepton_inclusive up_jesRelativeBal 0 1.000000 1 1.025368 2 1.042894 3 1.294789 
nplownjetscontrolregion_dilepton_inclusive up_jesRelativeSample_2016 0 1.000000 1 0.825566 2 0.745038 3 0.748337 
nplownjetscontrolregion_dilepton_inclusive up_lf 0 1.000000 1 0.979602 2 0.978003 
nplownjetscontrolregion_dilepton_inclusive up_lfstats1 0 1.000000 1 1.007451 2 1.004060 
nplownjetscontrolregion_dilepton_inclusive up_lfstats2 0 1.000000 1 1.010245 2 1.010122 
signalregion_dilepton_ee central 0 1.000000 3 1.079458 4 1.095686 5 1.158157 6 1.252679 7 1.188446 8 1.285514 9 1.629615 10 1.885420 11 1.546701 
signalregion_dilepton_ee down_cferr1 0 1.000000 3 0.998777 4 0.997724 5 1.055263 6 1.049423 7 1.042660 8 1.167176 9 1.629615 10 1.572944 11 1.546701 
signalregion_dilepton_ee down_cferr2 0 1.000000 3 1.034098 4 1.039415 5 1.097822 6 1.132361 7 1.096500 8 1.174646 9 1.629615 10 1.704440 11 1.546701 
signalregion_dilepton_ee down_hf 0 1.000000 3 1.109953 4 1.140348 5 1.239805 6 1.339383 7 1.263279 8 1.563507 9 2.219204 10 2.337677 11 1.690530 
signalregion_dilepton_ee down_hfstats1 0 1.000000 3 1.056418 4 1.069995 5 1.126568 6 1.209120 7 1.161619 8 1.260593 9 1.639416 10 1.866326 11 1.384219 
signalregion_dilepton_ee down_hfstats2 0 1.000000 3 1.088651 4 1.107894 5 1.170466 6 1.279008 7 1.212257 8 1.320953 9 1.644634 10 1.899820 11 1.555421 
signalregion_dilepton_ee down_jes 0 1.000000 2 1.007319 3 1.083420 4 1.104449 5 1.180805 6 1.276399 7 1.156880 8 1.457047 9 1.611311 10 1.970137 11 1.620142 
signalregion_dilepton_ee down_jesAbsolute 0 1.000000 2 0.872465 3 0.679677 4 0.628836 5 0.617982 6 0.440663 7 0.612506 8 0.197418 9 1.653161 10 0.716890 11 1.575456 
signalregion_dilepton_ee down_jesAbsolute_2016 0 1.000000 3 0.687976 4 0.623342 5 0.611313 6 0.413324 7 0.648975 8 0.196495 9 1.651174 10 0.720866 11 1.554271 
signalregion_dilepton_ee down_jesBBEC1 0 1.000000 3 0.687942 4 0.623865 5 0.614842 6 0.426922 7 0.648379 8 0.195327 9 1.663332 10 0.725524 11 1.556030 
signalregion_dilepton_ee down_jesBBEC1_2016 0 1.000000 3 0.687417 4 0.624472 5 0.613152 6 0.427283 7 0.617278 8 0.195601 9 1.661672 10 0.727257 11 1.549273 
signalregion_dilepton_ee down_jesEC2 0 1.000000 3 0.687017 4 0.623775 5 0.610857 6 0.426431 7 0.612692 8 0.195730 9 1.640223 10 0.710969 11 1.545663 
signalregion_dilepton_ee down_jesEC2_2016 0 1.000000 3 0.686940 4 0.623681 5 0.610870 6 0.426281 7 0.612369 8 0.195660 9 1.636413 10 0.711010 11 1.544650 
signalregion_dilepton_ee down_jesFlavorQCD 0 1.000000 2 1.003721 3 1.081876 4 1.104033 5 1.169522 6 1.254239 7 1.190994 8 1.449010 9 1.594192 10 1.928677 11 1.614394 
signalregion_dilepton_ee down_jesHF 0 1.000000 3 0.686754 4 0.623800 5 0.610474 6 0.425595 7 0.612848 8 0.195764 9 1.626382 10 0.712243 11 1.547754 
signalregion_dilepton_ee down_jesHF_2016 0 1.000000 3 0.686731 4 0.623638 5 0.610699 6 0.425881 7 0.613172 8 0.195425 9 1.630994 10 0.712729 11 1.548474 
signalregion_dilepton_ee down_jesRelativeBal 0 1.000000 3 1.076755 4 1.092314 5 1.153738 6 1.249960 7 1.182091 8 1.283356 9 1.602996 10 1.792558 11 1.548286 
signalregion_dilepton_ee down_jesRelativeSample_2016 0 1.000000 2 0.867625 3 0.676868 4 0.628966 5 0.610040 6 0.438635 7 0.534259 8 0.466581 9 1.613332 10 0.700242 11 1.568750 
signalregion_dilepton_ee down_lf 0 1.000000 3 1.176719 4 1.198786 5 1.298599 6 1.394235 7 1.284334 8 1.380083 9 1.622019 10 2.006670 11 2.414528 
signalregion_dilepton_ee down_lfstats1 0 1.000000 3 1.146366 4 1.189793 5 1.295108 6 1.412042 7 1.378468 8 1.568001 9 2.100506 10 2.384805 11 2.006471 
signalregion_dilepton_ee down_lfstats2 0 1.000000 3 1.136588 4 1.176884 5 1.276781 6 1.393662 7 1.354679 8 1.544239 9 2.060386 10 2.454165 11 1.925650 
signalregion_dilepton_ee up_cferr1 0 1.000000 3 1.171240 4 1.212578 5 1.280145 6 1.503035 7 1.376459 8 1.435366 9 1.629615 10 2.255071 11 1.546701 
signalregion_dilepton_ee up_cferr2 0 1.000000 3 1.136577 4 1.168009 5 1.236949 6 1.409490 7 1.307428 8 1.433889 9 1.629615 10 2.129501 11 1.546701 
signalregion_dilepton_ee up_hf 0 1.000000 3 1.042730 4 1.041186 5 1.065169 6 1.149695 7 1.091314 8 1.037577 9 1.309567 10 1.439837 11 1.365056 
signalregion_dilepton_ee up_hfstats1 0 1.000000 3 1.102893 4 1.121886 5 1.190664 6 1.296595 7 1.216062 8 1.310633 9 1.619655 10 1.897555 11 1.726839 
signalregion_dilepton_ee up_hfstats2 0 1.000000 3 1.069964 4 1.083133 5 1.145318 6 1.225964 7 1.164666 8 1.250337 9 1.614900 10 1.868023 11 1.535784 
signalregion_dilepton_ee up_jes 0 1.000000 3 1.075290 4 1.084293 5 1.155736 6 1.245755 7 1.138632 8 1.315197 9 1.589686 10 1.695327 11 1.510646 
signalregion_dilepton_ee up_jesAbsolute 0 1.000000 3 0.690866 4 0.615329 5 0.604454 6 0.467735 7 0.582209 8 0.396991 9 1.610266 10 0.689604 11 1.536030 
signalregion_dilepton_ee up_jesAbsolute_2016 0 1.000000 3 0.688880 4 0.622760 5 0.599248 6 0.454927 7 0.565869 8 0.398248 9 1.610981 10 0.720005 11 1.536262 
signalregion_dilepton_ee up_jesBBEC1 0 1.000000 3 0.690490 4 0.612601 5 0.611207 6 0.455558 7 0.566317 8 0.398488 9 1.578027 10 0.681834 11 1.521445 
signalregion_dilepton_ee up_jesBBEC1_2016 0 1.000000 3 0.685994 4 0.621713 5 0.608830 6 0.424992 7 0.606874 8 0.192754 9 1.596615 10 0.695658 11 1.547804 
signalregion_dilepton_ee up_jesEC2 0 1.000000 3 0.686811 4 0.623459 5 0.611122 6 0.425470 7 0.612320 8 0.195420 9 1.638487 10 0.710526 11 1.549455 
signalregion_dilepton_ee up_jesEC2_2016 0 1.000000 3 0.686768 4 0.623565 5 0.611041 6 0.425912 7 0.612157 8 0.195410 9 1.634955 10 0.708250 11 1.551104 
signalregion_dilepton_ee up_jesFlavorQCD 0 1.000000 3 1.076944 4 1.083710 5 1.157365 6 1.261220 7 1.153550 8 1.305333 9 1.611215 10 1.765888 11 1.513070 
signalregion_dilepton_ee up_jesHF 0 1.000000 3 0.686745 4 0.623527 5 0.610896 6 0.425980 7 0.612413 8 0.194831 9 1.628813 10 0.707937 11 1.549300 
signalregion_dilepton_ee up_jesHF_2016 0 1.000000 3 0.686706 4 0.623489 5 0.610555 6 0.426017 7 0.612389 8 0.194957 9 1.629112 10 0.710870 11 1.547976 
signalregion_dilepton_ee up_jesRelativeBal 0 1.000000 3 1.081074 4 1.097634 5 1.162728 6 1.263159 7 1.192649 8 1.289154 9 1.659384 10 1.914457 11 1.551143 
signalregion_dilepton_ee up_jesRelativeSample_2016 0 1.000000 3 0.689234 4 0.628450 5 0.590413 6 0.456567 7 0.611557 8 0.193214 9 1.668644 10 0.700993 11 1.539042 
signalregion_dilepton_ee up_lf 0 1.000000 3 0.985005 4 0.993228 5 1.024120 6 1.108440 7 1.080449 8 1.180604 9 1.644591 10 1.746641 11 0.944107 
signalregion_dilepton_ee up_lfstats1 0 1.000000 3 1.016756 4 1.008832 5 1.034982 6 1.108490 7 1.023290 8 1.054524 9 1.307521 10 1.479010 11 1.188152 
signalregion_dilepton_ee up_lfstats2 0 1.000000 3 1.025654 4 1.020182 5 1.050061 6 1.124231 7 1.042684 8 1.072275 9 1.333720 10 1.446173 11 1.239155 
signalregion_dilepton_em central 0 1.000000 3 1.065564 4 1.116489 5 1.164123 6 1.183883 7 1.322187 8 1.218461 
signalregion_dilepton_em down_cferr1 0 1.000000 3 0.986207 4 1.008973 5 1.057657 6 1.035566 7 1.175973 8 1.051357 
signalregion_dilepton_em down_cferr2 0 1.000000 3 1.021772 4 1.054117 5 1.104511 6 1.099150 7 1.240190 8 1.125529 
signalregion_dilepton_em down_hf 0 1.000000 3 1.089408 4 1.167376 5 1.248824 6 1.266746 7 1.488618 8 1.348217 
signalregion_dilepton_em down_hfstats1 0 1.000000 3 1.042912 4 1.087045 5 1.134438 6 1.147812 7 1.265432 8 1.201562 
signalregion_dilepton_em down_hfstats2 0 1.000000 3 1.075641 4 1.128222 5 1.176400 6 1.199955 7 1.336250 8 1.232573 
signalregion_dilepton_em down_jes 0 1.000000 2 0.992236 3 1.073494 4 1.126544 5 1.164993 6 1.173116 7 1.405499 8 1.222498 
signalregion_dilepton_em down_jesAbsolute 0 1.000000 2 0.831751 3 0.653477 4 0.625820 5 0.583051 6 0.633983 7 0.775343 8 0.523957 
signalregion_dilepton_em down_jesAbsolute_2016 0 1.000000 2 0.759145 3 0.649765 4 0.622800 5 0.609823 6 0.592407 7 0.771365 8 0.526245 
signalregion_dilepton_em down_jesBBEC1 0 1.000000 2 1.008503 3 0.649895 4 0.625373 5 0.606649 6 0.592488 7 0.731788 8 0.622993 
signalregion_dilepton_em down_jesBBEC1_2016 0 1.000000 2 0.696361 3 0.652397 4 0.620650 5 0.617252 6 0.604685 7 0.732814 8 0.527822 
signalregion_dilepton_em down_jesEC2 0 1.000000 3 0.649030 4 0.621991 5 0.618628 6 0.603224 7 0.689303 8 0.618271 
signalregion_dilepton_em down_jesEC2_2016 0 1.000000 3 0.648886 4 0.621861 5 0.618305 6 0.603298 7 0.688077 8 0.616853 
signalregion_dilepton_em down_jesFlavorQCD 0 1.000000 2 0.990670 3 1.071420 4 1.120933 5 1.166743 6 1.176022 7 1.397040 8 1.216843 
signalregion_dilepton_em down_jesHF 0 1.000000 3 0.648968 4 0.621657 5 0.618527 6 0.603349 7 0.688307 8 0.615024 
signalregion_dilepton_em down_jesHF_2016 0 1.000000 3 0.648903 4 0.621557 5 0.618181 6 0.603444 7 0.687834 8 0.617475 
signalregion_dilepton_em down_jesRelativeBal 0 1.000000 3 1.063539 4 1.111001 5 1.163267 6 1.168539 7 1.327527 8 1.198925 
signalregion_dilepton_em down_jesRelativeSample_2016 0 1.000000 2 0.780825 3 0.650479 4 0.625672 5 0.581947 6 0.632073 7 0.688333 8 0.613936 
signalregion_dilepton_em down_lf 0 1.000000 3 1.157631 4 1.241033 5 1.289551 6 1.325055 7 1.542528 8 1.303610 
signalregion_dilepton_em down_lfstats1 0 1.000000 3 1.131038 4 1.216964 5 1.301244 6 1.353608 7 1.571679 8 1.477057 
signalregion_dilepton_em down_lfstats2 0 1.000000 3 1.120507 4 1.202506 5 1.282729 6 1.333821 7 1.542141 8 1.451069 
signalregion_dilepton_em up_cferr1 0 1.000000 3 1.155300 4 1.240634 5 1.294481 6 1.366390 7 1.496131 8 1.464048 
signalregion_dilepton_em up_cferr2 0 1.000000 3 1.120755 4 1.194831 5 1.245117 6 1.292626 7 1.432631 8 1.359429 
signalregion_dilepton_em up_hf 0 1.000000 3 1.033951 4 1.058439 5 1.074352 6 1.086176 7 1.143204 8 1.080363 
signalregion_dilepton_em up_hfstats1 0 1.000000 3 1.088582 4 1.146782 5 1.194316 6 1.221382 7 1.381164 8 1.235336 
signalregion_dilepton_em up_hfstats2 0 1.000000 3 1.055212 4 1.104367 5 1.151446 6 1.167805 7 1.306842 8 1.203655 
signalregion_dilepton_em up_jes 0 1.000000 3 1.053460 4 1.112694 5 1.151543 6 1.162445 7 1.358127 8 1.183595 
signalregion_dilepton_em up_jesAbsolute 0 1.000000 3 0.641154 4 0.641314 5 0.592404 6 0.615680 7 0.654444 8 0.611787 
signalregion_dilepton_em up_jesAbsolute_2016 0 1.000000 3 0.646642 4 0.624164 5 0.612981 6 0.602186 7 0.694342 8 0.609515 
signalregion_dilepton_em up_jesBBEC1 0 1.000000 3 0.647761 4 0.623743 5 0.604911 6 0.601142 7 0.690323 8 0.607011 
signalregion_dilepton_em up_jesBBEC1_2016 0 1.000000 3 0.648722 4 0.617180 5 0.615906 6 0.613985 7 0.648462 8 0.603387 
signalregion_dilepton_em up_jesEC2 0 1.000000 3 0.648890 4 0.621573 5 0.618264 6 0.603429 7 0.686956 8 0.617410 
signalregion_dilepton_em up_jesEC2_2016 0 1.000000 3 0.648940 4 0.621640 5 0.618227 6 0.603427 7 0.686885 8 0.618284 
signalregion_dilepton_em up_jesFlavorQCD 0 1.000000 3 1.059148 4 1.110453 5 1.161079 6 1.167362 7 1.346156 8 1.196209 
signalregion_dilepton_em up_jesHF 0 1.000000 3 0.648901 4 0.621678 5 0.618381 6 0.603503 7 0.686144 8 0.618124 
signalregion_dilepton_em up_jesHF_2016 0 1.000000 3 0.648829 4 0.621641 5 0.618068 6 0.602710 7 0.688057 8 0.617400 
signalregion_dilepton_em up_jesRelativeBal 0 1.000000 2 0.998486 3 1.067421 4 1.119399 5 1.162513 6 1.192942 7 1.337697 8 1.207907 
signalregion_dilepton_em up_jesRelativeSample_2016 0 1.000000 2 1.083102 3 0.646280 4 0.636507 5 0.586266 6 0.616615 7 0.697367 8 0.513318 
signalregion_dilepton_em up_lf 0 1.000000 3 0.974781 4 0.998809 5 1.041503 6 1.047116 7 1.117501 8 1.120448 
signalregion_dilepton_em up_lfstats1 0 1.000000 3 1.003901 4 1.024212 5 1.041773 6 1.035150 7 1.111389 8 1.004839 
signalregion_dilepton_em up_lfstats2 0 1.000000 3 1.013398 4 1.036868 5 1.057168 6 1.051032 7 1.132837 8 1.024566 
signalregion_dilepton_inclusive central 0 1.000000 3 1.071082 4 1.117478 5 1.143436 6 1.192665 7 1.240837 8 1.268372 9 1.503939 10 2.379123 11 1.546701 
signalregion_dilepton_inclusive down_cferr1 0 1.000000 3 0.986972 4 1.018155 5 1.035591 6 1.021663 7 1.127596 8 1.106975 9 1.511789 10 2.146942 11 1.546701 
signalregion_dilepton_inclusive down_cferr2 0 1.000000 3 1.023781 4 1.061279 5 1.082991 6 1.090494 7 1.174330 8 1.166622 9 1.533640 10 2.310495 11 1.546701 
signalregion_dilepton_inclusive down_hf 0 1.000000 3 1.098429 4 1.169225 5 1.213083 6 1.275627 7 1.369878 8 1.445523 9 1.869358 10 3.216276 11 1.690530 
signalregion_dilepton_inclusive down_hfstats1 0 1.000000 3 1.049216 4 1.092661 5 1.114072 6 1.159082 7 1.197818 8 1.245730 9 1.482364 10 2.278157 11 1.384219 
signalregion_dilepton_inclusive down_hfstats2 0 1.000000 3 1.080286 4 1.128658 5 1.156478 6 1.208120 7 1.258404 8 1.289920 9 1.539908 10 2.431815 11 1.555421 
signalregion_dilepton_inclusive down_jes 0 1.000000 2 1.017603 3 1.077925 4 1.126333 5 1.155004 6 1.217557 7 1.267911 8 1.353114 9 1.501123 10 2.500453 11 1.620142 
signalregion_dilepton_inclusive down_jesAbsolute 0 1.000000 2 0.900917 3 0.648783 4 0.640851 5 0.588698 6 0.552381 7 0.808654 8 0.479402 9 1.014391 10 0.477927 11 1.575456 
signalregion_dilepton_inclusive down_jesAbsolute_2016 0 1.000000 2 0.901243 3 0.650664 4 0.637985 5 0.596306 6 0.530682 7 0.800279 8 0.475833 9 1.012223 10 0.480577 11 1.554271 
signalregion_dilepton_inclusive down_jesBBEC1 0 1.000000 2 1.020958 3 0.650101 4 0.639972 5 0.593050 6 0.540630 7 0.791998 8 0.520593 9 1.014157 10 0.483683 11 1.556030 
signalregion_dilepton_inclusive down_jesBBEC1_2016 0 1.000000 2 0.875849 3 0.650220 4 0.643364 5 0.594614 6 0.529974 7 0.780323 8 0.476777 9 1.013160 10 0.484838 11 1.549273 
signalregion_dilepton_inclusive down_jesEC2 0 1.000000 3 0.648278 4 0.644173 5 0.594733 6 0.525351 7 0.766481 8 0.518863 9 1.015154 10 0.473979 11 1.545663 
signalregion_dilepton_inclusive down_jesEC2_2016 0 1.000000 3 0.648179 4 0.644007 5 0.594625 6 0.525157 7 0.765955 8 0.517968 9 1.013609 10 0.474006 11 1.544650 
signalregion_dilepton_inclusive down_jesFlavorQCD 0 1.000000 2 1.027109 3 1.075381 4 1.123072 5 1.150886 6 1.207297 7 1.269901 8 1.297232 9 1.717683 10 2.443907 11 1.614394 
signalregion_dilepton_inclusive down_jesHF 0 1.000000 3 0.648149 4 0.643987 5 0.594502 6 0.525175 7 0.765886 8 0.516890 9 1.010228 10 0.474829 11 1.547754 
signalregion_dilepton_inclusive down_jesHF_2016 0 1.000000 3 0.648089 4 0.643831 5 0.594483 6 0.525165 7 0.765694 8 0.518329 9 1.010747 10 0.475152 11 1.548474 
signalregion_dilepton_inclusive down_jesRelativeBal 0 1.000000 3 1.069903 4 1.112041 5 1.143572 6 1.184066 7 1.241203 8 1.250699 9 1.486739 10 2.324829 11 1.548286 
signalregion_dilepton_inclusive down_jesRelativeSample_2016 0 1.000000 2 0.888845 3 0.647106 4 0.642687 5 0.583795 6 0.543468 7 0.753630 8 0.582710 9 1.007268 10 0.466828 11 1.568750 
signalregion_dilepton_inclusive down_lf 0 1.000000 3 1.161420 4 1.220397 5 1.266306 6 1.330711 7 1.419029 8 1.372524 9 1.739976 10 2.586659 11 2.414528 
signalregion_dilepton_inclusive down_lfstats1 0 1.000000 3 1.136585 4 1.216177 5 1.276457 6 1.357481 7 1.473199 8 1.538530 9 1.867687 10 2.956215 11 2.006471 
signalregion_dilepton_inclusive down_lfstats2 0 1.000000 3 1.126571 4 1.202739 5 1.257330 6 1.336045 7 1.441898 8 1.510624 9 1.828112 10 3.085980 11 1.925650 
signalregion_dilepton_inclusive up_cferr1 0 1.000000 3 1.165577 4 1.231228 5 1.271441 6 1.402891 7 1.375969 8 1.491892 9 1.522088 10 2.658646 11 1.546701 
signalregion_dilepton_inclusive up_cferr2 0 1.000000 3 1.129918 4 1.187887 5 1.223408 6 1.323975 7 1.326157 8 1.413989 9 1.500736 10 2.503597 11 1.546701 
signalregion_dilepton_inclusive up_hf 0 1.000000 3 1.036627 4 1.057811 5 1.062815 6 1.094415 7 1.095715 8 1.091417 9 1.196804 10 1.672975 11 1.365056 
signalregion_dilepton_inclusive up_hfstats1 0 1.000000 3 1.093274 4 1.142739 5 1.173375 6 1.226811 7 1.285720 8 1.290874 9 1.526287 10 2.480159 11 1.726839 
signalregion_dilepton_inclusive up_hfstats2 0 1.000000 3 1.061561 4 1.105933 5 1.130004 6 1.176851 7 1.222786 8 1.246407 9 1.468972 10 2.321191 11 1.535784 
signalregion_dilepton_inclusive up_jes 0 1.000000 3 1.063419 4 1.110752 5 1.129425 6 1.185358 7 1.227716 8 1.243984 9 1.449231 10 2.201148 11 1.510646 
signalregion_dilepton_inclusive up_jesAbsolute 0 1.000000 3 0.646950 4 0.646510 5 0.583205 6 0.529470 7 0.755145 8 0.557673 9 1.014714 10 0.459736 11 1.536030 
signalregion_dilepton_inclusive up_jesAbsolute_2016 0 1.000000 3 0.647838 4 0.645175 5 0.584687 6 0.536384 7 0.756114 8 0.558128 9 1.009978 10 0.480004 11 1.536262 
signalregion_dilepton_inclusive up_jesBBEC1 0 1.000000 3 0.647973 4 0.642347 5 0.588550 6 0.530734 7 0.747952 8 0.582368 9 0.999045 10 0.454556 11 1.521445 
signalregion_dilepton_inclusive up_jesBBEC1_2016 0 1.000000 3 0.647456 4 0.640717 5 0.597674 6 0.515928 7 0.751477 8 0.540928 9 1.001407 10 0.463772 11 1.547804 
signalregion_dilepton_inclusive up_jesEC2 0 1.000000 3 0.648062 4 0.643806 5 0.594617 6 0.525019 7 0.765778 8 0.518416 9 1.013730 10 0.473684 11 1.549455 
signalregion_dilepton_inclusive up_jesEC2_2016 0 1.000000 3 0.648113 4 0.643869 5 0.594680 6 0.525033 7 0.765527 8 0.518995 9 1.012881 10 0.472167 11 1.551104 
signalregion_dilepton_inclusive up_jesFlavorQCD 0 1.000000 3 1.066657 4 1.111045 5 1.137953 6 1.189744 7 1.237359 8 1.242541 9 1.477688 10 2.301516 11 1.513070 
signalregion_dilepton_inclusive up_jesHF 0 1.000000 3 0.648095 4 0.643867 5 0.594649 6 0.525216 7 0.765206 8 0.517551 9 1.010540 10 0.471958 11 1.549300 
signalregion_dilepton_inclusive up_jesHF_2016 0 1.000000 3 0.648034 4 0.643780 5 0.594454 6 0.524909 7 0.765480 8 0.518026 9 1.009999 10 0.473913 11 1.547976 
signalregion_dilepton_inclusive up_jesRelativeBal 0 1.000000 2 1.011023 3 1.072986 4 1.121216 5 1.145146 6 1.202107 7 1.251090 8 1.272425 9 1.516747 10 2.418186 11 1.551143 
signalregion_dilepton_inclusive up_jesRelativeSample_2016 0 1.000000 2 1.016747 3 0.648307 4 0.648057 5 0.577554 6 0.539760 7 0.773446 8 0.471347 9 1.022666 10 0.467329 11 1.539042 
signalregion_dilepton_inclusive up_lf 0 1.000000 3 0.982280 4 1.016165 5 1.022621 6 1.057905 7 1.075741 8 1.153291 9 1.295888 10 2.147888 11 0.944107 
signalregion_dilepton_inclusive up_lfstats1 0 1.000000 3 1.009359 4 1.026756 5 1.024076 6 1.046373 7 1.043936 8 1.045582 9 1.219541 10 1.906226 11 1.188152 
signalregion_dilepton_inclusive up_lfstats2 0 1.000000 3 1.018447 4 1.038453 5 1.039850 6 1.063870 7 1.067342 8 1.066394 9 1.247408 10 1.828994 11 1.239155 
signalregion_dilepton_me central 0 1.000000 3 1.082461 4 1.119380 5 1.126240 6 1.179263 7 1.267905 8 1.245766 9 1.976820 10 3.366528 
signalregion_dilepton_me down_cferr1 0 1.000000 3 0.998301 4 1.027925 5 1.010138 6 1.017649 7 1.163342 8 1.211447 9 2.008218 10 3.294939 
signalregion_dilepton_me down_cferr2 0 1.000000 3 1.034790 4 1.068692 5 1.062206 6 1.077791 7 1.206260 8 1.247392 9 2.095625 10 3.522606 
signalregion_dilepton_me down_hf 0 1.000000 3 1.111892 4 1.171554 5 1.184357 6 1.280640 7 1.410345 8 1.349446 9 2.541180 10 4.973472 
signalregion_dilepton_me down_hfstats1 0 1.000000 3 1.059220 4 1.098697 5 1.098658 6 1.153398 7 1.201684 8 1.229311 9 1.881026 10 3.101818 
signalregion_dilepton_me down_hfstats2 0 1.000000 3 1.091670 4 1.129441 5 1.141365 6 1.192069 7 1.287735 8 1.281012 9 2.018944 10 3.495805 
signalregion_dilepton_me down_jes 0 1.000000 2 1.042762 3 1.089785 4 1.127732 5 1.136836 6 1.228373 7 1.326243 8 1.555110 10 3.561087 
signalregion_dilepton_me down_jesAbsolute 0 1.000000 2 1.150114 3 0.671226 4 0.644818 5 0.556395 6 0.600104 7 0.934761 8 0.557970 9 0.000000 10 0.000000 
signalregion_dilepton_me down_jesAbsolute_2016 0 1.000000 3 0.672643 4 0.647818 5 0.551383 6 0.612089 7 0.872325 8 0.544850 9 0.000000 10 0.000000 
signalregion_dilepton_me down_jesBBEC1 0 1.000000 2 0.992671 3 0.672871 4 0.649462 5 0.547210 6 0.611662 7 0.873578 8 0.544964 9 0.000000 10 0.000000 
signalregion_dilepton_me down_jesBBEC1_2016 0 1.000000 3 0.672160 4 0.656351 5 0.545075 6 0.597454 7 0.874835 8 0.542475 9 0.000000 10 0.000000 
signalregion_dilepton_me down_jesEC2 0 1.000000 3 0.670670 4 0.659724 5 0.540013 6 0.596949 7 0.868156 8 0.544979 9 0.000000 10 0.000000 
signalregion_dilepton_me down_jesEC2_2016 0 1.000000 3 0.670615 4 0.659521 5 0.539988 6 0.596803 7 0.868161 8 0.544852 9 0.000000 10 0.000000 
signalregion_dilepton_me down_jesFlavorQCD 0 1.000000 2 1.088242 3 1.085808 4 1.126112 5 1.133203 6 1.207435 7 1.307870 8 1.275940 9 2.140431 10 3.474368 
signalregion_dilepton_me down_jesHF 0 1.000000 3 0.670495 4 0.659712 5 0.539700 6 0.596845 7 0.868328 8 0.548177 9 0.000000 10 0.000000 
signalregion_dilepton_me down_jesHF_2016 0 1.000000 3 0.670387 4 0.659468 5 0.539635 6 0.596675 7 0.867356 8 0.547922 9 0.000000 10 0.000000 
signalregion_dilepton_me down_jesRelativeBal 0 1.000000 3 1.081258 4 1.115556 5 1.126302 6 1.167344 7 1.259568 8 1.240699 9 1.936386 10 3.389370 
signalregion_dilepton_me down_jesRelativeSample_2016 0 1.000000 2 0.857773 3 0.669814 4 0.649752 5 0.548438 6 0.607638 7 0.874896 8 0.563085 9 0.000000 10 0.000000 
signalregion_dilepton_me down_lf 0 1.000000 3 1.179579 4 1.207426 5 1.235111 6 1.314534 7 1.565714 8 1.322737 9 2.869233 10 3.746636 
signalregion_dilepton_me down_lfstats1 0 1.000000 3 1.147468 4 1.216085 5 1.251398 6 1.343222 7 1.524378 8 1.505896 9 2.433960 10 4.099036 
signalregion_dilepton_me down_lfstats2 0 1.000000 3 1.137433 4 1.203652 5 1.232242 6 1.322805 7 1.483770 8 1.466726 9 2.379947 10 4.349611 
signalregion_dilepton_me up_cferr1 0 1.000000 3 1.176040 4 1.222049 5 1.264170 6 1.383794 7 1.374203 8 1.305256 9 2.049416 10 3.465797 
signalregion_dilepton_me up_cferr2 0 1.000000 3 1.140680 4 1.182290 5 1.211718 6 1.308631 7 1.335330 8 1.270744 9 1.964009 10 3.251789 
signalregion_dilepton_me up_hf 0 1.000000 3 1.045147 4 1.060252 5 1.054556 6 1.064401 7 1.107412 8 1.121190 9 1.402284 10 2.139251 
signalregion_dilepton_me up_hfstats1 0 1.000000 3 1.106170 4 1.140196 5 1.154193 6 1.204898 7 1.338745 8 1.260418 9 2.077481 10 3.645368 
signalregion_dilepton_me up_hfstats2 0 1.000000 3 1.072903 4 1.108932 5 1.110787 6 1.166097 7 1.247784 8 1.210088 9 1.936635 10 3.227527 
signalregion_dilepton_me up_jes 0 1.000000 3 1.075946 4 1.111190 5 1.108980 6 1.167143 7 1.236666 8 1.187086 9 1.756348 10 3.212790 
signalregion_dilepton_me up_jesAbsolute 0 1.000000 3 0.670054 4 0.662135 5 0.528769 6 0.582322 7 0.879895 8 0.525738 9 0.000000 10 0.000000 
signalregion_dilepton_me up_jesAbsolute_2016 0 1.000000 3 0.668040 4 0.661580 5 0.526445 6 0.609883 7 0.863448 8 0.539261 9 0.000000 10 0.000000 
signalregion_dilepton_me up_jesBBEC1 0 1.000000 3 0.667766 4 0.662406 5 0.531471 6 0.601812 7 0.860063 8 0.538306 9 0.000000 10 0.000000 
signalregion_dilepton_me up_jesBBEC1_2016 0 1.000000 3 0.669745 4 0.659982 5 0.539125 6 0.564699 7 0.876408 8 0.548601 9 0.000000 10 0.000000 
signalregion_dilepton_me up_jesEC2 0 1.000000 3 0.670320 4 0.659552 5 0.539702 6 0.596257 7 0.868057 8 0.549777 9 0.000000 10 0.000000 
signalregion_dilepton_me up_jesEC2_2016 0 1.000000 3 0.670404 4 0.659585 5 0.539764 6 0.596235 7 0.867670 8 0.549229 9 0.000000 10 0.000000 
signalregion_dilepton_me up_jesFlavorQCD 0 1.000000 3 1.078342 4 1.113205 5 1.116377 6 1.175276 7 1.260085 8 1.133080 9 1.840032 10 3.372772 
signalregion_dilepton_me up_jesHF 0 1.000000 3 0.670396 4 0.659484 5 0.539776 6 0.596416 7 0.867526 8 0.545557 9 0.000000 10 0.000000 
signalregion_dilepton_me up_jesHF_2016 0 1.000000 3 0.670358 4 0.659313 5 0.539740 6 0.596385 7 0.867201 8 0.546084 9 0.000000 10 0.000000 
signalregion_dilepton_me up_jesRelativeBal 0 1.000000 3 1.084023 4 1.125504 5 1.125821 6 1.184888 7 1.274597 8 1.250088 9 2.007297 10 3.425644 
signalregion_dilepton_me up_jesRelativeSample_2016 0 1.000000 3 0.672206 4 0.654420 5 0.542603 6 0.577078 7 0.886049 8 0.514980 9 0.000000 10 0.000000 
signalregion_dilepton_me up_lf 0 1.000000 3 0.988191 4 1.029796 5 1.014624 6 1.049529 7 1.025992 8 1.154469 9 1.232446 10 2.950380 
signalregion_dilepton_me up_lfstats1 0 1.000000 3 1.020594 4 1.030672 5 1.013369 6 1.033626 7 1.051975 8 1.028803 9 1.601291 10 2.760657 
signalregion_dilepton_me up_lfstats2 0 1.000000 3 1.029827 4 1.041336 5 1.029143 6 1.050276 7 1.081413 8 1.056423 9 1.639902 10 2.594635 
signalregion_dilepton_minus central 0 1.000000 3 1.071093 4 1.121397 5 1.152371 6 1.175837 7 1.233455 8 1.202066 9 1.672389 10 1.423136 11 1.546701 
signalregion_dilepton_minus down_cferr1 0 1.000000 3 0.986083 4 1.022354 5 1.044723 6 1.016987 7 1.133378 8 1.089650 9 1.682855 10 1.423136 11 1.546701 
signalregion_dilepton_minus down_cferr2 0 1.000000 3 1.023268 4 1.064848 5 1.092496 6 1.081604 7 1.176639 8 1.146919 9 1.711991 10 1.423136 11 1.546701 
signalregion_dilepton_minus down_hf 0 1.000000 3 1.096647 4 1.175187 5 1.229557 6 1.256415 7 1.367292 8 1.328510 9 2.129178 10 1.822018 11 1.690530 
signalregion_dilepton_minus down_hfstats1 0 1.000000 3 1.049177 4 1.096892 5 1.121874 6 1.137798 7 1.197016 8 1.169825 9 1.646186 10 1.364312 11 1.384219 
signalregion_dilepton_minus down_hfstats2 0 1.000000 3 1.080467 4 1.131785 5 1.166242 6 1.190850 7 1.252377 8 1.216180 9 1.709882 10 1.441425 11 1.555421 
signalregion_dilepton_minus down_jes 0 1.000000 2 1.020064 3 1.079693 4 1.132574 5 1.172192 6 1.198034 7 1.235783 8 1.397413 9 1.501123 10 1.530407 11 1.620142 
signalregion_dilepton_minus down_jesAbsolute 0 1.000000 2 0.879492 3 0.651373 4 0.635487 5 0.589012 6 0.564819 7 0.843058 8 0.469449 9 1.024810 10 1.433780 11 1.575456 
signalregion_dilepton_minus down_jesAbsolute_2016 0 1.000000 2 0.888254 3 0.651176 4 0.634605 5 0.594965 6 0.534474 7 0.816498 8 0.465123 9 1.019883 10 1.441732 11 1.554271 
signalregion_dilepton_minus down_jesBBEC1 0 1.000000 2 1.030630 3 0.650397 4 0.637028 5 0.589108 6 0.556149 7 0.818397 8 0.469566 9 1.018841 10 1.451049 11 1.556030 
signalregion_dilepton_minus down_jesBBEC1_2016 0 1.000000 2 0.875849 3 0.650601 4 0.641161 5 0.591801 6 0.533994 7 0.798079 8 0.467840 9 1.016286 10 1.454515 11 1.549273 
signalregion_dilepton_minus down_jesEC2 0 1.000000 3 0.647837 4 0.640696 5 0.595078 6 0.525410 7 0.794015 8 0.471031 9 1.020351 10 1.421937 11 1.545663 
signalregion_dilepton_minus down_jesEC2_2016 0 1.000000 3 0.647759 4 0.640543 5 0.594969 6 0.525023 7 0.793686 8 0.470014 9 1.018178 10 1.422019 11 1.544650 
signalregion_dilepton_minus down_jesFlavorQCD 0 1.000000 2 1.041496 3 1.077148 4 1.127477 5 1.166740 6 1.186293 7 1.249337 8 1.271136 9 1.717683 10 1.479456 11 1.614394 
signalregion_dilepton_minus down_jesHF 0 1.000000 3 0.647796 4 0.640404 5 0.594716 6 0.525137 7 0.793958 8 0.468458 9 1.013992 10 1.424486 11 1.547754 
signalregion_dilepton_minus down_jesHF_2016 0 1.000000 3 0.647694 4 0.640282 5 0.594746 6 0.524940 7 0.793479 8 0.469981 9 1.014829 10 1.425457 11 1.548474 
signalregion_dilepton_minus down_jesRelativeBal 0 1.000000 3 1.070133 4 1.113658 5 1.157637 6 1.164636 7 1.240205 8 1.185857 9 1.651679 10 1.369816 11 1.548286 
signalregion_dilepton_minus down_jesRelativeSample_2016 0 1.000000 2 0.844704 3 0.649604 4 0.637070 5 0.586600 6 0.546402 7 0.792613 8 0.528670 9 1.013258 10 1.400484 11 1.568750 
signalregion_dilepton_minus down_lf 0 1.000000 3 1.159898 4 1.224501 5 1.280539 6 1.332037 7 1.383450 8 1.356895 9 1.976041 10 1.628097 11 2.414528 
signalregion_dilepton_minus down_lfstats1 0 1.000000 3 1.136474 4 1.220254 5 1.287045 6 1.346347 7 1.469365 8 1.489747 9 2.070717 10 1.935256 11 2.006471 
signalregion_dilepton_minus down_lfstats2 0 1.000000 3 1.126243 4 1.207088 5 1.268128 6 1.322026 7 1.433512 8 1.445631 9 2.034100 10 1.918721 11 1.925650 
signalregion_dilepton_minus up_cferr1 0 1.000000 3 1.165755 4 1.237591 5 1.281956 6 1.358208 7 1.342243 8 1.329945 9 1.696588 10 1.423136 11 1.546701 
signalregion_dilepton_minus up_cferr2 0 1.000000 3 1.129906 4 1.193717 5 1.232647 6 1.292077 7 1.300887 8 1.275801 9 1.668119 10 1.423136 11 1.546701 
signalregion_dilepton_minus up_hf 0 1.000000 3 1.037231 4 1.060389 5 1.063937 6 1.079553 7 1.083230 8 1.062212 9 1.296869 10 1.035802 11 1.365056 
signalregion_dilepton_minus up_hfstats1 0 1.000000 3 1.093275 4 1.146232 5 1.183420 6 1.215103 7 1.271537 8 1.234892 9 1.699981 10 1.482755 11 1.726839 
signalregion_dilepton_minus up_hfstats2 0 1.000000 3 1.061378 4 1.110653 5 1.138221 6 1.160685 7 1.214365 8 1.187552 9 1.636094 10 1.405007 11 1.535784 
signalregion_dilepton_minus up_jes 0 1.000000 3 1.062176 4 1.115357 5 1.139203 6 1.163742 7 1.252172 8 1.162364 9 1.577498 10 1.362016 11 1.510646 
signalregion_dilepton_minus up_jesAbsolute 0 1.000000 3 0.645195 4 0.644823 5 0.593283 6 0.521335 7 0.792102 8 0.481312 9 1.018841 10 1.379208 11 1.536030 
signalregion_dilepton_minus up_jesAbsolute_2016 0 1.000000 3 0.646169 4 0.642461 5 0.591931 6 0.518566 7 0.794976 8 0.480865 9 1.013613 10 1.440011 11 1.536262 
signalregion_dilepton_minus up_jesBBEC1 0 1.000000 3 0.646055 4 0.641303 5 0.590690 6 0.523718 7 0.781513 8 0.545995 9 0.999149 10 1.363669 11 1.521445 
signalregion_dilepton_minus up_jesBBEC1_2016 0 1.000000 3 0.647021 4 0.635845 5 0.603190 6 0.515219 7 0.758717 8 0.536741 9 1.002755 10 1.391317 11 1.547804 
signalregion_dilepton_minus up_jesEC2 0 1.000000 3 0.647686 4 0.640316 5 0.594929 6 0.524795 7 0.793164 8 0.469072 9 1.018715 10 1.421051 11 1.549455 
signalregion_dilepton_minus up_jesEC2_2016 0 1.000000 3 0.647728 4 0.640415 5 0.594983 6 0.524745 7 0.792865 8 0.469488 9 1.017318 10 1.416500 11 1.551104 
signalregion_dilepton_minus up_jesFlavorQCD 0 1.000000 3 1.066294 4 1.114812 5 1.150710 6 1.168767 7 1.253621 8 1.172273 9 1.617339 10 1.386657 11 1.513070 
signalregion_dilepton_minus up_jesHF 0 1.000000 3 0.647677 4 0.640315 5 0.595170 6 0.525628 7 0.793810 8 0.468227 9 1.014406 10 1.415873 11 1.549300 
signalregion_dilepton_minus up_jesHF_2016 0 1.000000 3 0.647632 4 0.640294 5 0.594819 6 0.524855 7 0.793269 8 0.470282 9 1.013838 10 1.421740 11 1.547976 
signalregion_dilepton_minus up_jesRelativeBal 0 1.000000 2 1.034675 3 1.073132 4 1.124793 5 1.157525 6 1.181905 7 1.240828 8 1.214851 9 1.686545 10 1.469998 11 1.551143 
signalregion_dilepton_minus up_jesRelativeSample_2016 0 1.000000 2 1.016747 3 0.645824 4 0.643662 5 0.585444 6 0.532281 7 0.796421 8 0.478758 9 1.030070 10 1.401986 11 1.539042 
signalregion_dilepton_minus up_lf 0 1.000000 3 0.983142 4 1.019686 5 1.026542 6 1.025736 7 1.097104 8 1.046968 9 1.412607 10 1.225892 11 0.944107 
signalregion_dilepton_minus up_lfstats1 0 1.000000 3 1.009393 4 1.030563 5 1.031520 6 1.025945 7 1.033921 8 0.970059 9 1.361789 10 1.043563 11 1.188152 
signalregion_dilepton_minus up_lfstats2 0 1.000000 3 1.018639 4 1.042038 5 1.047104 6 1.045311 7 1.060171 8 0.999773 9 1.388367 10 1.052794 11 1.239155 
signalregion_dilepton_mm central 0 1.000000 3 1.059140 4 1.137444 5 1.128155 6 1.173664 7 1.177579 8 1.376200 9 1.204660 
signalregion_dilepton_mm down_cferr1 0 1.000000 3 0.966340 4 1.037393 5 1.024744 6 0.994391 7 1.145511 8 1.078513 9 1.204660 
signalregion_dilepton_mm down_cferr2 0 1.000000 3 1.006266 4 1.082191 5 1.071317 6 1.066852 7 1.163733 8 1.188474 9 1.204660 
signalregion_dilepton_mm down_hf 0 1.000000 3 1.086015 4 1.196473 5 1.184175 6 1.237008 7 1.322572 8 1.589042 9 1.358524 
signalregion_dilepton_mm down_hfstats1 0 1.000000 3 1.040646 4 1.114121 5 1.098963 6 1.141711 7 1.159739 8 1.338843 9 1.204506 
signalregion_dilepton_mm down_hfstats2 0 1.000000 3 1.067276 4 1.148223 5 1.140062 6 1.183860 7 1.186986 8 1.386839 9 1.248026 
signalregion_dilepton_mm down_jes 0 1.000000 2 1.027744 3 1.066323 4 1.144600 5 1.141197 6 1.204498 7 1.168837 8 1.317355 9 1.390935 
signalregion_dilepton_mm down_jesAbsolute 0 1.000000 2 0.887796 3 0.593862 4 0.664820 5 0.607029 6 0.510504 7 0.958895 8 0.683844 9 1.202202 
signalregion_dilepton_mm down_jesAbsolute_2016 0 1.000000 2 1.043341 3 0.597630 4 0.658149 5 0.623775 6 0.475993 7 0.959469 8 0.672420 9 1.198859 
signalregion_dilepton_mm down_jesBBEC1 0 1.000000 2 1.040486 3 0.594954 4 0.661042 5 0.614357 6 0.498511 7 0.963049 8 0.678496 9 1.196649 
signalregion_dilepton_mm down_jesBBEC1_2016 0 1.000000 2 1.055336 3 0.593649 4 0.672588 5 0.614309 6 0.464793 7 0.966080 8 0.676886 9 1.195483 
signalregion_dilepton_mm down_jesEC2 0 1.000000 3 0.591748 4 0.671408 5 0.623203 6 0.452322 7 0.963225 8 0.679528 9 1.210197 
signalregion_dilepton_mm down_jesEC2_2016 0 1.000000 3 0.591643 4 0.671175 5 0.623118 6 0.451809 7 0.962567 8 0.678198 9 1.209012 
signalregion_dilepton_mm down_jesFlavorQCD 0 1.000000 2 1.043809 3 1.063937 4 1.139975 5 1.137940 6 1.201406 7 1.164952 8 1.317205 9 1.418426 
signalregion_dilepton_mm down_jesHF 0 1.000000 3 0.591698 4 0.670996 5 0.623076 6 0.452240 7 0.960933 8 0.674032 9 1.207265 
signalregion_dilepton_mm down_jesHF_2016 0 1.000000 3 0.591660 4 0.670877 5 0.623254 6 0.452088 7 0.961397 8 0.676685 9 1.205998 
signalregion_dilepton_mm down_jesRelativeBal 0 1.000000 3 1.060295 4 1.128400 5 1.134087 6 1.170746 7 1.181157 8 1.317236 9 1.203788 
signalregion_dilepton_mm down_jesRelativeSample_2016 0 1.000000 2 1.024334 3 0.594584 4 0.667321 5 0.605627 6 0.475267 7 0.959053 8 0.672333 9 1.207870 
signalregion_dilepton_mm down_lf 0 1.000000 3 1.134558 4 1.232409 5 1.249541 6 1.309130 7 1.261653 8 1.555471 9 1.234325 
signalregion_dilepton_mm down_lfstats1 0 1.000000 3 1.124009 4 1.240730 5 1.262970 6 1.338385 7 1.419293 8 1.664481 9 1.468140 
signalregion_dilepton_mm down_lfstats2 0 1.000000 3 1.114456 4 1.226827 5 1.242420 6 1.312473 7 1.387018 8 1.635530 9 1.436058 
signalregion_dilepton_mm up_cferr1 0 1.000000 3 1.162728 4 1.248612 5 1.246317 6 1.388110 7 1.220524 8 1.765177 9 1.204660 
signalregion_dilepton_mm up_cferr2 0 1.000000 3 1.124552 4 1.205330 5 1.200935 6 1.310618 7 1.203033 8 1.619307 9 1.204660 
signalregion_dilepton_mm up_hf 0 1.000000 3 1.026035 4 1.070486 5 1.058146 6 1.093588 7 1.024185 8 1.161257 9 1.037683 
signalregion_dilepton_mm up_hfstats1 0 1.000000 3 1.077714 4 1.161038 5 1.157939 6 1.206263 7 1.194654 8 1.413979 9 1.204005 
signalregion_dilepton_mm up_hfstats2 0 1.000000 3 1.050661 4 1.126331 5 1.115924 6 1.162801 7 1.167672 8 1.364927 9 1.162176 
signalregion_dilepton_mm up_jes 0 1.000000 3 1.052524 4 1.133631 5 1.105318 6 1.181628 7 1.171116 8 1.336204 9 1.225445 
signalregion_dilepton_mm up_jesAbsolute 0 1.000000 3 0.592736 4 0.665314 5 0.622437 6 0.443441 7 0.962365 8 0.700888 9 1.224296 
signalregion_dilepton_mm up_jesAbsolute_2016 0 1.000000 3 0.593740 4 0.672055 5 0.612853 6 0.461335 7 0.966327 8 0.696477 9 1.214466 
signalregion_dilepton_mm up_jesBBEC1 0 1.000000 3 0.592102 4 0.670382 5 0.622569 6 0.452765 7 0.949013 8 0.785104 9 1.209077 
signalregion_dilepton_mm up_jesBBEC1_2016 0 1.000000 3 0.590416 4 0.664480 5 0.643403 6 0.444150 7 0.949197 8 0.772074 9 1.204506 
signalregion_dilepton_mm up_jesEC2 0 1.000000 3 0.591569 4 0.670840 5 0.623259 6 0.452253 7 0.963327 8 0.675906 9 1.208217 
signalregion_dilepton_mm up_jesEC2_2016 0 1.000000 3 0.591666 4 0.670891 5 0.623576 6 0.452031 7 0.962891 8 0.677402 9 1.208284 
signalregion_dilepton_mm up_jesFlavorQCD 0 1.000000 3 1.054954 4 1.135298 5 1.120226 6 1.176691 7 1.175815 8 1.338159 9 1.229753 
signalregion_dilepton_mm up_jesHF 0 1.000000 3 0.591666 4 0.670983 5 0.623384 6 0.452390 7 0.961989 8 0.673656 9 1.206673 
signalregion_dilepton_mm up_jesHF_2016 0 1.000000 3 0.591576 4 0.670886 5 0.623256 6 0.452043 7 0.961405 8 0.677228 9 1.205442 
signalregion_dilepton_mm up_jesRelativeBal 0 1.000000 2 1.023561 3 1.061629 4 1.141492 5 1.133619 6 1.182344 7 1.184037 8 1.397300 9 1.200154 
signalregion_dilepton_mm up_jesRelativeSample_2016 0 1.000000 2 0.950392 3 0.591318 4 0.672172 5 0.600199 6 0.492989 7 0.969128 8 0.702347 9 1.211010 
signalregion_dilepton_mm up_lf 0 1.000000 3 0.983155 4 1.042617 5 1.010053 6 1.042284 7 1.082773 8 1.192163 9 1.153259 
signalregion_dilepton_mm up_lfstats1 0 1.000000 3 0.998317 4 1.042569 5 1.007413 6 1.027604 7 0.976359 8 1.138660 9 0.984676 
signalregion_dilepton_mm up_lfstats2 0 1.000000 3 1.006912 4 1.054649 5 1.024278 6 1.048528 7 1.000144 8 1.160636 9 1.008006 
signalregion_dilepton_plus central 0 1.000000 3 1.071070 4 1.113520 5 1.134801 6 1.207035 7 1.249142 8 1.318103 9 0.998589 10 2.857116 
signalregion_dilepton_plus down_cferr1 0 1.000000 3 0.987857 4 1.013914 5 1.026765 6 1.025656 7 1.121092 8 1.119969 9 0.998589 10 2.508846 
signalregion_dilepton_plus down_cferr2 0 1.000000 3 1.024293 4 1.057675 5 1.073804 6 1.098085 7 1.171733 8 1.181400 9 0.998589 10 2.754175 
signalregion_dilepton_plus down_hf 0 1.000000 3 1.100203 4 1.163204 5 1.197160 6 1.292033 7 1.372788 8 1.533284 9 1.089897 10 3.913404 
signalregion_dilepton_plus down_hfstats1 0 1.000000 3 1.049255 4 1.088389 5 1.106531 6 1.177257 7 1.198722 8 1.302659 9 0.990897 10 2.735079 
signalregion_dilepton_plus down_hfstats2 0 1.000000 3 1.080107 4 1.125500 5 1.147041 6 1.222867 7 1.265183 8 1.345225 9 1.029986 10 2.927010 
signalregion_dilepton_plus down_jes 0 1.000000 2 1.013960 3 1.076193 4 1.120004 5 1.138428 6 1.234059 7 1.302255 8 1.319890 10 2.985477 
signalregion_dilepton_plus down_jesAbsolute 0 1.000000 2 0.933055 3 0.646210 4 0.646162 5 0.588378 6 0.542458 7 0.770921 8 0.487544 9 0.983135 10 0.000000 
signalregion_dilepton_plus down_jesAbsolute_2016 0 1.000000 2 0.940211 3 0.650156 4 0.641344 5 0.597637 6 0.527486 7 0.782539 8 0.484596 9 0.989245 10 0.000000 
signalregion_dilepton_plus down_jesBBEC1 0 1.000000 2 0.943584 3 0.649808 4 0.642882 5 0.597010 6 0.528075 7 0.762193 8 0.558863 9 1.000107 10 0.000000 
signalregion_dilepton_plus down_jesBBEC1_2016 0 1.000000 3 0.649842 4 0.645563 5 0.597380 6 0.526586 7 0.760952 8 0.484090 9 1.003782 10 0.000000 
signalregion_dilepton_plus down_jesEC2 0 1.000000 3 0.648718 4 0.647684 5 0.594400 6 0.525300 7 0.735506 8 0.554738 9 0.999565 10 0.000000 
signalregion_dilepton_plus down_jesEC2_2016 0 1.000000 3 0.648598 4 0.647506 5 0.594294 6 0.525271 7 0.734758 8 0.553933 9 0.999902 10 0.000000 
signalregion_dilepton_plus down_jesFlavorQCD 0 1.000000 2 1.007925 3 1.073626 4 1.118685 5 1.135032 6 1.223817 7 1.294010 8 1.314629 10 2.926133 
signalregion_dilepton_plus down_jesHF 0 1.000000 3 0.648501 4 0.647606 5 0.594295 6 0.525208 7 0.734305 8 0.553215 9 0.998936 10 0.000000 
signalregion_dilepton_plus down_jesHF_2016 0 1.000000 3 0.648482 4 0.647415 5 0.594228 6 0.525358 7 0.734436 8 0.554589 9 0.998504 10 0.000000 
signalregion_dilepton_plus down_jesRelativeBal 0 1.000000 3 1.069673 4 1.110418 5 1.129917 6 1.200875 7 1.242291 8 1.304734 9 0.991920 10 2.802335 
signalregion_dilepton_plus down_jesRelativeSample_2016 0 1.000000 2 0.941814 3 0.644627 4 0.648315 5 0.581003 6 0.541006 7 0.708359 8 0.615966 9 0.989298 10 0.000000 
signalregion_dilepton_plus down_lf 0 1.000000 3 1.162936 4 1.216251 5 1.252549 6 1.329578 7 1.459056 8 1.384245 9 1.031778 10 3.065940 
signalregion_dilepton_plus down_lfstats1 0 1.000000 3 1.136696 4 1.212061 5 1.266224 6 1.366989 7 1.477511 8 1.575117 9 1.258595 10 3.466695 
signalregion_dilepton_plus down_lfstats2 0 1.000000 3 1.126898 4 1.198346 5 1.246895 6 1.348017 7 1.451333 8 1.559369 9 1.210150 10 3.669610 
signalregion_dilepton_plus up_cferr1 0 1.000000 3 1.165400 4 1.224802 5 1.261277 6 1.441047 7 1.413910 8 1.613353 9 0.998589 10 3.276401 
signalregion_dilepton_plus up_cferr2 0 1.000000 3 1.129930 4 1.181999 5 1.214479 6 1.351214 7 1.354586 8 1.517630 9 0.998589 10 3.043828 
signalregion_dilepton_plus up_hf 0 1.000000 3 1.036026 4 1.055207 5 1.061731 6 1.107105 7 1.109760 8 1.113321 9 0.896612 10 1.991562 
signalregion_dilepton_plus up_hfstats1 0 1.000000 3 1.093273 4 1.139211 5 1.163667 6 1.236809 7 1.301675 8 1.332861 9 1.005204 10 2.978862 
signalregion_dilepton_plus up_hfstats2 0 1.000000 3 1.061743 4 1.101166 5 1.122062 6 1.190655 7 1.232260 8 1.290549 9 0.967605 10 2.779283 
signalregion_dilepton_plus up_jes 0 1.000000 3 1.064650 4 1.106083 5 1.119842 6 1.204016 7 1.201821 8 1.313944 9 1.064429 10 2.620713 
signalregion_dilepton_plus up_jesAbsolute 0 1.000000 3 0.648710 4 0.648204 5 0.573618 6 0.536957 7 0.717132 8 0.610538 9 1.002335 10 0.000000 
signalregion_dilepton_plus up_jesAbsolute_2016 0 1.000000 3 0.649509 4 0.647900 5 0.577716 6 0.551683 7 0.710984 8 0.611617 9 0.999074 10 0.000000 
signalregion_dilepton_plus up_jesBBEC1 0 1.000000 3 0.649896 4 0.643382 5 0.586445 6 0.536748 7 0.710060 8 0.610348 9 0.998735 10 0.000000 
signalregion_dilepton_plus up_jesBBEC1_2016 0 1.000000 3 0.647889 4 0.645618 5 0.592296 6 0.516548 7 0.743578 8 0.544417 9 0.997361 10 0.000000 
signalregion_dilepton_plus up_jesEC2 0 1.000000 3 0.648437 4 0.647330 5 0.594315 6 0.525211 7 0.734969 8 0.555424 9 0.998776 10 0.000000 
signalregion_dilepton_plus up_jesEC2_2016 0 1.000000 3 0.648497 4 0.647358 5 0.594387 6 0.525279 7 0.734772 8 0.556126 9 0.999567 10 0.000000 
signalregion_dilepton_plus up_jesFlavorQCD 0 1.000000 3 1.067018 4 1.107202 5 1.126107 6 1.209308 7 1.221096 8 1.302000 9 1.058736 10 2.758945 
signalregion_dilepton_plus up_jesHF 0 1.000000 3 0.648512 4 0.647454 5 0.594145 6 0.524865 7 0.733027 8 0.554544 9 0.998942 10 0.000000 
signalregion_dilepton_plus up_jesHF_2016 0 1.000000 3 0.648434 4 0.647301 5 0.594101 6 0.524955 7 0.734217 8 0.553834 9 0.998481 10 0.000000 
signalregion_dilepton_plus up_jesRelativeBal 0 1.000000 2 0.940068 3 1.072840 4 1.117687 5 1.132660 6 1.218493 7 1.262635 8 1.319530 9 1.007354 10 2.892281 
signalregion_dilepton_plus up_jesRelativeSample_2016 0 1.000000 3 0.650791 4 0.652469 5 0.569924 6 0.546159 7 0.749815 8 0.465284 9 1.000455 10 0.000000 
signalregion_dilepton_plus up_lf 0 1.000000 3 0.981422 4 1.012610 5 1.018831 6 1.085374 7 1.051709 8 1.233033 9 0.945733 10 2.608885 
signalregion_dilepton_plus up_lfstats1 0 1.000000 3 1.009325 4 1.022912 5 1.016882 6 1.063818 7 1.055202 8 1.102224 9 0.792797 10 2.337558 
signalregion_dilepton_plus up_lfstats2 0 1.000000 3 1.018256 4 1.034832 5 1.032838 6 1.079718 7 1.075408 8 1.116360 9 0.824532 10 2.217094 
signalregion_trilepton central 0 1.000000 2 0.967534 3 1.467698 4 1.499347 
signalregion_trilepton down_cferr1 0 1.000000 2 0.897778 3 1.437298 4 1.361997 
signalregion_trilepton down_cferr2 0 1.000000 2 0.925976 3 1.522383 4 1.418823 
signalregion_trilepton down_hf 0 1.000000 2 0.972534 3 1.601433 4 1.633504 
signalregion_trilepton down_hfstats1 0 1.000000 2 0.962001 3 1.413406 4 1.504832 
signalregion_trilepton down_hfstats2 0 1.000000 2 0.973357 3 1.466671 4 1.504692 
signalregion_trilepton down_jes 0 1.000000 2 0.960857 3 1.495737 4 1.574844 
signalregion_trilepton down_jesAbsolute 0 1.000000 2 0.630547 3 0.823434 4 0.692936 
signalregion_trilepton down_jesAbsolute_2016 0 1.000000 2 0.631541 3 0.811807 4 0.690135 
signalregion_trilepton down_jesBBEC1 0 1.000000 2 0.633096 3 0.811339 4 0.689846 
signalregion_trilepton down_jesBBEC1_2016 0 1.000000 2 0.631314 3 0.809902 4 0.686807 
signalregion_trilepton down_jesEC2 0 1.000000 2 0.633243 3 0.808984 4 0.689683 
signalregion_trilepton down_jesEC2_2016 0 1.000000 2 0.633397 3 0.809648 4 0.689736 
signalregion_trilepton down_jesFlavorQCD 0 1.000000 2 0.963650 3 1.485752 4 1.543015 
signalregion_trilepton down_jesHF 0 1.000000 2 0.633181 3 0.803261 4 0.686053 
signalregion_trilepton down_jesHF_2016 0 1.000000 2 0.633352 3 0.806826 4 0.686387 
signalregion_trilepton down_jesRelativeBal 0 1.000000 2 0.968465 3 1.468813 4 1.505317 
signalregion_trilepton down_jesRelativeSample_2016 0 1.000000 2 0.630650 3 0.809855 4 0.701957 
signalregion_trilepton down_lf 0 1.000000 2 0.994563 3 1.704952 4 1.484405 
signalregion_trilepton down_lfstats1 0 1.000000 2 1.011518 3 1.542898 4 1.619305 
signalregion_trilepton down_lfstats2 0 1.000000 2 1.001865 3 1.550525 4 1.629873 
signalregion_trilepton up_cferr1 0 1.000000 2 1.045513 3 1.485226 4 1.662279 
signalregion_trilepton up_cferr2 0 1.000000 2 1.018221 3 1.407594 4 1.606647 
signalregion_trilepton up_hf 0 1.000000 2 0.956949 3 1.320558 4 1.360885 
signalregion_trilepton up_hfstats1 0 1.000000 2 0.972566 3 1.524202 4 1.493691 
signalregion_trilepton up_hfstats2 0 1.000000 2 0.961358 3 1.467372 4 1.494082 
signalregion_trilepton up_jes 0 1.000000 2 0.973776 3 1.450948 4 1.401214 5 1.592149 
signalregion_trilepton up_jesAbsolute 0 1.000000 2 0.634028 3 0.803984 4 0.707928 
signalregion_trilepton up_jesAbsolute_2016 0 1.000000 2 0.632891 3 0.804146 4 0.687502 
signalregion_trilepton up_jesBBEC1 0 1.000000 2 0.633950 3 0.801944 4 0.688954 
signalregion_trilepton up_jesBBEC1_2016 0 1.000000 2 0.634187 3 0.802333 4 0.689092 
signalregion_trilepton up_jesEC2 0 1.000000 2 0.632777 3 0.805576 4 0.687663 
signalregion_trilepton up_jesEC2_2016 0 1.000000 2 0.632631 3 0.806125 4 0.687914 
signalregion_trilepton up_jesFlavorQCD 0 1.000000 2 0.969274 3 1.453344 4 1.393917 5 1.638699 
signalregion_trilepton up_jesHF 0 1.000000 2 0.632786 3 0.808844 4 0.687593 
signalregion_trilepton up_jesHF_2016 0 1.000000 2 0.633152 3 0.808961 4 0.686723 
signalregion_trilepton up_jesRelativeBal 0 1.000000 2 0.966695 3 1.472164 4 1.523137 
signalregion_trilepton up_jesRelativeSample_2016 0 1.000000 2 0.633013 3 0.815332 4 0.711227 
signalregion_trilepton up_lf 0 1.000000 2 0.934610 3 1.248874 4 1.506539 
signalregion_trilepton up_lfstats1 0 1.000000 2 0.925792 3 1.368236 4 1.388034 
signalregion_trilepton up_lfstats2 0 1.000000 2 0.934590 3 1.370532 4 1.379193 
trileptoncontrolregion central 0 1.000000 1 1.000000 
trileptoncontrolregion down_cferr1 0 1.000000 1 0.869265 
trileptoncontrolregion down_cferr2 0 1.000000 1 0.934907 
trileptoncontrolregion down_hf 0 1.000000 1 1.000000 
trileptoncontrolregion down_hfstats1 0 1.000000 1 1.000000 
trileptoncontrolregion down_hfstats2 0 1.000000 1 1.000000 
trileptoncontrolregion down_jes 0 1.000000 1 1.000000 
trileptoncontrolregion down_jesAbsolute 0 1.000000 1 0.000000 
trileptoncontrolregion down_jesAbsolute_2016 0 1.000000 1 0.000000 
trileptoncontrolregion down_jesBBEC1 0 1.000000 1 0.000000 
trileptoncontrolregion down_jesBBEC1_2016 0 1.000000 1 0.000000 
trileptoncontrolregion down_jesEC2 0 1.000000 1 0.000000 
trileptoncontrolregion down_jesEC2_2016 0 1.000000 1 0.000000 
trileptoncontrolregion down_jesFlavorQCD 0 1.000000 1 1.000000 
trileptoncontrolregion down_jesHF 0 1.000000 1 0.000000 
trileptoncontrolregion down_jesHF_2016 0 1.000000 1 0.000000 
trileptoncontrolregion down_jesRelativeBal 0 1.000000 1 1.000000 
trileptoncontrolregion down_jesRelativeSample_2016 0 1.000000 1 0.000000 
trileptoncontrolregion down_lf 0 1.000000 1 1.000000 
trileptoncontrolregion down_lfstats1 0 1.000000 1 1.000000 
trileptoncontrolregion down_lfstats2 0 1.000000 1 1.000000 
trileptoncontrolregion up_cferr1 0 1.000000 1 1.162474 
trileptoncontrolregion up_cferr2 0 1.000000 1 1.098122 
trileptoncontrolregion up_hf 0 1.000000 1 1.000000 
trileptoncontrolregion up_hfstats1 0 1.000000 1 1.000000 
trileptoncontrolregion up_hfstats2 0 1.000000 1 1.000000 
trileptoncontrolregion up_jes 0 1.000000 2 1.022365 
trileptoncontrolregion up_jesAbsolute 0 1.000000 1 0.000000 
trileptoncontrolregion up_jesAbsolute_2016 0 1.000000 1 0.000000 
trileptoncontrolregion up_jesBBEC1 0 1.000000 1 0.000000 
trileptoncontrolregion up_jesBBEC1_2016 0 1.000000 1 0.000000 
trileptoncontrolregion up_jesEC2 0 1.000000 1 0.000000 
trileptoncontrolregion up_jesEC2_2016 0 1.000000 1 0.000000 
trileptoncontrolregion up_jesFlavorQCD 0 1.000000 2 1.029736 
trileptoncontrolregion up_jesHF 0 1.000000 1 0.000000 
trileptoncontrolregion up_jesHF_2016 0 1.000000 1 0.000000 
trileptoncontrolregion up_jesRelativeBal 0 1.000000 1 1.000000 
trileptoncontrolregion up_jesRelativeSample_2016 0 1.000000 1 0.000000 
trileptoncontrolregion up_lf 0 1.000000 1 1.000000 
trileptoncontrolregion up_lfstats1 0 1.000000 1 1.000000 
trileptoncontrolregion up_lfstats2 0 1.000000 1 1.000000 
wzcontrolregion central 0 1.000000 1 1.000000 3 1.085495 6 1.177902 
wzcontrolregion down_cferr1 0 1.000000 1 0.869265 3 0.937506 6 1.177902 
wzcontrolregion down_cferr2 0 1.000000 1 0.934907 3 0.986922 6 1.177902 
wzcontrolregion down_hf 0 1.000000 1 1.000000 3 1.089351 6 1.134333 
wzcontrolregion down_hfstats1 0 1.000000 1 1.000000 3 1.046262 6 1.037962 
wzcontrolregion down_hfstats2 0 1.000000 1 1.000000 3 1.083593 6 1.289179 
wzcontrolregion down_jes 0 1.000000 1 1.000000 3 1.060519 6 1.198909 
wzcontrolregion down_jesAbsolute 0 1.000000 1 0.000000 3 0.748854 6 1.181007 
wzcontrolregion down_jesAbsolute_2016 0 1.000000 1 0.000000 3 0.756292 6 1.178676 
wzcontrolregion down_jesBBEC1 0 1.000000 1 0.000000 3 0.756732 6 1.181402 
wzcontrolregion down_jesBBEC1_2016 0 1.000000 1 0.000000 3 0.763464 6 1.187108 
wzcontrolregion down_jesEC2 0 1.000000 1 0.000000 3 0.762964 6 1.176333 
wzcontrolregion down_jesEC2_2016 0 1.000000 1 0.000000 3 0.762531 6 1.177398 
wzcontrolregion down_jesFlavorQCD 0 1.000000 1 1.000000 3 1.069084 6 1.188742 
wzcontrolregion down_jesHF 0 1.000000 1 0.000000 3 0.762595 6 1.178734 
wzcontrolregion down_jesHF_2016 0 1.000000 1 0.000000 3 0.763067 6 1.177362 
wzcontrolregion down_jesRelativeBal 0 1.000000 1 1.000000 3 1.085459 6 1.162249 
wzcontrolregion down_jesRelativeSample_2016 0 1.000000 1 0.000000 3 0.755803 6 1.166483 
wzcontrolregion down_lf 0 1.000000 1 1.000000 3 1.226991 6 1.572942 
wzcontrolregion down_lfstats1 0 1.000000 1 1.000000 3 1.166545 6 1.355052 
wzcontrolregion down_lfstats2 0 1.000000 1 1.000000 3 1.148963 6 1.311705 
wzcontrolregion up_cferr1 0 1.000000 1 1.162474 3 1.220525 6 1.177902 
wzcontrolregion up_cferr2 0 1.000000 1 1.098122 3 1.178168 6 1.177902 
wzcontrolregion up_hf 0 1.000000 1 1.000000 3 1.069699 6 1.192039 
wzcontrolregion up_hfstats1 0 1.000000 1 1.000000 3 1.126105 6 1.334840 
wzcontrolregion up_hfstats2 0 1.000000 1 1.000000 3 1.086045 6 1.070136 
wzcontrolregion up_jes 0 1.000000 2 1.022365 3 1.114813 6 1.165978 
wzcontrolregion up_jesAbsolute 0 1.000000 1 0.000000 3 0.777227 6 1.176768 
wzcontrolregion up_jesAbsolute_2016 0 1.000000 1 0.000000 3 0.769739 6 1.169221 
wzcontrolregion up_jesBBEC1 0 1.000000 1 0.000000 3 0.766924 6 1.161171 
wzcontrolregion up_jesBBEC1_2016 0 1.000000 1 0.000000 3 0.761147 6 1.164970 
wzcontrolregion up_jesEC2 0 1.000000 1 0.000000 3 0.763770 6 1.176713 
wzcontrolregion up_jesEC2_2016 0 1.000000 1 0.000000 3 0.763575 6 1.177079 
wzcontrolregion up_jesFlavorQCD 0 1.000000 2 1.029736 3 1.104723 6 1.168142 
wzcontrolregion up_jesHF 0 1.000000 1 0.000000 3 0.763574 6 1.173248 
wzcontrolregion up_jesHF_2016 0 1.000000 1 0.000000 3 0.762908 6 1.177008 
wzcontrolregion up_jesRelativeBal 0 1.000000 1 1.000000 3 1.084242 6 1.184573 
wzcontrolregion up_jesRelativeSample_2016 0 1.000000 1 0.000000 3 0.772992 6 1.179848 
wzcontrolregion up_lf 0 1.000000 1 1.000000 3 0.943552 6 0.848763 
wzcontrolregion up_lfstats1 0 1.000000 1 1.000000 3 1.009512 6 1.021495 
wzcontrolregion up_lfstats2 0 1.000000 1 1.000000 3 1.024584 6 1.057740 
zgcontrolregion central 0 1.000000 4 1.625411 
zgcontrolregion down_cferr1 0 1.000000 4 1.350711 
zgcontrolregion down_cferr2 0 1.000000 4 1.464363 
zgcontrolregion down_hf 0 1.000000 4 1.792283 
zgcontrolregion down_hfstats1 0 1.000000 4 1.630928 
zgcontrolregion down_hfstats2 0 1.000000 4 1.629567 
zgcontrolregion down_jes 0 1.000000 4 1.735795 
zgcontrolregion down_jesAbsolute 0 1.000000 4 0.000000 
zgcontrolregion down_jesAbsolute_2016 0 1.000000 4 0.000000 
zgcontrolregion down_jesBBEC1 0 1.000000 4 0.000000 
zgcontrolregion down_jesBBEC1_2016 0 1.000000 4 0.000000 
zgcontrolregion down_jesEC2 0 1.000000 4 0.000000 
zgcontrolregion down_jesEC2_2016 0 1.000000 4 0.000000 
zgcontrolregion down_jesFlavorQCD 0 1.000000 4 1.693231 
zgcontrolregion down_jesHF 0 1.000000 4 0.000000 
zgcontrolregion down_jesHF_2016 0 1.000000 4 0.000000 
zgcontrolregion down_jesRelativeBal 0 1.000000 4 1.583673 
zgcontrolregion down_jesRelativeSample_2016 0 1.000000 4 0.000000 
zgcontrolregion down_lf 0 1.000000 4 1.615813 
zgcontrolregion down_lfstats1 0 1.000000 4 1.727034 
zgcontrolregion down_lfstats2 0 1.000000 4 1.761172 
zgcontrolregion up_cferr1 0 1.000000 4 1.951274 
zgcontrolregion up_cferr2 0 1.000000 4 1.840012 
zgcontrolregion up_hf 0 1.000000 4 1.461014 
zgcontrolregion up_hfstats1 0 1.000000 4 1.619772 
zgcontrolregion up_hfstats2 0 1.000000 4 1.621301 
zgcontrolregion up_jes 0 1.000000 5 1.592149 
zgcontrolregion up_jesAbsolute 0 1.000000 4 0.000000 
zgcontrolregion up_jesAbsolute_2016 0 1.000000 4 0.000000 
zgcontrolregion up_jesBBEC1 0 1.000000 4 0.000000 
zgcontrolregion up_jesBBEC1_2016 0 1.000000 4 0.000000 
zgcontrolregion up_jesEC2 0 1.000000 4 0.000000 
zgcontrolregion up_jesEC2_2016 0 1.000000 4 0.000000 
zgcontrolregion up_jesFlavorQCD 0 1.000000 5 1.638699 
zgcontrolregion up_jesHF 0 1.000000 4 0.000000 
zgcontrolregion up_jesHF_2016 0 1.000000 4 0.000000 
zgcontrolregion up_jesRelativeBal 0 1.000000 4 1.662138 
zgcontrolregion up_jesRelativeSample_2016 0 1.000000 4 0.000000 
zgcontrolregion up_lf 0 1.000000 4 1.628592 
zgcontrolregion up_lfstats1 0 1.000000 4 1.530865 
zgcontrolregion up_lfstats2 0 1.000000 4 1.501758 
zzcontrolregion central 0 1.000000 
zzcontrolregion down_cferr1 0 1.000000 
zzcontrolregion down_cferr2 0 1.000000 
zzcontrolregion down_hf 0 1.000000 
zzcontrolregion down_hfstats1 0 1.000000 
zzcontrolregion down_hfstats2 0 1.000000 
zzcontrolregion down_jes 0 1.000000 
zzcontrolregion down_jesAbsolute 0 1.000000 
zzcontrolregion down_jesAbsolute_2016 0 1.000000 
zzcontrolregion down_jesBBEC1 0 1.000000 
zzcontrolregion down_jesBBEC1_2016 0 1.000000 
zzcontrolregion down_jesEC2 0 1.000000 
zzcontrolregion down_jesEC2_2016 0 1.000000 
zzcontrolregion down_jesFlavorQCD 0 1.000000 
zzcontrolregion down_jesHF 0 1.000000 
zzcontrolregion down_jesHF_2016 0 1.000000 
zzcontrolregion down_jesRelativeBal 0 1.000000 
zzcontrolregion down_jesRelativeSample_2016 0 1.000000 
zzcontrolregion down_lf 0 1.000000 
zzcontrolregion down_lfstats1 0 1.000000 
zzcontrolregion down_lfstats2 0 1.000000 
zzcontrolregion up_cferr1 0 1.000000 
zzcontrolregion up_cferr2 0 1.000000 
zzcontrolregion up_hf 0 1.000000 
zzcontrolregion up_hfstats1 0 1.000000 
zzcontrolregion up_hfstats2 0 1.000000 
zzcontrolregion up_jes 0 1.000000 
zzcontrolregion up_jesAbsolute 0 1.000000 
zzcontrolregion up_jesAbsolute_2016 0 1.000000 
zzcontrolregion up_jesBBEC1 0 1.000000 
zzcontrolregion up_jesBBEC1_2016 0 1.000000 
zzcontrolregion up_jesEC2 0 1.000000 
zzcontrolregion up_jesEC2_2016 0 1.000000 
zzcontrolregion up_jesFlavorQCD 0 1.000000 
zzcontrolregion up_jesHF 0 1.000000 
zzcontrolregion up_jesHF_2016 0 1.000000 
zzcontrolregion up_jesRelativeBal 0 1.000000 
zzcontrolregion up_jesRelativeSample_2016 0 1.000000 
zzcontrolregion up_lf 0 1.000000 
zzcontrolregion up_lfstats1 0 1.000000 
zzcontrolregion up_lfstats2 0 1.000000 
